15	11	03	21	29	32
15	11	03	21	29	45
15	11	03	21	30	00
15	11	03	21	30	13
15	11	03	21	30	19
15	11	03	21	30	29
15	11	03	21	30	46
15	11	03	21	31	23
15	11	03	21	31	36
15	11	03	21	32	03
15	11	03	21	32	40
15	11	03	21	32	50
15	11	03	21	33	03
15	11	03	21	33	19
15	11	03	21	33	31
15	11	03	21	33	49
15	11	03	21	34	04
15	11	03	21	34	47
15	11	03	21	35	32
15	11	03	21	35	54
15	11	03	21	36	35
15	11	03	21	37	03
15	11	03	21	37	29
15	11	03	21	37	52
15	11	03	21	38	00
15	11	03	21	38	11
15	11	03	21	43	10
15	11	03	21	44	45
15	11	03	21	45	12
15	11	03	21	45	44
15	11	03	21	45	54
15	11	03	21	46	17
15	11	03	21	49	34
15	11	03	21	49	44
15	11	03	21	50	13
15	11	03	21	51	47
15	11	03	21	52	04
15	11	03	21	52	17
15	11	03	21	52	29
15	11	03	21	52	38
15	11	03	21	53	16
15	11	03	21	53	25
15	11	03	21	54	16
15	11	03	21	54	53
15	11	03	21	55	49
15	11	03	21	55	57
15	11	03	21	56	25
15	11	03	21	57	03
15	11	03	21	57	12
15	11	03	21	57	40
15	11	03	21	57	52
15	11	03	21	59	14
15	11	03	22	00	10
15	11	03	22	00	27
15	11	03	22	01	16
15	11	03	22	02	14
15	11	03	22	02	36
15	11	03	22	02	46
15	11	03	22	02	54
15	11	03	22	03	32
15	11	03	22	03	53
15	11	03	22	04	01
15	11	03	22	04	21
15	11	03	22	04	41
15	11	03	22	05	24
15	11	03	22	06	27
15	11	03	22	09	00
15	11	03	22	11	48
15	11	03	22	12	18
15	11	03	22	13	08
15	11	03	22	14	16
15	11	03	22	16	03
15	11	03	22	16	15
15	11	03	22	18	11
15	11	03	22	18	25
15	11	03	22	18	51
15	11	03	22	19	58
15	11	03	22	20	10
15	11	03	22	20	36
15	11	03	22	21	56
15	11	03	22	22	22
15	11	03	22	22	33
15	11	03	22	22	42
15	11	03	22	23	23
15	11	03	22	23	31
15	11	03	22	24	17
15	11	03	22	24	33
15	11	03	22	24	58
15	11	03	22	25	06
15	11	03	22	25	31
15	11	03	22	25	39
15	11	03	22	26	09
15	11	03	22	26	18
15	11	03	22	26	49
15	11	03	22	27	56
15	11	03	22	28	17
15	11	03	22	28	32
15	11	03	22	29	09
15	11	03	22	29	52
15	11	03	22	30	13
15	11	03	22	30	42
15	11	03	22	31	00
15	11	03	22	32	38
15	11	03	22	33	19
15	11	03	22	33	30
15	11	03	22	34	21
15	11	03	22	35	05
15	11	03	22	36	48
15	11	03	22	41	49
15	11	03	22	42	44
15	11	03	22	47	04
15	11	03	22	47	10
15	11	03	22	47	31
15	11	03	22	47	58
15	11	03	22	48	09
15	11	03	22	49	58
15	11	03	22	57	33
15	11	03	22	58	36
15	11	03	23	01	10
15	11	03	23	13	59
15	11	03	23	14	11
15	11	03	23	14	20
15	11	03	23	16	31
15	11	04	01	37	24
15	11	04	01	39	34
15	11	04	01	39	54
15	11	04	01	40	04
15	11	04	01	40	11
15	11	04	03	07	17
15	11	04	05	40	21
15	11	04	05	40	30
15	11	04	05	49	32
15	11	04	06	43	37
15	11	04	07	17	15
15	11	04	08	04	51
15	11	04	08	04	56
15	11	04	08	05	06
15	11	04	08	05	12
15	11	04	08	40	20
15	11	04	09	13	06
15	11	04	09	53	00
15	11	04	11	27	39
15	11	04	11	40	22
15	11	04	11	41	29
15	11	04	11	42	16
15	11	04	11	42	56
15	11	04	11	43	07
15	11	04	11	43	30
15	11	04	11	43	36
15	11	04	11	43	47
15	11	04	15	37	47
15	11	04	15	37	55
15	11	04	15	40	06
15	11	04	15	40	19
15	11	04	15	40	48
15	11	04	15	40	55
15	11	04	16	13	43
15	11	04	16	21	21
15	11	04	16	21	33
15	11	04	16	21	50
15	11	04	17	32	38
15	11	04	19	12	44
15	11	04	19	12	58
15	11	04	19	13	12
15	11	04	19	13	22
15	11	04	19	13	34
15	11	04	19	13	42
15	11	04	19	14	15
15	11	04	19	15	18
15	11	04	19	15	25
15	11	04	19	16	23
15	11	04	19	16	33
15	11	04	19	17	16
15	11	04	19	17	23
15	11	04	19	18	34
15	11	04	19	20	08
15	11	04	19	20	14
15	11	04	19	20	32
15	11	04	19	20	39
15	11	04	19	22	28
15	11	04	19	22	36
15	11	04	19	24	59
15	11	04	19	25	15
15	11	04	19	25	47
15	11	04	19	26	45
15	11	04	19	27	02
15	11	04	19	27	28
15	11	04	19	27	37
15	11	04	19	28	56
15	11	04	19	29	20
15	11	04	19	29	32
15	11	04	19	29	40
15	11	04	19	30	22
15	11	04	19	30	30
15	11	04	19	30	53
15	11	04	19	31	00
15	11	04	19	32	03
15	11	04	19	32	12
15	11	04	19	32	30
15	11	04	19	32	37
15	11	04	19	32	47
15	11	04	19	33	09
15	11	04	19	33	19
15	11	04	19	33	30
15	11	04	19	33	52
15	11	04	19	34	12
15	11	04	19	34	19
15	11	04	19	34	29
15	11	04	19	35	12
15	11	04	19	35	25
15	11	04	19	35	32
15	11	04	19	35	43
15	11	04	19	35	51
15	11	04	19	36	12
15	11	04	19	36	29
15	11	04	19	36	36
15	11	04	19	36	47
15	11	04	19	36	55
15	11	04	19	37	11
15	11	04	19	37	34
15	11	04	19	37	51
15	11	04	19	38	13
15	11	04	19	38	28
15	11	04	19	38	36
15	11	04	19	39	00
15	11	04	19	39	14
15	11	04	19	39	35
15	11	04	19	39	44
15	11	04	19	39	55
15	11	04	19	40	11
15	11	04	19	40	19
15	11	04	19	40	41
15	11	04	19	40	55
15	11	04	19	41	06
15	11	04	19	41	18
15	11	04	19	41	29
15	11	04	19	42	01
15	11	04	19	42	24
15	11	04	19	43	41
15	11	04	19	44	24
15	11	04	19	44	46
15	11	04	19	44	52
15	11	04	19	45	06
15	11	04	20	36	52
15	11	04	20	37	00
15	11	04	20	37	14
15	11	04	20	37	24
15	11	04	20	37	32
15	11	04	20	37	40
15	11	04	20	37	52
15	11	04	20	38	59
15	11	04	21	05	46
15	11	04	21	05	57
15	11	04	21	06	22
15	11	04	21	06	29
15	11	04	21	44	06
15	11	04	21	44	20
15	11	17	18	37	53
15	11	17	18	37	59
15	11	18	08	22	26
15	11	18	08	22	45
15	11	18	08	22	55
15	11	18	08	23	38
15	11	18	08	24	42
15	11	18	08	24	57
15	11	18	08	25	08
15	11	18	08	25	17
15	11	18	08	25	44
15	11	18	08	25	52
15	11	18	08	26	05
15	11	18	08	26	18
15	11	18	08	26	35
15	11	18	08	26	44
15	11	18	08	26	56
15	11	18	08	27	05
15	11	18	08	27	28
15	11	18	08	27	40
15	11	18	08	27	47
15	11	18	08	28	00
15	11	18	08	28	17
15	11	18	08	28	23
15	11	18	08	28	45
15	11	18	08	28	54
15	11	18	08	29	20
15	11	18	08	29	26
15	11	18	08	30	12
15	11	18	08	30	36
15	11	18	08	30	54
15	11	18	08	31	18
15	11	18	08	31	34
15	11	18	08	31	41
15	11	18	08	31	47
15	11	18	08	31	53
15	11	18	08	32	02
15	11	18	08	32	13
15	11	18	08	32	25
15	11	18	08	32	33
15	11	18	08	32	41
15	11	18	08	32	46
15	11	18	08	33	00
15	11	18	08	33	12
15	11	18	08	33	18
15	11	18	08	33	25
15	11	18	08	33	59
15	11	18	08	34	30
15	11	18	08	34	50
15	11	18	08	35	02
15	11	18	08	35	11
15	11	18	08	35	22
15	11	18	08	35	45
15	11	18	08	35	57
15	11	18	08	36	08
15	11	18	08	36	19
15	11	18	08	36	32
15	11	18	08	36	45
15	11	18	08	36	56
15	11	18	08	37	16
15	11	18	08	38	56
15	11	18	08	39	07
15	11	18	08	39	23
15	11	18	08	39	29
15	11	18	09	02	19
15	11	18	09	02	36
15	11	18	09	02	46
15	11	18	09	03	15
15	11	18	09	43	14
15	11	18	09	43	24
15	11	18	09	43	38
15	11	18	09	44	24
15	11	18	09	44	31
15	11	18	09	44	42
15	11	18	09	44	53
15	11	18	09	45	03
15	11	18	09	45	12
15	11	18	09	45	28
15	11	18	09	45	35
15	11	18	09	45	46
15	11	18	09	45	57
15	11	18	09	46	13
15	11	18	09	47	12
15	11	18	09	47	21
15	11	18	09	47	30
15	11	18	09	51	05
15	11	18	09	51	16
15	11	18	09	51	35
15	11	18	09	58	46
15	11	18	09	59	41
15	11	18	10	03	37
15	11	18	10	03	53
15	11	18	10	04	04
15	11	18	10	04	26
15	11	18	10	04	32
15	11	18	10	05	05
15	11	18	10	05	12
15	11	18	10	05	21
15	11	18	10	05	52
15	11	18	10	14	11
15	11	18	10	35	15
15	11	18	10	35	23
15	11	18	10	35	32
15	11	18	10	35	53
15	11	18	10	35	59
15	11	18	10	39	22
15	11	18	10	43	28
15	11	18	10	43	47
15	11	18	10	45	12
15	11	18	12	38	28
15	11	18	12	59	40
15	11	18	12	59	59
15	11	18	13	05	00
15	11	18	13	05	42
15	11	18	13	06	35
15	11	18	13	06	43
15	11	18	13	07	04
15	11	18	13	08	28
15	11	18	13	08	34
15	11	18	13	08	57
15	11	18	13	09	05
15	11	18	13	09	43
15	11	18	13	11	59
15	11	18	13	14	21
15	11	18	13	18	40
15	11	18	13	39	05
15	11	18	13	39	12
15	11	18	13	39	21
15	11	18	13	57	32
15	11	18	13	57	38
15	11	18	13	58	20
15	11	18	13	58	25
15	11	18	13	58	31
15	11	18	13	58	52
15	11	18	13	59	17
15	11	18	13	59	28
15	11	18	13	59	35
15	11	18	13	59	55
15	11	18	14	00	08
15	11	18	14	00	17
15	11	18	14	00	40
15	11	18	14	00	47
15	11	18	14	01	03
15	11	18	14	01	20
15	11	18	14	01	29
15	11	18	14	01	38
15	11	18	14	01	52
15	11	18	14	02	07
15	11	18	14	02	13
15	11	18	14	02	29
15	11	18	14	02	42
15	11	18	14	02	51
15	11	18	14	02	59
15	11	18	14	03	07
15	11	18	14	03	16
15	11	18	14	03	23
15	11	18	14	03	46
15	11	18	14	03	57
15	11	18	14	04	08
15	11	18	14	04	13
15	11	18	14	04	20
15	11	18	14	04	30
15	11	18	14	04	37
15	11	18	14	04	53
15	11	18	14	05	04
15	11	18	14	05	37
15	11	18	14	05	47
15	11	18	14	05	59
15	11	18	14	06	05
15	11	18	14	08	09
15	11	18	14	08	46
15	11	18	14	46	31
15	11	18	14	47	32
15	11	18	14	49	54
15	11	18	15	07	40
15	11	18	15	08	26
15	11	18	15	12	25
15	11	18	15	59	13
15	11	18	15	59	29
15	11	18	15	59	54
15	11	18	16	00	21
15	11	18	16	06	44
15	11	18	16	07	00
15	11	18	16	07	19
15	11	18	16	07	30
15	11	18	16	07	39
15	11	18	16	07	55
15	11	18	16	08	06
15	11	18	16	08	13
15	11	18	16	09	32
15	11	18	16	09	46
15	11	18	16	10	06
15	11	18	16	10	26
15	11	18	16	18	40
15	11	18	16	20	39
15	11	18	16	20	47
15	11	18	16	21	12
15	11	18	16	22	06
15	11	18	18	10	55
15	11	18	18	18	38
15	11	18	18	31	32
15	11	18	18	32	57
15	11	18	18	36	23
15	11	18	20	37	21
15	11	18	20	38	09
15	11	18	23	44	25
15	11	19	14	46	50
15	11	19	14	46	59
15	11	19	14	47	59
15	11	19	14	48	09
15	11	19	14	48	24
15	11	19	14	48	34
15	11	19	14	49	03
15	11	19	14	51	04
15	11	19	15	01	03
15	11	19	18	23	29
15	11	19	19	01	26
15	11	19	19	01	52
15	11	19	19	01	59
15	11	19	19	02	42
15	11	19	19	02	55
15	11	19	19	03	06
15	11	19	19	03	14
15	11	19	19	03	54
15	11	19	19	09	20
15	11	19	19	11	16
15	11	19	19	11	35
15	11	19	19	13	01
15	11	19	19	13	08
15	11	19	19	13	27
15	11	19	19	13	35
15	11	19	19	13	45
15	11	19	19	14	26
15	11	19	19	14	46
15	11	19	19	15	00
15	11	19	19	20	11
15	11	19	19	23	36
15	11	19	19	24	54
15	11	19	19	31	47
15	11	19	19	32	02
15	11	19	19	32	50
15	11	19	19	33	16
15	11	19	19	50	45
15	11	19	19	51	18
15	11	19	19	52	56
15	11	19	19	53	14
15	11	19	19	53	42
15	11	19	19	53	52
15	11	19	19	54	33
15	11	19	19	54	51
15	11	19	19	57	58
15	11	19	21	08	45
15	11	19	21	08	53
15	11	19	21	43	18
15	11	19	21	43	55
15	11	19	21	44	08
15	11	19	21	44	13
15	11	19	21	44	22
15	11	19	21	44	32
15	11	19	21	45	48
15	11	19	21	46	14
15	11	19	21	46	22
15	11	19	21	46	50
15	11	19	21	47	03
15	11	19	21	49	44
15	11	19	21	52	09
15	11	19	21	55	04
15	11	19	21	55	32
15	11	19	22	13	39
15	11	19	22	14	00
15	11	19	22	14	10
15	11	19	22	14	18
15	11	19	22	16	01
15	11	19	22	16	21
15	11	19	22	16	30
15	11	19	22	17	16
15	11	19	22	17	25
15	11	19	22	17	48
15	11	19	22	20	53
15	11	19	22	31	05
15	11	19	22	33	42
15	11	19	22	37	20
15	11	19	22	37	49
15	11	19	22	38	33
15	11	19	22	39	50
15	11	19	22	40	04
15	11	19	22	42	32
15	11	19	22	44	21
15	11	19	22	45	57
15	11	19	22	50	15
15	11	19	22	52	34
15	11	19	22	57	44
15	11	19	22	57	57
15	11	19	22	58	03
15	11	19	22	58	13
15	11	19	22	59	12
15	11	19	22	59	53
15	11	19	23	00	06
15	11	19	23	03	07
15	11	19	23	03	49
15	11	19	23	05	22
15	11	19	23	10	17
15	11	19	23	10	58
15	11	19	23	11	35
15	11	19	23	12	22
15	11	19	23	12	35
15	11	19	23	14	21
15	11	19	23	14	29
15	11	19	23	16	59
15	11	19	23	17	06
15	11	19	23	17	15
15	11	19	23	17	25
15	11	19	23	17	37
15	11	19	23	18	44
15	11	19	23	21	37
15	11	19	23	23	20
15	11	19	23	23	58
15	11	19	23	32	46
15	11	19	23	44	53
15	11	19	23	48	35
15	11	19	23	53	06
15	11	20	00	00	05
15	11	20	00	01	15
15	11	20	00	01	54
15	11	20	00	24	45
15	11	20	00	36	57
15	11	20	06	49	29
15	11	20	06	49	42
15	11	20	06	49	48
15	11	20	08	36	07
15	11	20	08	46	45
15	11	20	08	48	30
15	11	20	09	17	10
15	11	20	09	31	09
15	11	20	09	32	22
15	11	20	09	49	57
15	11	20	09	50	05
15	11	20	09	50	37
15	11	20	09	50	59
15	11	20	09	51	13
15	11	20	09	53	45
15	11	20	09	55	47
15	11	20	10	04	44
15	11	20	10	07	14
15	11	20	10	18	51
15	11	20	10	25	08
15	11	20	10	36	52
15	11	20	10	37	24
15	11	20	10	37	53
15	11	20	10	38	08
15	11	20	10	39	20
15	11	20	11	08	47
15	11	20	11	08	55
15	11	20	11	13	13
15	11	20	11	14	11
15	11	20	11	14	25
15	11	20	11	20	49
15	11	20	11	27	57
15	11	20	11	28	59
15	11	20	11	29	15
15	11	20	11	29	25
15	11	20	11	54	58
15	11	20	11	59	27
15	11	20	11	59	37
15	11	20	12	02	39
15	11	20	12	03	04
15	11	20	12	03	13
15	11	20	12	06	49
15	11	20	12	16	22
15	11	20	12	23	32
15	11	20	12	23	45
15	11	20	12	23	54
15	11	20	12	24	00
15	11	20	12	24	43
15	11	20	12	31	40
15	11	20	12	31	59
15	11	20	12	32	05
15	11	20	12	32	38
15	11	20	12	33	30
15	11	20	12	33	36
15	11	20	12	33	53
15	11	20	12	34	39
15	11	20	12	34	50
15	11	20	12	36	07
15	11	20	12	39	36
15	11	20	12	39	44
15	11	20	12	40	06
15	11	20	12	40	12
15	11	20	12	40	32
15	11	20	12	40	44
15	11	20	12	40	55
15	11	20	12	41	09
15	11	20	12	41	56
15	11	20	12	44	11
15	11	20	12	45	39
15	11	20	12	45	48
15	11	20	12	46	26
15	11	20	12	46	43
15	11	20	12	47	28
15	11	20	22	56	32
15	11	20	22	58	21
15	11	20	23	01	33
15	11	20	23	02	21
15	11	20	23	02	32
15	11	20	23	03	01
15	11	20	23	03	40
15	11	20	23	04	37
15	11	20	23	07	15
15	11	20	23	07	37
15	11	20	23	08	27
15	11	20	23	08	44
15	11	20	23	09	14
15	11	20	23	10	10
15	11	20	23	10	32
15	11	20	23	12	19
15	11	20	23	13	30
15	11	20	23	13	55
15	11	20	23	14	27
15	11	20	23	14	35
15	11	20	23	14	56
15	11	20	23	15	37
15	11	20	23	16	04
15	11	20	23	16	21
15	11	20	23	16	46
15	11	20	23	17	10
15	11	20	23	17	28
15	11	20	23	18	13
15	11	20	23	18	29
15	11	20	23	18	39
15	11	20	23	18	56
15	11	20	23	19	09
15	11	20	23	19	16
15	11	20	23	19	42
15	11	20	23	20	35
15	11	20	23	20	44
15	11	20	23	21	29
15	11	20	23	21	51
15	11	20	23	22	02
15	11	20	23	22	57
15	11	20	23	23	57
15	11	20	23	24	22
15	11	20	23	25	09
15	11	20	23	25	18
15	11	20	23	25	59
15	11	20	23	26	35
15	11	20	23	26	44
15	11	20	23	26	59
15	11	20	23	27	19
15	11	20	23	27	26
15	11	20	23	27	43
15	11	20	23	28	12
15	11	20	23	29	13
15	11	20	23	29	24
15	11	20	23	29	59
15	11	20	23	30	09
15	11	20	23	30	25
15	11	20	23	31	15
15	11	20	23	32	03
15	11	20	23	32	12
15	11	20	23	33	12
15	11	20	23	34	45
15	11	20	23	34	51
15	11	20	23	35	04
15	11	20	23	35	28
15	11	20	23	35	46
15	11	20	23	35	57
15	11	20	23	36	22
15	11	20	23	36	38
15	11	20	23	37	22
15	11	20	23	37	36
15	11	20	23	37	46
15	11	20	23	38	08
15	11	20	23	38	23
15	11	20	23	46	29
15	11	20	23	46	40
15	11	20	23	47	45
15	11	20	23	49	25
15	11	20	23	50	06
15	11	20	23	51	10
15	11	20	23	51	20
15	11	20	23	51	33
15	11	20	23	52	46
15	11	20	23	52	53
15	11	20	23	53	56
15	11	20	23	54	09
15	11	20	23	54	37
15	11	20	23	54	54
15	11	20	23	55	05
15	11	20	23	55	15
15	11	21	00	01	35
15	11	21	00	54	12
15	11	21	00	56	32
15	11	21	00	56	40
15	11	21	00	58	13
15	11	21	00	58	19
15	11	21	00	59	00
15	11	21	00	59	18
15	11	21	01	00	12
15	11	21	01	00	25
15	11	21	01	01	10
15	11	21	01	29	49
15	11	21	02	04	59
15	11	21	02	25	37
15	11	21	02	50	07
15	11	21	02	51	30
15	11	21	02	54	57
15	11	21	11	18	25
15	11	21	11	18	34
15	11	21	11	25	36
15	11	21	11	28	56
15	11	21	13	27	43
15	11	21	13	28	21
15	11	21	13	30	07
15	11	21	14	16	21
15	11	21	14	21	48
15	11	21	14	23	51
15	11	22	10	22	55
15	11	22	10	23	18
15	11	22	10	25	19
15	11	22	10	27	55
15	11	22	10	28	21
15	11	22	10	29	39
15	11	22	10	30	12
15	11	22	10	30	17
15	11	22	10	31	02
15	11	22	10	38	31
15	11	22	11	51	21
15	11	22	11	51	32
15	11	22	11	55	15
15	11	22	11	57	04
15	11	22	11	57	22
15	11	22	13	34	46
15	11	22	13	34	58
15	11	22	13	41	14
15	11	22	13	41	32
15	11	22	13	41	47
15	11	22	13	41	59
15	11	22	13	53	40
15	11	22	13	54	51
15	11	22	14	01	56
15	11	22	14	02	09
15	11	22	14	02	23
15	11	22	14	03	04
15	11	22	14	03	20
15	11	22	14	03	32
15	11	22	14	06	04
15	11	22	14	06	18
15	11	22	20	35	12
15	11	22	21	00	14
15	11	22	21	01	11
15	11	22	21	12	23
15	11	22	21	12	41
15	11	22	21	16	35
15	11	23	10	42	50
15	11	23	10	42	59
15	11	23	10	43	20
15	11	23	11	01	46
15	11	23	11	12	17
15	11	23	11	33	37
15	11	23	11	33	52
15	11	23	11	34	43
15	11	23	11	35	24
15	11	23	11	49	36
15	11	23	12	02	08
15	11	23	12	02	53
15	11	23	12	03	19
15	11	23	12	03	37
15	11	23	12	04	40
15	11	23	12	05	29
15	11	23	12	07	49
15	11	23	12	08	34
15	11	23	12	08	44
15	11	23	12	09	58
15	11	23	12	46	03
15	11	23	12	47	33
15	11	23	12	47	56
15	11	23	12	50	56
15	11	23	14	20	14
15	11	23	14	20	27
15	11	23	14	22	32
15	11	23	14	26	11
15	11	23	14	26	27
15	11	23	14	26	56
15	11	23	14	27	11
15	11	23	14	28	04
15	11	23	14	28	14
15	11	23	14	29	40
15	11	23	14	30	02
15	11	23	14	30	42
15	11	23	14	30	52
15	11	23	14	31	54
15	11	23	14	32	01
15	11	23	14	32	11
15	11	23	14	32	23
15	11	23	14	32	43
15	11	23	14	32	54
15	11	23	14	33	04
15	11	23	14	34	24
15	11	23	14	34	43
15	11	23	14	34	54
15	11	23	14	35	08
15	11	23	14	35	39
15	11	23	14	35	54
15	11	23	14	36	28
15	11	23	14	36	37
15	11	23	14	36	55
15	11	23	14	37	22
15	11	23	15	22	18
15	11	23	17	52	20
15	11	23	18	25	38
15	11	23	18	35	14
15	11	23	18	35	33
15	11	23	18	35	40
15	11	23	19	01	34
15	11	23	19	01	46
15	11	23	19	03	42
15	11	23	19	04	06
15	11	23	19	06	52
15	11	23	19	10	58
15	11	23	19	29	01
15	11	23	19	33	16
15	11	23	19	33	28
15	11	23	19	35	49
15	11	23	19	37	04
15	11	23	19	41	42
15	11	23	19	42	54
15	11	23	19	51	28
15	11	23	19	51	37
15	11	23	19	52	08
15	11	23	19	52	25
15	11	23	19	55	49
15	11	23	19	57	09
15	11	23	19	57	16
15	11	23	20	03	42
15	11	23	20	03	49
15	11	23	20	09	36
15	11	23	20	12	27
15	11	23	20	19	18
15	11	23	20	19	24
15	11	23	20	22	11
15	11	23	21	04	43
15	11	23	21	06	28
15	11	23	21	06	35
15	11	23	21	12	02
15	11	23	21	12	10
15	11	23	23	34	40
15	11	24	01	05	02
15	11	24	01	05	53
15	11	24	01	07	57
15	11	24	08	46	20
15	11	24	09	11	53
15	11	24	09	12	01
15	11	24	09	12	08
15	11	24	09	12	36
15	11	24	09	13	26
15	11	24	09	17	32
15	11	24	10	50	33
15	11	24	11	29	36
15	11	24	11	29	44
15	11	24	11	29	55
15	11	24	11	30	14
15	11	24	11	30	23
15	11	24	11	43	02
15	11	24	11	43	25
15	11	24	11	43	33
15	11	24	11	44	31
15	11	24	11	52	31
15	11	24	11	52	40
15	11	24	11	52	49
15	11	24	11	53	00
15	11	24	11	54	07
15	11	24	11	54	21
15	11	24	11	59	25
15	11	24	11	59	34
15	11	24	12	00	07
15	11	24	12	00	36
15	11	24	12	00	52
15	11	24	12	00	58
15	11	24	12	03	55
15	11	24	12	04	07
15	11	24	12	14	24
15	11	24	12	14	49
15	11	24	12	15	51
15	11	24	12	29	31
15	11	24	12	29	41
15	11	24	12	29	51
15	11	24	12	30	26
15	11	24	12	36	37
15	11	24	12	36	45
15	11	24	12	36	57
15	11	24	12	37	08
15	11	24	12	37	16
15	11	24	12	37	24
15	11	24	12	46	09
15	11	24	12	53	53
15	11	24	13	01	47
15	11	24	13	08	02
15	11	24	13	08	08
15	11	24	13	08	19
15	11	24	13	10	13
15	11	24	13	47	14
15	11	24	14	06	39
15	11	24	14	06	46
15	11	24	14	11	04
15	11	24	14	11	09
15	11	24	14	11	52
15	11	24	14	12	01
15	11	24	14	12	25
15	11	24	14	12	36
15	11	24	14	13	50
15	11	24	14	13	58
15	11	24	14	14	16
15	11	24	14	14	46
15	11	24	14	15	19
15	11	24	14	15	43
15	11	24	14	15	58
15	11	24	14	16	11
15	11	24	14	16	17
15	11	24	14	16	25
15	11	24	14	16	40
15	11	24	17	50	22
15	11	24	18	08	59
15	11	24	18	09	11
15	11	24	18	09	51
15	11	24	18	10	02
15	11	24	18	10	23
15	11	24	18	10	31
15	11	24	18	10	42
15	11	24	18	10	51
15	11	24	18	11	27
15	11	24	18	13	04
15	11	24	18	13	21
15	11	24	18	14	57
15	11	24	18	17	47
15	11	24	18	17	54
15	11	24	18	18	02
15	11	24	18	32	50
15	11	24	19	06	37
15	11	24	20	00	26
15	11	24	21	31	16
15	11	24	21	31	26
15	11	24	21	42	44
15	11	24	21	58	08
15	11	24	22	07	06
15	11	24	22	08	13
15	11	24	22	08	24
15	11	24	22	13	44
15	11	24	23	33	30
15	11	24	23	43	14
15	11	24	23	43	24
15	11	24	23	43	33
15	11	24	23	43	40
15	11	24	23	43	50
15	11	24	23	47	41
15	11	24	23	47	48
15	11	24	23	50	41
15	11	24	23	50	57
15	11	24	23	54	43
15	11	24	23	55	02
15	11	24	23	55	08
15	11	24	23	56	47
15	11	24	23	57	55
15	11	24	23	58	14
15	11	24	23	58	33
15	11	24	23	58	48
15	11	25	00	00	09
15	11	25	00	00	22
15	11	25	00	00	29
15	11	25	00	00	35
15	11	25	00	00	49
15	11	25	00	01	00
15	11	25	00	01	06
15	11	25	00	01	23
15	11	25	00	01	28
15	11	25	00	04	07
15	11	25	00	04	44
15	11	25	00	05	04
15	11	25	00	06	58
15	11	25	00	07	11
15	11	25	00	07	19
15	11	25	00	13	38
15	11	25	10	35	03
15	11	25	10	36	14
15	11	25	10	37	20
15	11	25	10	37	37
15	11	25	10	45	23
15	11	25	10	50	49
15	11	25	10	51	01
15	11	25	14	23	12
15	11	25	14	23	23
15	11	25	14	43	08
15	11	25	14	43	42
15	11	25	14	52	59
15	11	25	14	53	11
15	11	25	14	53	33
15	11	25	14	53	59
15	11	25	14	54	51
15	11	25	14	55	03
15	11	25	14	55	19
15	11	25	14	56	16
15	11	25	14	56	26
15	11	25	14	57	45
15	11	25	15	15	59
15	11	25	15	16	49
15	11	25	15	18	10
15	11	25	15	29	20
15	11	25	15	29	45
15	11	25	15	30	16
15	11	25	15	34	28
15	11	25	16	41	39
15	11	25	16	53	38
15	11	25	17	00	09
15	11	25	17	07	49
15	11	25	17	16	27
15	11	25	17	44	56
15	11	25	17	45	49
15	11	25	17	46	43
15	11	25	17	46	57
15	11	25	17	52	34
15	11	25	17	53	23
15	11	25	17	53	31
15	11	25	17	53	42
15	11	25	17	53	55
15	11	25	17	54	02
15	11	25	17	54	08
15	11	25	17	54	13
15	11	25	18	18	47
15	11	25	18	22	39
15	11	25	18	25	20
15	11	25	18	25	37
15	11	25	18	25	49
15	11	25	18	28	38
15	11	25	18	43	14
15	11	25	18	44	26
15	11	25	18	44	46
15	11	25	18	44	55
15	11	25	18	46	15
15	11	25	18	46	24
15	11	25	18	46	37
15	11	25	20	22	48
15	11	25	21	24	57
15	11	25	21	25	07
15	11	25	21	25	37
15	11	25	21	25	59
15	11	25	21	26	20
15	11	25	21	38	24
15	11	25	21	38	39
15	11	25	21	57	12
15	11	25	22	04	57
15	11	26	00	58	28
15	11	26	05	36	33
15	11	26	05	37	43
15	11	26	06	16	20
15	11	26	06	17	14
15	11	26	06	26	27
15	11	26	06	26	59
15	11	26	06	28	03
15	11	26	06	28	12
15	11	26	06	28	17
15	11	26	06	30	28
15	11	26	06	30	35
15	11	26	06	31	14
15	11	26	06	36	18
15	11	26	06	36	43
15	11	29	20	47	11
15	11	29	20	48	29
15	11	29	20	55	03
15	11	29	21	04	31
15	11	29	21	06	43
15	11	29	22	18	58
15	11	29	22	19	27
15	11	29	22	30	12
15	11	29	23	02	33
15	11	29	23	04	32
15	11	29	23	04	40
15	11	29	23	05	26
15	11	30	09	53	40
15	11	30	09	54	26
15	11	30	09	54	31
15	11	30	09	55	25
15	11	30	09	58	56
15	11	30	10	00	19
15	11	30	10	00	38
15	11	30	10	05	30
15	11	30	10	06	28
15	11	30	10	07	15
15	11	30	10	09	13
15	11	30	10	10	18
15	11	30	10	10	24
15	11	30	10	10	29
15	11	30	11	56	38
15	11	30	11	56	46
15	11	30	11	56	57
15	11	30	11	57	22
15	11	30	11	57	31
15	11	30	12	08	45
15	11	30	12	08	56
15	11	30	12	09	10
15	11	30	12	11	14
15	11	30	12	14	33
15	11	30	12	14	39
15	11	30	12	14	53
15	11	30	12	34	57
15	11	30	12	35	04
15	11	30	12	35	17
15	11	30	12	35	23
15	11	30	12	36	22
15	11	30	12	36	46
15	11	30	12	37	04
15	11	30	12	37	10
15	11	30	12	37	50
15	11	30	12	38	21
15	11	30	12	55	11
15	11	30	12	56	40
15	11	30	13	08	04
15	11	30	13	11	41
15	11	30	13	12	52
15	11	30	13	13	02
15	11	30	13	13	57
15	11	30	13	26	45
15	11	30	13	32	40
15	11	30	13	33	00
15	11	30	13	36	19
15	11	30	13	36	30
15	11	30	13	38	02
15	11	30	13	39	06
15	11	30	13	39	13
15	11	30	13	39	35
15	11	30	13	39	48
15	11	30	13	40	21
15	11	30	13	42	15
15	11	30	13	44	04
15	11	30	13	45	09
15	11	30	13	45	17
15	11	30	13	46	05
15	11	30	13	47	12
15	11	30	13	53	24
15	11	30	13	53	33
15	11	30	13	54	34
15	11	30	13	56	57
15	11	30	13	58	15
15	11	30	13	59	11
15	11	30	13	59	24
15	11	30	14	00	06
15	11	30	14	00	21
15	11	30	14	04	06
15	11	30	14	04	19
15	11	30	14	04	27
15	11	30	14	04	58
15	11	30	14	05	06
15	11	30	14	05	19
15	11	30	14	05	32
15	11	30	14	07	34
15	11	30	14	10	17
15	11	30	14	10	28
15	11	30	14	10	54
15	11	30	14	21	27
15	11	30	14	21	58
15	11	30	14	23	22
15	11	30	14	26	12
15	11	30	14	26	25
15	11	30	14	26	38
15	11	30	14	27	10
15	11	30	14	27	32
15	11	30	14	27	46
15	11	30	14	28	10
15	11	30	14	28	21
15	11	30	14	29	16
15	11	30	14	29	48
15	11	30	14	42	01
15	11	30	14	42	42
15	11	30	14	42	57
15	11	30	14	43	14
15	11	30	14	43	34
15	11	30	14	43	58
15	11	30	14	44	14
15	11	30	14	44	26
15	11	30	14	44	39
15	11	30	14	45	32
15	11	30	14	46	00
15	11	30	14	48	06
15	11	30	14	48	15
15	11	30	14	48	23
15	11	30	14	49	43
15	11	30	14	50	01
15	11	30	14	50	58
15	11	30	14	51	31
15	11	30	14	51	45
15	11	30	14	52	19
15	11	30	14	52	28
15	11	30	14	54	33
15	11	30	14	54	57
15	11	30	14	55	20
15	11	30	14	55	30
15	11	30	14	55	43
15	11	30	14	55	50
15	11	30	14	55	57
15	11	30	14	56	42
15	11	30	14	57	13
15	11	30	14	59	27
15	11	30	15	05	18
15	11	30	15	06	16
15	11	30	15	06	49
15	11	30	15	07	05
15	11	30	15	07	15
15	11	30	15	07	42
15	11	30	15	10	58
15	11	30	15	12	19
15	11	30	15	13	02
15	11	30	15	14	27
15	11	30	15	14	58
15	11	30	15	16	33
15	11	30	15	19	53
15	11	30	15	21	42
15	11	30	15	22	53
15	11	30	15	26	53
15	11	30	15	27	36
15	11	30	15	27	47
15	11	30	15	30	19
15	11	30	15	31	12
15	11	30	15	31	44
15	11	30	15	33	28
15	11	30	15	37	02
15	11	30	15	37	51
15	11	30	15	37	57
15	11	30	15	38	22
15	11	30	15	38	28
15	11	30	15	39	57
15	11	30	15	41	21
15	11	30	15	43	18
15	11	30	15	43	28
15	11	30	15	43	40
15	11	30	15	43	51
15	11	30	15	44	06
15	11	30	15	44	18
15	11	30	15	44	27
15	11	30	15	45	10
15	11	30	15	50	19
15	11	30	15	50	51
15	11	30	15	50	58
15	11	30	15	52	24
15	11	30	15	52	30
15	11	30	15	52	39
15	11	30	15	52	55
15	11	30	17	42	19
15	11	30	17	55	43
15	11	30	17	55	58
15	11	30	17	56	12
15	11	30	17	56	32
15	11	30	17	56	56
15	11	30	17	58	10
15	11	30	17	58	17
15	11	30	18	01	24
15	11	30	18	05	46
15	11	30	18	06	00
15	11	30	18	06	11
15	11	30	18	06	34
15	11	30	18	07	37
15	11	30	18	08	17
15	11	30	18	08	24
15	11	30	18	08	39
15	11	30	18	09	36
15	11	30	18	10	09
15	11	30	18	13	10
15	11	30	18	14	50
15	11	30	18	15	30
15	11	30	18	18	59
15	11	30	18	19	16
15	11	30	18	28	00
15	11	30	18	28	25
15	11	30	18	28	48
15	11	30	18	28	55
15	11	30	18	29	20
15	11	30	18	29	37
15	11	30	18	29	50
15	11	30	18	31	45
15	11	30	18	31	56
15	11	30	18	32	55
15	11	30	18	33	03
15	11	30	18	36	13
15	11	30	18	42	00
15	11	30	18	42	09
15	11	30	18	42	17
15	11	30	18	42	32
15	11	30	18	42	50
15	11	30	18	49	31
15	11	30	18	54	36
15	11	30	18	58	36
15	11	30	18	59	50
15	11	30	19	00	18
15	11	30	19	00	27
15	11	30	19	00	33
15	11	30	19	15	00
15	11	30	19	16	06
15	11	30	19	19	42
15	11	30	19	19	48
15	11	30	19	25	50
15	11	30	19	26	31
15	11	30	19	26	39
15	11	30	19	26	51
15	11	30	19	27	28
15	11	30	19	34	11
15	11	30	19	35	31
15	11	30	19	36	33
15	11	30	19	36	47
15	11	30	19	37	02
15	11	30	19	40	17
15	11	30	19	45	14
15	11	30	19	50	14
15	11	30	19	51	08
15	11	30	19	51	59
15	11	30	19	52	28
15	11	30	19	52	39
15	11	30	19	56	48
15	11	30	19	57	36
15	11	30	19	58	40
15	11	30	20	01	44
15	11	30	20	02	26
15	11	30	20	02	35
15	11	30	20	02	43
15	11	30	20	02	53
15	11	30	20	03	00
15	11	30	20	03	06
15	11	30	20	03	25
15	11	30	20	03	36
15	11	30	20	03	44
15	11	30	20	03	55
15	11	30	20	04	23
15	11	30	20	04	36
15	11	30	20	04	48
15	11	30	20	05	16
15	11	30	20	05	26
15	11	30	20	05	51
15	11	30	20	06	09
15	11	30	20	07	12
15	11	30	20	08	34
15	11	30	20	09	40
15	11	30	20	11	01
15	11	30	20	11	16
15	11	30	20	11	24
15	11	30	20	15	06
15	11	30	20	18	16
15	11	30	20	27	22
15	11	30	20	27	56
15	11	30	20	28	03
15	11	30	20	30	21
15	11	30	20	31	04
15	11	30	20	31	43
15	11	30	20	47	56
15	11	30	20	49	02
15	11	30	20	49	54
15	11	30	20	50	06
15	11	30	20	50	44
15	11	30	20	53	00
15	11	30	20	54	19
15	11	30	20	54	55
15	11	30	20	56	40
15	11	30	20	56	51
15	11	30	20	57	10
15	11	30	20	57	38
15	11	30	20	57	53
15	11	30	20	58	47
15	11	30	20	59	47
15	11	30	20	59	55
15	11	30	21	01	07
15	11	30	21	01	21
15	11	30	21	01	46
15	11	30	21	02	44
15	11	30	21	02	54
15	11	30	21	03	35
15	11	30	21	04	05
15	11	30	21	07	14
15	11	30	21	07	31
15	11	30	21	08	16
15	11	30	21	08	23
15	11	30	21	09	20
15	11	30	21	12	40
15	11	30	21	12	54
15	11	30	21	15	40
15	11	30	21	16	28
15	11	30	21	17	16
15	11	30	21	22	32
15	11	30	21	22	51
15	11	30	21	25	10
15	11	30	21	25	19
15	11	30	21	25	45
15	11	30	21	25	56
15	11	30	21	27	48
15	11	30	21	28	12
15	11	30	21	28	24
15	11	30	21	28	30
15	11	30	21	28	47
15	11	30	21	28	59
15	11	30	21	30	56
15	11	30	21	32	40
15	11	30	21	33	07
15	11	30	21	34	26
15	11	30	21	34	34
15	11	30	21	35	19
15	11	30	21	35	46
15	11	30	21	35	52
15	11	30	21	36	11
15	11	30	21	36	31
15	11	30	21	39	00
15	11	30	21	39	58
15	11	30	21	40	58
15	11	30	21	41	10
15	11	30	21	41	50
15	11	30	21	42	01
15	11	30	21	42	08
15	11	30	21	43	11
15	11	30	21	43	35
15	11	30	21	43	44
15	11	30	21	46	37
15	11	30	21	48	20
15	11	30	21	48	43
15	11	30	21	48	59
15	11	30	21	49	13
15	11	30	21	49	38
15	11	30	21	49	57
15	11	30	21	50	07
15	11	30	21	50	15
15	11	30	21	50	24
15	11	30	21	50	36
15	11	30	21	50	52
15	11	30	21	51	02
15	11	30	21	51	13
15	11	30	21	51	18
15	11	30	21	51	50
15	11	30	21	52	31
15	11	30	21	52	44
15	11	30	21	52	54
15	11	30	21	53	07
15	11	30	21	53	18
15	12	01	00	17	19
15	12	01	00	20	08
15	12	01	00	20	15
15	12	01	00	25	12
15	12	01	00	25	50
15	12	01	00	27	18
15	12	01	00	28	11
15	12	01	07	47	56
15	12	01	07	48	49
15	12	01	07	48	55
15	12	01	07	50	19
15	12	01	08	06	02
15	12	01	08	07	54
15	12	01	08	08	16
15	12	01	08	09	50
15	12	01	08	10	01
15	12	01	08	10	07
15	12	01	08	11	02
15	12	01	08	11	16
15	12	01	08	12	07
15	12	01	08	14	37
15	12	01	08	16	38
15	12	01	08	18	40
15	12	01	08	18	49
15	12	01	08	32	19
15	12	01	08	40	23
15	12	01	08	47	32
15	12	01	08	47	39
15	12	01	08	47	48
15	12	01	08	48	02
15	12	01	08	48	12
15	12	01	08	48	19
15	12	01	08	49	20
15	12	01	18	05	21
15	12	01	18	07	04
15	12	01	20	11	43
15	12	01	20	11	49
15	12	01	20	11	57
15	12	01	20	13	42
15	12	01	20	13	50
15	12	01	20	14	07
15	12	01	20	15	12
15	12	01	20	17	51
15	12	01	20	34	17
15	12	01	20	37	55
15	12	01	21	02	05
15	12	01	21	02	42
15	12	01	21	20	13
15	12	01	21	20	47
15	12	01	21	21	37
15	12	01	21	23	31
15	12	01	21	24	09
15	12	01	21	24	19
15	12	01	21	25	27
15	12	01	21	28	22
15	12	01	21	28	58
15	12	01	21	31	12
15	12	01	21	32	57
15	12	01	21	33	09
15	12	01	21	33	17
15	12	01	21	33	32
15	12	01	21	36	23
15	12	01	21	39	38
15	12	01	21	55	17
15	12	01	21	55	29
15	12	01	22	01	04
15	12	01	22	15	48
15	12	01	22	24	33
15	12	01	22	25	34
15	12	01	22	29	04
15	12	01	22	30	17
15	12	01	22	36	56
15	12	01	23	12	29
15	12	01	23	12	55
15	12	02	10	29	56
15	12	02	10	35	51
15	12	02	10	36	04
15	12	02	10	36	11
15	12	02	10	37	33
15	12	02	10	42	24
15	12	02	11	59	11
15	12	02	11	59	23
15	12	02	11	59	42
15	12	02	11	59	50
15	12	02	12	01	21
15	12	02	12	16	04
15	12	02	12	17	20
15	12	02	12	18	42
15	12	02	12	28	18
15	12	02	12	38	03
15	12	02	12	38	32
15	12	02	12	39	18
15	12	02	12	41	51
15	12	02	12	42	01
15	12	02	12	43	24
15	12	02	14	21	15
15	12	02	14	21	38
15	12	02	14	23	50
15	12	02	14	24	12
15	12	02	14	24	20
15	12	02	15	05	38
15	12	02	15	06	42
15	12	02	15	06	53
15	12	02	15	07	59
15	12	02	15	09	02
15	12	02	15	10	08
15	12	02	15	35	45
15	12	02	17	14	44
15	12	02	17	15	01
15	12	02	17	15	24
15	12	02	17	15	35
15	12	02	17	15	41
15	12	02	17	15	48
15	12	02	17	15	56
15	12	02	17	16	11
15	12	02	17	17	03
15	12	02	17	17	13
15	12	02	17	17	26
15	12	02	17	17	35
15	12	02	17	17	51
15	12	02	17	18	26
15	12	02	17	18	44
15	12	02	17	18	50
15	12	02	17	19	16
15	12	02	17	19	22
15	12	02	17	19	37
15	12	02	17	20	22
15	12	02	17	21	05
15	12	02	17	21	40
15	12	02	17	22	52
15	12	02	17	23	51
15	12	02	17	24	00
15	12	02	17	24	30
15	12	02	17	24	37
15	12	02	17	24	53
15	12	02	17	25	07
15	12	02	17	26	07
15	12	02	17	27	55
15	12	02	17	28	53
15	12	02	17	29	22
15	12	02	17	30	54
15	12	02	17	31	03
15	12	02	17	31	28
15	12	02	17	31	37
15	12	02	17	31	50
15	12	02	18	12	54
15	12	02	18	30	08
15	12	02	18	30	43
15	12	02	18	52	47
15	12	02	18	57	20
15	12	02	19	02	13
15	12	02	19	16	16
15	12	02	19	16	27
15	12	02	20	45	56
15	12	02	20	47	19
15	12	02	20	48	57
15	12	02	20	49	05
15	12	02	20	50	02
15	12	02	20	55	50
15	12	02	21	13	04
15	12	02	22	21	00
15	12	02	22	21	34
15	12	02	22	22	36
15	12	03	03	05	22
15	12	03	06	20	27
15	12	03	06	20	45
15	12	03	06	26	17
15	12	03	06	28	20
15	12	03	06	36	10
15	12	03	08	03	48
15	12	03	08	15	52
15	12	03	08	15	58
15	12	03	08	42	02
15	12	03	08	42	09
15	12	03	08	42	16
15	12	03	08	42	58
15	12	03	08	43	09
15	12	03	08	43	34
15	12	03	08	43	42
15	12	03	08	43	49
15	12	03	08	45	15
15	12	03	08	50	28
15	12	03	10	59	55
15	12	03	11	00	19
15	12	03	11	00	36
15	12	03	11	01	02
15	12	03	11	24	17
15	12	03	12	12	45
15	12	03	15	19	05
15	12	03	15	19	37
15	12	03	15	20	05
15	12	03	15	20	21
15	12	03	15	21	25
15	12	03	15	45	36
15	12	03	15	46	17
15	12	03	15	46	30
15	12	03	18	11	52
15	12	03	18	19	04
15	12	03	18	19	19
15	12	03	18	19	36
15	12	03	18	20	20
15	12	03	18	20	32
15	12	03	18	21	00
15	12	03	18	21	07
15	12	03	18	21	19
15	12	03	22	51	38
15	12	03	22	52	09
15	12	03	22	52	19
15	12	03	22	52	37
15	12	04	08	50	16
15	12	04	08	50	32
15	12	04	08	50	53
15	12	04	08	51	12
15	12	04	08	51	38
15	12	04	08	51	47
15	12	04	09	51	22
15	12	04	09	51	39
15	12	04	10	15	33
15	12	04	10	15	51
15	12	04	10	16	00
15	12	04	10	47	23
15	12	04	10	47	36
15	12	04	10	47	57
15	12	04	10	48	08
15	12	04	10	48	18
15	12	04	10	48	28
15	12	04	10	48	34
15	12	04	10	48	48
15	12	04	10	48	55
15	12	04	10	49	14
15	12	04	10	49	21
15	12	04	10	49	48
15	12	04	10	50	59
15	12	04	10	51	08
15	12	04	11	05	31
15	12	04	11	06	20
15	12	04	11	06	34
15	12	04	11	06	42
15	12	04	11	07	11
15	12	04	11	08	39
15	12	04	11	08	45
15	12	04	11	08	56
15	12	04	11	10	03
15	12	04	11	10	51
15	12	04	11	12	37
15	12	04	11	14	51
15	12	04	11	18	35
15	12	04	11	18	46
15	12	04	11	18	56
15	12	04	11	19	04
15	12	04	11	19	30
15	12	04	11	19	48
15	12	04	11	26	16
15	12	04	11	26	22
15	12	04	11	26	42
15	12	04	11	27	15
15	12	04	11	29	29
15	12	04	11	29	40
15	12	04	11	29	56
15	12	04	11	30	11
15	12	04	11	30	20
15	12	04	11	39	19
15	12	04	11	39	35
15	12	04	11	40	03
15	12	04	11	40	12
15	12	04	11	40	19
15	12	04	11	40	30
15	12	04	11	42	20
15	12	04	11	42	27
15	12	04	11	42	32
15	12	04	11	42	39
15	12	04	11	48	14
15	12	04	11	49	25
15	12	04	11	52	28
15	12	04	11	52	45
15	12	04	11	52	53
15	12	04	11	53	35
15	12	04	11	56	39
15	12	04	11	58	43
15	12	04	11	59	27
15	12	04	12	00	33
15	12	04	12	00	58
15	12	04	12	01	55
15	12	04	12	02	18
15	12	04	12	02	43
15	12	04	12	02	53
15	12	04	12	03	29
15	12	04	12	03	46
15	12	04	12	03	57
15	12	04	12	04	03
15	12	04	12	05	12
15	12	04	12	05	28
15	12	04	12	05	37
15	12	04	12	05	46
15	12	04	12	06	39
15	12	04	12	06	45
15	12	04	12	07	03
15	12	04	12	07	31
15	12	04	12	07	57
15	12	04	12	08	36
15	12	04	12	09	06
15	12	04	12	09	43
15	12	04	12	09	56
15	12	04	12	10	17
15	12	04	12	10	26
15	12	04	12	11	09
15	12	04	12	11	47
15	12	04	12	11	54
15	12	04	12	13	03
15	12	04	12	13	38
15	12	04	12	13	57
15	12	04	12	14	26
15	12	04	12	14	34
15	12	04	12	15	22
15	12	04	12	15	42
15	12	04	12	15	55
15	12	04	12	16	09
15	12	04	12	16	16
15	12	04	12	17	56
15	12	04	12	18	11
15	12	04	12	18	17
15	12	04	12	18	23
15	12	04	12	19	25
15	12	04	12	20	06
15	12	04	12	41	54
15	12	04	12	42	57
15	12	04	12	44	25
15	12	04	12	44	44
15	12	04	17	22	10
15	12	04	17	22	22
15	12	04	17	22	32
15	12	04	17	22	39
15	12	04	17	22	52
15	12	04	17	37	33
15	12	04	17	38	00
15	12	04	17	38	30
15	12	04	17	39	41
15	12	04	17	40	31
15	12	04	17	41	10
15	12	04	17	41	17
15	12	04	17	41	54
15	12	04	17	42	24
15	12	04	17	42	39
15	12	04	17	43	29
15	12	04	17	50	29
15	12	04	17	51	52
15	12	04	17	54	01
15	12	04	17	54	58
15	12	04	17	55	16
15	12	04	17	56	15
15	12	04	17	57	12
15	12	04	18	00	35
15	12	04	18	00	41
15	12	04	18	04	47
15	12	04	18	04	59
15	12	04	18	05	10
15	12	04	18	05	35
15	12	04	18	06	37
15	12	04	18	07	52
15	12	04	18	08	04
15	12	04	18	08	27
15	12	04	18	12	06
15	12	04	18	16	09
15	12	04	18	16	36
15	12	04	18	16	42
15	12	04	18	25	52
15	12	04	18	31	20
15	12	04	19	17	23
15	12	04	19	17	39
15	12	04	19	23	24
15	12	04	19	23	52
15	12	04	19	23	57
15	12	04	19	24	10
15	12	04	19	24	22
15	12	04	19	24	59
15	12	04	19	26	08
15	12	04	19	26	20
15	12	04	19	35	38
15	12	04	19	35	47
15	12	04	19	35	57
15	12	04	19	36	06
15	12	04	19	36	19
15	12	04	19	36	28
15	12	04	19	36	54
15	12	04	19	37	14
15	12	04	19	37	23
15	12	04	19	49	38
15	12	04	19	49	49
15	12	04	19	49	55
15	12	04	19	50	01
15	12	04	19	50	12
15	12	04	19	50	17
15	12	04	19	50	30
15	12	04	19	50	53
15	12	04	19	51	03
15	12	04	19	52	06
15	12	04	19	56	52
15	12	04	19	58	24
15	12	04	19	58	29
15	12	04	19	59	12
15	12	04	19	59	21
15	12	04	19	59	40
15	12	04	20	00	06
15	12	04	20	00	40
15	12	04	20	00	50
15	12	04	20	01	08
15	12	04	20	01	20
15	12	04	20	02	02
15	12	04	20	02	25
15	12	04	20	02	34
15	12	04	20	04	11
15	12	04	20	07	29
15	12	04	20	07	40
15	12	04	20	08	15
15	12	04	20	08	53
15	12	04	20	09	09
15	12	04	20	09	17
15	12	04	20	10	09
15	12	04	20	10	20
15	12	04	20	11	09
15	12	04	20	13	29
15	12	04	20	13	34
15	12	04	20	14	22
15	12	04	20	15	21
15	12	04	20	17	40
15	12	04	20	19	35
15	12	04	20	20	23
15	12	04	20	21	53
15	12	04	20	22	49
15	12	04	20	23	54
15	12	04	20	24	00
15	12	04	20	25	09
15	12	04	20	29	05
15	12	04	20	32	13
15	12	04	20	36	29
15	12	04	20	38	42
15	12	04	20	39	22
15	12	04	20	40	24
15	12	04	20	40	29
15	12	04	20	42	42
15	12	04	20	42	50
15	12	04	20	43	54
15	12	04	20	44	02
15	12	04	20	44	12
15	12	04	20	46	34
15	12	04	20	47	22
15	12	04	20	47	37
15	12	04	20	47	45
15	12	04	20	48	02
15	12	04	20	48	07
15	12	04	20	48	17
15	12	04	20	48	22
15	12	04	20	51	37
15	12	04	20	53	03
15	12	04	20	54	29
15	12	04	21	02	49
15	12	04	21	29	03
15	12	04	21	29	13
15	12	04	21	30	00
15	12	04	21	32	31
15	12	04	21	32	40
15	12	04	21	33	23
15	12	04	21	33	46
15	12	04	21	38	15
15	12	04	21	39	42
15	12	04	21	40	55
15	12	04	21	45	48
15	12	04	21	46	04
15	12	04	21	50	11
15	12	04	22	36	56
15	12	05	00	50	38
15	12	05	00	50	49
15	12	05	00	51	15
15	12	05	04	37	50
15	12	05	04	39	13
15	12	05	10	03	41
15	12	05	10	03	54
15	12	05	10	18	05
15	12	05	10	30	42
15	12	05	10	41	58
15	12	05	10	42	37
15	12	05	10	43	06
15	12	05	12	32	37
15	12	05	13	39	46
15	12	05	13	39	55
15	12	05	13	40	02
15	12	05	13	40	14
15	12	05	13	40	29
15	12	05	13	40	57
15	12	05	13	41	17
15	12	05	13	42	13
15	12	05	15	55	14
15	12	05	15	55	28
15	12	05	15	57	28
15	12	05	16	04	20
15	12	05	16	04	29
15	12	05	16	04	38
15	12	05	16	04	46
15	12	05	16	11	03
15	12	05	16	19	11
15	12	05	16	19	38
15	12	05	16	20	30
15	12	05	16	20	57
15	12	05	16	21	41
15	12	05	16	22	01
15	12	05	16	24	13
15	12	05	16	24	27
15	12	05	16	25	13
15	12	05	16	25	21
15	12	05	16	25	47
15	12	05	16	25	54
15	12	05	16	27	56
15	12	05	16	29	04
15	12	05	16	29	24
15	12	05	16	29	38
15	12	05	16	30	23
15	12	05	16	32	01
15	12	05	16	32	24
15	12	05	16	32	36
15	12	05	16	32	47
15	12	05	16	32	54
15	12	05	16	33	01
15	12	05	16	33	15
15	12	05	16	33	27
15	12	05	16	33	33
15	12	05	16	33	47
15	12	05	16	34	00
15	12	05	16	34	06
15	12	05	16	34	19
15	12	05	16	34	27
15	12	05	16	34	42
15	12	05	16	35	16
15	12	05	16	36	18
15	12	05	16	38	48
15	12	05	16	40	17
15	12	05	16	48	17
15	12	05	17	03	40
15	12	05	18	25	38
15	12	05	18	26	31
15	12	05	21	45	27
15	12	05	21	48	35
15	12	05	21	58	37
15	12	05	22	02	13
15	12	05	22	02	38
15	12	05	22	06	07
15	12	05	22	06	24
15	12	05	22	06	39
15	12	05	22	37	23
15	12	05	22	37	31
15	12	05	22	37	41
15	12	05	22	37	55
15	12	05	22	38	13
15	12	05	22	38	23
15	12	05	22	38	52
15	12	05	22	39	01
15	12	05	22	39	10
15	12	05	22	39	50
15	12	05	22	40	10
15	12	05	22	40	22
15	12	05	22	40	31
15	12	05	22	41	03
15	12	05	22	41	16
15	12	05	22	41	36
15	12	05	22	42	18
15	12	05	22	42	33
15	12	06	09	42	36
15	12	06	09	42	43
15	12	06	09	45	23
15	12	06	09	46	30
15	12	06	09	48	00
15	12	06	10	05	13
15	12	06	10	05	50
15	12	06	10	06	15
15	12	06	10	06	40
15	12	06	10	06	46
15	12	06	10	06	51
15	12	06	10	07	00
15	12	06	10	07	06
15	12	06	10	07	21
15	12	06	10	08	03
15	12	06	10	08	11
15	12	06	10	08	18
15	12	06	10	08	24
15	12	06	10	08	29
15	12	06	10	08	48
15	12	06	10	08	58
15	12	06	10	09	07
15	12	06	10	09	37
15	12	06	10	23	12
15	12	06	10	24	03
15	12	06	10	37	26
15	12	06	10	37	44
15	12	06	10	38	08
15	12	06	10	54	21
15	12	06	10	56	41
15	12	06	11	01	15
15	12	06	11	04	02
15	12	06	11	23	59
15	12	06	11	24	10
15	12	06	11	24	16
15	12	06	11	24	30
15	12	06	11	25	08
15	12	06	11	32	26
15	12	06	11	42	11
15	12	06	11	42	41
15	12	06	11	45	18
15	12	06	11	46	05
15	12	06	11	47	19
15	12	06	15	24	27
15	12	06	15	25	54
15	12	06	15	28	28
15	12	06	15	28	36
15	12	06	15	28	43
15	12	06	15	28	59
15	12	06	15	29	12
15	12	06	15	37	06
15	12	06	15	37	17
15	12	06	15	37	26
15	12	06	15	50	14
15	12	06	15	50	53
15	12	06	15	50	59
15	12	06	15	51	09
15	12	06	15	51	18
15	12	06	15	51	27
15	12	06	15	51	37
15	12	06	15	52	03
15	12	06	15	52	11
15	12	06	15	52	20
15	12	06	15	53	13
15	12	06	15	55	39
15	12	06	15	56	02
15	12	06	15	56	17
15	12	06	15	57	37
15	12	06	15	57	58
15	12	06	15	58	09
15	12	06	15	58	39
15	12	06	15	59	08
15	12	06	15	59	25
15	12	06	16	00	49
15	12	06	16	01	08
15	12	06	16	01	14
15	12	06	16	01	52
15	12	06	16	02	05
15	12	06	16	05	20
15	12	06	16	06	33
15	12	06	16	06	40
15	12	06	16	06	47
15	12	06	16	06	54
15	12	06	16	07	05
15	12	06	16	19	33
15	12	06	16	19	58
15	12	06	16	26	08
15	12	06	16	26	23
15	12	06	16	26	42
15	12	06	16	26	56
15	12	07	00	36	24
15	12	07	00	37	12
15	12	07	00	56	03
15	12	07	06	03	59
15	12	07	11	14	32
15	12	07	11	14	44
15	12	07	11	27	16
15	12	07	11	27	41
15	12	07	11	28	12
15	12	07	11	32	08
15	12	07	11	32	34
15	12	07	11	33	36
15	12	07	11	34	33
15	12	07	11	34	52
15	12	07	11	58	17
15	12	07	11	58	24
15	12	07	11	59	05
15	12	07	11	59	47
15	12	07	12	03	31
15	12	07	16	28	57
15	12	07	16	29	17
15	12	07	16	51	29
15	12	07	16	51	51
15	12	07	16	52	47
15	12	07	16	55	12
15	12	07	16	56	05
15	12	07	18	26	28
15	12	07	18	26	52
15	12	07	18	27	03
15	12	07	18	27	22
15	12	07	18	27	42
15	12	07	18	36	39
15	12	07	18	45	17
15	12	07	18	45	35
15	12	07	18	46	15
15	12	07	18	46	22
15	12	07	18	46	35
15	12	07	18	47	30
15	12	07	18	48	09
15	12	07	19	00	07
15	12	07	19	02	37
15	12	07	19	02	50
15	12	07	19	02	58
15	12	07	19	03	07
15	12	07	19	06	07
15	12	07	19	06	15
15	12	07	19	09	37
15	12	07	19	09	54
15	12	07	19	10	06
15	12	07	19	10	17
15	12	07	19	45	14
15	12	07	19	47	52
15	12	07	19	48	17
15	12	07	19	56	53
15	12	07	19	57	17
15	12	07	20	04	48
15	12	07	20	05	19
15	12	07	20	06	34
15	12	07	20	06	41
15	12	07	20	09	02
15	12	07	20	09	35
15	12	07	20	09	49
15	12	07	20	11	09
15	12	07	20	15	13
15	12	07	20	15	33
15	12	07	20	15	39
15	12	07	20	15	59
15	12	07	20	16	10
15	12	07	20	16	42
15	12	07	20	21	44
15	12	07	20	22	07
15	12	07	20	22	24
15	12	07	20	29	08
15	12	07	20	29	24
15	12	07	20	30	27
15	12	07	20	31	03
15	12	07	20	31	14
15	12	07	20	32	34
15	12	07	20	38	58
15	12	07	20	41	52
15	12	07	20	47	29
15	12	07	20	48	19
15	12	07	20	48	32
15	12	07	20	49	25
15	12	07	20	50	10
15	12	07	20	53	07
15	12	07	20	53	51
15	12	07	20	55	12
15	12	07	20	55	26
15	12	07	20	57	56
15	12	07	21	03	07
15	12	07	21	19	27
15	12	07	21	20	44
15	12	07	21	21	48
15	12	07	21	22	07
15	12	07	21	23	48
15	12	07	21	26	22
15	12	07	21	32	55
15	12	07	21	33	02
15	12	07	21	33	13
15	12	07	21	33	59
15	12	07	21	38	37
15	12	07	21	44	09
15	12	07	21	45	58
15	12	07	22	08	46
15	12	07	22	08	53
15	12	07	22	15	23
15	12	07	22	21	43
15	12	07	22	22	25
15	12	07	22	22	32
15	12	07	22	22	57
15	12	07	22	23	44
15	12	07	22	24	06
15	12	07	22	30	56
15	12	07	22	31	08
15	12	07	22	36	25
15	12	07	22	37	39
15	12	07	22	37	45
15	12	07	22	38	49
15	12	07	22	39	01
15	12	07	22	39	07
15	12	07	22	39	36
15	12	07	22	41	06
15	12	07	22	41	24
15	12	07	22	42	53
15	12	07	22	43	13
15	12	07	22	43	23
15	12	07	22	46	31
15	12	07	22	48	18
15	12	07	22	48	39
15	12	07	22	49	31
15	12	07	22	53	55
15	12	07	22	54	36
15	12	07	23	03	39
15	12	07	23	05	19
15	12	07	23	09	24
15	12	07	23	09	54
15	12	07	23	10	02
15	12	07	23	10	46
15	12	07	23	57	00
15	12	07	23	57	21
15	12	07	23	58	31
15	12	07	23	58	52
15	12	07	23	59	13
15	12	07	23	59	54
15	12	08	00	00	14
15	12	08	00	01	06
15	12	08	00	04	34
15	12	08	00	04	47
15	12	08	00	08	41
15	12	08	00	10	07
15	12	08	00	12	32
15	12	08	00	15	35
15	12	08	00	25	16
15	12	08	00	29	52
15	12	08	00	32	11
15	12	08	00	32	33
15	12	08	00	33	02
15	12	08	00	33	50
15	12	08	00	34	01
15	12	08	00	35	26
15	12	08	00	35	38
15	12	08	00	36	14
15	12	08	08	46	29
15	12	08	08	46	36
15	12	08	08	49	34
15	12	08	08	53	18
15	12	08	08	54	14
15	12	08	08	59	23
15	12	08	08	59	44
15	12	08	08	59	49
15	12	08	08	59	58
15	12	08	09	01	56
15	12	08	09	02	49
15	12	08	10	38	44
15	12	08	10	50	41
15	12	08	10	50	50
15	12	08	10	58	00
15	12	08	11	00	05
15	12	08	11	12	56
15	12	08	11	26	06
15	12	08	11	26	49
15	12	08	11	28	20
15	12	08	11	29	11
15	12	08	11	29	37
15	12	08	11	29	57
15	12	08	11	31	34
15	12	08	11	32	02
15	12	08	11	32	09
15	12	08	11	32	15
15	12	08	11	37	28
15	12	08	11	39	20
15	12	08	11	39	30
15	12	08	11	39	38
15	12	08	11	39	45
15	12	08	11	40	22
15	12	08	11	41	18
15	12	08	11	48	46
15	12	08	11	52	15
15	12	08	11	53	00
15	12	08	11	53	18
15	12	08	11	54	11
15	12	08	11	54	30
15	12	08	11	57	23
15	12	08	12	00	23
15	12	08	12	00	56
15	12	08	12	05	12
15	12	08	12	15	45
15	12	08	12	29	56
15	12	08	12	30	43
15	12	08	12	31	49
15	12	08	12	32	03
15	12	08	12	32	19
15	12	08	12	32	25
15	12	08	12	32	48
15	12	08	12	33	00
15	12	08	12	33	15
15	12	08	12	33	26
15	12	09	19	27	51
15	12	09	19	28	04
15	12	10	10	46	35
15	12	10	19	37	21
15	12	11	19	27	57
15	12	14	19	31	54
15	12	15	19	14	02
15	12	15	19	15	03
15	12	15	19	24	06
15	12	15	19	24	25
15	12	15	19	24	38
15	12	15	19	24	53
15	12	15	19	25	02
15	12	15	19	25	19
15	12	15	19	25	34
15	12	16	19	27	34
15	12	17	19	45	31
15	12	28	20	01	41
15	12	30	20	18	58
15	12	30	20	19	09
16	01	04	19	24	20
16	01	05	20	10	32
16	01	06	19	15	37
16	01	07	19	25	05
16	01	08	19	27	19
16	01	12	15	48	21
16	01	12	15	48	39
16	01	12	15	49	22
16	01	12	15	49	48
16	01	12	15	49	57
16	01	12	15	50	20
16	01	12	19	23	47
16	01	13	19	17	26
16	01	14	18	02	10
16	01	15	19	16	47
16	01	17	13	36	46
16	01	17	13	36	52
16	01	17	13	37	04
16	01	17	13	37	11
16	01	17	13	37	25
16	01	17	13	37	33
