15	11	03	20	19	30
15	11	03	20	19	42
15	11	03	20	19	52
15	11	03	20	20	05
15	11	03	20	20	12
15	11	03	20	20	21
15	11	03	20	20	49
15	11	03	20	21	02
15	11	03	20	21	07
15	11	03	20	21	13
15	11	03	20	21	25
15	11	03	20	21	37
15	11	03	20	21	45
15	11	03	20	22	07
15	11	03	20	22	14
15	11	03	20	22	21
15	11	03	20	22	28
15	11	03	20	22	41
15	11	03	20	22	48
15	11	03	20	22	57
15	11	03	20	23	07
15	11	03	20	23	19
15	11	03	20	23	59
15	11	03	20	24	06
15	11	03	20	24	26
15	11	03	20	24	59
15	11	03	20	25	07
15	11	03	20	25	20
15	11	03	20	25	31
15	11	03	20	26	04
15	11	03	20	26	48
15	11	03	20	27	09
15	11	03	20	27	25
15	11	03	20	27	57
15	11	03	20	29	03
15	11	03	20	33	40
15	11	03	20	33	55
15	11	03	20	34	10
15	11	03	20	34	18
15	11	03	20	34	32
15	11	03	20	34	37
15	11	03	20	34	52
15	11	03	20	34	57
15	11	03	20	44	04
15	11	03	20	50	12
15	11	03	20	50	26
15	11	03	20	50	38
15	11	03	20	50	48
15	11	03	20	51	00
15	11	03	20	51	08
15	11	03	20	51	24
15	11	03	20	53	08
15	11	03	20	54	39
15	11	03	21	02	18
15	11	03	21	02	35
15	11	03	21	03	55
15	11	03	21	04	42
15	11	03	21	05	25
15	11	03	21	05	46
15	11	03	21	06	09
15	11	03	21	07	08
15	11	03	21	10	52
15	11	03	21	11	28
15	11	03	21	12	11
15	11	03	21	12	23
15	11	03	21	17	59
15	11	03	21	19	51
15	11	03	21	24	29
15	11	03	21	26	17
15	11	03	21	32	51
15	11	03	21	33	12
15	11	03	21	33	19
15	11	03	21	38	01
15	11	03	21	45	57
15	11	03	21	49	42
15	11	03	21	49	59
15	11	03	21	50	52
15	11	03	22	01	14
15	11	03	22	04	20
15	11	03	22	04	40
15	11	03	22	05	06
15	11	03	22	06	03
15	11	03	22	10	08
15	11	03	22	12	16
15	11	03	22	12	54
15	11	03	22	14	06
15	11	03	22	15	48
15	11	03	22	17	10
15	11	03	22	18	10
15	11	03	22	18	23
15	11	03	22	18	52
15	11	03	22	19	47
15	11	03	22	19	54
15	11	03	22	20	08
15	11	03	22	21	36
15	11	03	22	22	33
15	11	03	22	22	40
15	11	03	22	23	23
15	11	03	22	23	30
15	11	03	22	23	47
15	11	03	22	24	03
15	11	03	22	24	27
15	11	03	22	24	32
15	11	03	22	24	56
15	11	03	22	25	02
15	11	03	22	25	12
15	11	03	22	25	36
15	11	03	22	25	56
15	11	03	22	26	18
15	11	03	22	26	46
15	11	03	22	27	25
15	11	03	22	28	08
15	11	03	22	28	43
15	11	03	22	28	51
15	11	03	22	30	22
15	11	03	22	30	38
15	11	03	22	31	06
15	11	03	22	31	53
15	11	03	22	32	37
15	11	03	22	33	20
15	11	03	22	33	36
15	11	03	22	33	52
15	11	03	22	34	10
15	11	03	22	34	20
15	11	03	22	34	37
15	11	03	22	34	57
15	11	03	22	35	05
15	11	03	22	35	15
15	11	03	22	36	48
15	11	03	22	39	05
15	11	03	22	41	05
15	11	03	22	41	50
15	11	03	22	42	43
15	11	03	22	43	42
15	11	03	22	47	09
15	11	03	22	48	08
15	11	03	22	54	25
15	11	03	22	57	31
15	11	03	22	58	34
15	11	03	23	01	08
15	11	03	23	13	50
15	11	03	23	13	56
15	11	03	23	14	11
15	11	03	23	14	22
15	11	03	23	16	30
15	11	03	23	16	41
15	11	03	23	20	53
15	11	03	23	24	49
15	11	03	23	29	40
15	11	03	23	30	17
15	11	04	00	15	33
15	11	04	01	20	50
15	11	04	01	37	23
15	11	04	01	37	31
15	11	04	01	39	33
15	11	04	01	39	50
15	11	04	01	40	09
15	11	04	01	47	05
15	11	04	02	13	20
15	11	04	02	22	49
15	11	04	02	31	22
15	11	04	02	37	59
15	11	04	02	38	27
15	11	04	03	18	53
15	11	04	03	28	00
15	11	04	03	49	16
15	11	04	03	54	04
15	11	04	03	58	21
15	11	04	05	40	01
15	11	04	05	40	10
15	11	04	05	40	21
15	11	04	05	40	29
15	11	04	05	53	54
15	11	04	05	54	40
15	11	04	05	55	57
15	11	04	06	08	02
15	11	04	08	04	55
15	11	04	08	05	10
15	11	04	08	40	18
15	11	04	09	13	07
15	11	04	11	27	38
15	11	04	11	40	21
15	11	04	11	41	29
15	11	04	11	42	15
15	11	04	11	43	06
15	11	04	11	43	33
15	11	04	15	37	46
15	11	04	15	37	54
15	11	04	15	40	05
15	11	04	15	40	17
15	11	04	15	40	48
15	11	04	15	40	55
15	11	04	16	13	42
15	11	04	16	21	18
15	11	04	16	21	49
15	11	04	17	32	34
15	11	04	19	12	42
15	11	04	19	12	56
15	11	04	19	13	12
15	11	04	19	13	27
15	11	04	19	13	33
15	11	04	19	13	40
15	11	04	19	14	29
15	11	04	19	15	31
15	11	04	19	16	04
15	11	04	19	16	17
15	11	04	19	16	28
15	11	04	19	16	33
15	11	04	19	16	42
15	11	04	19	17	37
15	11	04	19	17	46
15	11	04	19	17	52
15	11	04	19	18	00
15	11	04	19	18	31
15	11	04	19	18	56
15	11	04	19	19	12
15	11	04	19	19	51
15	11	04	19	20	10
15	11	04	19	20	29
15	11	04	19	20	38
15	11	04	19	20	51
15	11	04	19	24	58
15	11	04	19	25	21
15	11	04	19	25	28
15	11	04	19	25	37
15	11	04	19	26	35
15	11	04	19	26	44
15	11	04	19	26	56
15	11	04	19	27	15
15	11	04	19	27	22
15	11	04	19	27	33
15	11	04	19	27	43
15	11	04	19	27	49
15	11	04	19	27	57
15	11	04	19	28	17
15	11	04	19	28	39
15	11	04	19	28	45
15	11	04	19	28	52
15	11	04	19	29	08
15	11	04	19	29	25
15	11	04	19	29	33
15	11	04	19	29	46
15	11	04	19	30	04
15	11	04	19	30	19
15	11	04	19	30	26
15	11	04	19	30	33
15	11	04	19	30	43
15	11	04	19	30	51
15	11	04	19	31	07
15	11	04	19	31	35
15	11	04	19	31	50
15	11	04	19	32	01
15	11	04	19	32	16
15	11	04	19	32	28
15	11	04	19	32	36
15	11	04	19	32	56
15	11	04	19	33	05
15	11	04	19	33	13
15	11	04	19	33	24
15	11	04	19	33	35
15	11	04	19	33	52
15	11	04	19	34	29
15	11	04	19	35	42
15	11	04	19	35	57
15	11	04	19	36	22
15	11	04	19	36	41
15	11	04	19	36	46
15	11	04	19	36	58
15	11	04	19	37	26
15	11	04	19	37	56
15	11	04	19	38	36
15	11	04	19	39	33
15	11	04	19	40	20
15	11	04	19	40	53
15	11	04	19	41	13
15	11	04	19	41	35
15	11	04	19	41	43
15	11	04	19	42	03
15	11	04	19	42	20
15	11	04	19	42	44
15	11	04	19	42	57
15	11	04	19	43	20
15	11	04	19	43	29
15	11	04	19	43	44
15	11	04	19	44	07
15	11	04	19	44	52
15	11	04	19	44	59
15	11	04	19	45	35
15	11	04	19	46	10
15	11	04	19	48	17
15	11	04	20	27	52
15	11	04	20	29	41
15	11	04	20	29	47
15	11	04	20	36	20
15	11	04	20	36	55
15	11	04	20	38	21
15	11	04	20	38	38
15	11	04	20	38	48
15	11	04	20	38	53
15	11	04	20	39	06
15	11	04	21	05	30
15	11	04	21	05	41
15	11	04	21	07	17
15	11	04	21	08	00
15	11	04	21	14	27
15	11	04	21	15	25
15	11	04	21	15	54
15	11	04	21	16	35
15	11	04	21	16	44
15	11	04	21	16	54
15	11	04	21	17	21
15	11	04	21	18	16
15	11	04	21	18	29
15	11	04	21	18	56
15	11	04	21	19	05
15	11	04	21	19	21
15	11	04	21	19	30
15	11	04	21	19	44
15	11	04	21	19	59
15	11	04	21	20	09
15	11	04	21	20	25
15	11	04	21	20	34
15	11	04	21	20	43
15	11	04	21	21	01
15	11	04	21	21	09
15	11	04	21	21	30
15	11	04	21	23	22
15	11	04	21	23	56
15	11	04	21	24	36
15	11	04	21	25	39
15	11	04	21	26	37
15	11	04	21	26	50
15	11	04	21	28	56
15	11	04	21	29	08
15	11	04	21	31	58
15	11	04	21	32	06
15	11	04	21	38	02
15	11	04	21	38	15
15	11	04	21	45	03
15	11	04	23	06	51
15	11	04	23	06	58
15	11	04	23	07	07
15	11	04	23	13	13
15	11	04	23	13	21
15	11	04	23	13	54
15	11	04	23	14	04
15	11	04	23	14	16
15	11	04	23	14	22
15	11	04	23	14	50
15	11	04	23	15	32
15	11	17	18	37	36
15	11	17	18	37	41
15	11	18	08	22	02
15	11	18	08	22	20
15	11	18	08	22	26
15	11	18	08	22	40
15	11	18	08	22	55
15	11	18	08	23	02
15	11	18	08	23	19
15	11	18	08	23	29
15	11	18	08	24	32
15	11	18	08	24	39
15	11	18	08	24	46
15	11	18	08	25	22
15	11	18	08	25	48
15	11	18	08	26	25
15	11	18	08	26	45
15	11	18	08	27	08
15	11	18	08	27	21
15	11	18	08	27	28
15	11	18	08	27	49
15	11	18	08	28	58
15	11	18	08	29	29
15	11	18	08	29	52
15	11	18	08	30	44
15	11	18	08	31	15
15	11	18	08	31	20
15	11	18	08	32	21
15	11	18	08	34	43
15	11	18	08	35	01
15	11	18	08	35	26
15	11	18	08	35	49
15	11	18	08	36	09
15	11	18	08	36	25
15	11	18	08	36	57
15	11	18	08	37	04
15	11	18	08	37	09
15	11	18	08	37	24
15	11	18	08	37	29
15	11	18	08	37	39
15	11	18	08	37	44
15	11	18	08	38	15
15	11	18	08	38	20
15	11	18	08	38	38
15	11	18	08	39	05
15	11	18	08	39	11
15	11	18	08	39	23
15	11	18	09	02	01
15	11	18	09	02	20
15	11	18	09	02	57
15	11	18	09	39	08
15	11	18	09	42	26
15	11	18	09	42	48
15	11	18	09	43	27
15	11	18	09	43	31
15	11	18	09	43	56
15	11	18	09	44	03
15	11	18	09	44	10
15	11	18	09	44	43
15	11	18	09	45	03
15	11	18	09	45	20
15	11	18	09	45	25
15	11	18	09	46	52
15	11	18	09	47	00
15	11	18	09	47	15
15	11	18	09	50	47
15	11	18	09	51	03
15	11	18	09	51	15
15	11	18	09	51	28
15	11	18	09	58	06
15	11	18	09	58	22
15	11	18	09	59	10
15	11	18	09	59	21
15	11	18	09	59	31
15	11	18	09	59	39
15	11	18	09	59	53
15	11	18	10	00	01
15	11	18	10	00	10
15	11	18	10	00	30
15	11	18	10	00	39
15	11	18	10	01	05
15	11	18	10	01	23
15	11	18	10	03	19
15	11	18	10	03	26
15	11	18	10	03	36
15	11	18	10	03	59
15	11	18	10	04	13
15	11	18	10	04	28
15	11	18	10	04	44
15	11	18	10	04	55
15	11	18	10	05	13
15	11	18	10	05	22
15	11	18	10	05	31
15	11	18	10	13	53
15	11	18	10	22	47
15	11	18	10	34	57
15	11	18	10	35	09
15	11	18	10	35	31
15	11	18	10	36	39
15	11	18	10	37	35
15	11	18	10	40	04
15	11	18	10	40	17
15	11	18	10	40	49
15	11	18	10	40	58
15	11	18	10	41	04
15	11	18	10	41	16
15	11	18	10	41	22
15	11	18	10	41	32
15	11	18	10	42	06
15	11	18	10	57	06
15	11	18	10	57	56
15	11	18	11	03	36
15	11	18	11	11	15
15	11	18	11	14	40
15	11	18	11	16	02
15	11	18	11	18	31
15	11	18	11	19	05
15	11	18	11	19	19
15	11	18	11	20	12
15	11	18	11	20	28
15	11	18	11	20	44
15	11	18	11	20	53
15	11	18	11	21	39
15	11	18	11	21	46
15	11	18	11	50	54
15	11	18	11	51	39
15	11	18	11	52	15
15	11	18	11	53	38
15	11	18	11	54	42
15	11	18	11	57	24
15	11	18	11	58	13
15	11	18	11	58	22
15	11	18	11	58	36
15	11	18	11	58	51
15	11	18	11	59	28
15	11	18	11	59	36
15	11	18	11	59	51
15	11	18	12	00	10
15	11	18	12	11	11
15	11	18	12	12	28
15	11	18	12	15	49
15	11	18	12	18	40
15	11	18	12	50	53
15	11	18	12	53	48
15	11	18	13	04	31
15	11	18	13	05	03
15	11	18	13	18	49
15	11	18	13	19	53
15	11	18	13	20	08
15	11	18	13	28	11
15	11	18	13	30	06
15	11	18	13	36	34
15	11	18	13	38	16
15	11	18	13	55	37
15	11	18	14	01	15
15	11	18	14	02	32
15	11	18	14	02	43
15	11	18	14	04	33
15	11	18	14	04	40
15	11	18	14	05	50
15	11	18	14	06	06
15	11	18	14	07	01
15	11	18	14	07	09
15	11	18	14	13	05
15	11	18	14	14	19
15	11	18	14	17	39
15	11	18	14	17	44
15	11	18	14	19	44
15	11	18	14	19	55
15	11	18	14	42	06
15	11	18	14	48	40
15	11	18	14	48	47
15	11	18	14	49	30
15	11	18	14	51	15
15	11	18	15	04	31
15	11	18	15	07	05
15	11	18	15	16	56
15	11	18	15	18	08
15	11	18	15	46	35
15	11	18	15	48	06
15	11	18	15	50	53
15	11	18	15	52	17
15	11	18	16	25	29
15	11	18	16	26	26
15	11	18	16	39	20
15	11	18	16	40	38
15	11	18	17	19	37
15	11	18	17	22	04
15	11	18	17	25	55
15	11	18	17	28	52
15	11	18	17	34	09
15	11	18	17	35	27
15	11	18	17	38	15
15	11	18	17	39	19
15	11	18	17	39	43
15	11	18	17	49	11
15	11	18	17	50	36
15	11	18	17	53	55
15	11	18	17	54	40
15	11	18	18	07	08
15	11	18	18	08	40
15	11	18	18	11	58
15	11	18	18	12	07
15	11	18	18	13	57
15	11	18	18	17	32
15	11	18	18	19	49
15	11	18	18	20	42
15	11	18	18	50	53
15	11	18	18	51	39
15	11	18	18	51	56
15	11	18	19	17	30
15	11	18	19	19	28
15	11	18	19	48	05
15	11	18	19	48	32
15	11	18	19	51	34
15	11	18	19	55	43
15	11	18	20	11	29
15	11	18	20	13	37
15	11	18	20	26	12
15	11	18	20	26	37
15	11	18	20	37	55
15	11	18	20	39	11
15	11	18	20	39	18
15	11	18	20	44	19
15	11	18	21	24	09
15	11	18	21	25	23
15	11	18	22	00	55
15	11	18	22	01	09
15	11	18	22	08	39
15	11	18	22	08	46
15	11	18	22	23	28
15	11	18	22	26	37
15	11	18	22	37	56
15	11	18	22	39	22
15	11	18	22	39	47
15	11	18	22	40	32
15	11	18	22	49	43
15	11	18	22	53	07
15	11	18	22	53	17
15	11	18	23	21	51
15	11	18	23	26	27
15	11	19	01	13	07
15	11	19	01	14	08
15	11	19	01	18	18
15	11	19	01	19	33
15	11	19	03	43	15
15	11	19	03	47	00
15	11	19	03	47	15
15	11	19	03	47	24
15	11	19	03	47	32
15	11	19	03	47	40
15	11	19	03	48	17
15	11	19	03	56	51
15	11	19	04	07	01
15	11	19	04	08	54
15	11	19	04	12	41
15	11	19	04	15	15
15	11	19	04	21	43
15	11	19	04	21	52
15	11	19	04	22	15
15	11	19	04	22	22
15	11	19	04	24	27
15	11	19	04	24	51
15	11	19	04	28	31
15	11	19	04	28	38
15	11	19	04	29	14
15	11	19	04	30	51
15	11	19	04	31	15
15	11	19	04	31	41
15	11	19	04	33	47
15	11	19	04	33	56
15	11	19	05	01	04
15	11	19	05	01	25
15	11	19	05	01	36
15	11	19	05	03	27
15	11	19	05	03	40
15	11	19	05	03	49
15	11	19	05	03	55
15	11	19	05	04	33
15	11	19	05	26	36
15	11	19	05	27	25
15	11	19	05	28	44
15	11	19	05	29	49
15	11	19	05	30	00
15	11	19	05	38	44
15	11	19	05	39	44
15	11	19	05	41	44
15	11	19	05	42	04
15	11	19	05	43	02
15	11	19	05	51	28
15	11	19	05	51	36
15	11	19	05	52	31
15	11	19	05	58	42
15	11	19	05	59	17
15	11	19	05	59	48
15	11	19	06	00	18
15	11	19	06	00	39
15	11	19	06	01	14
15	11	19	06	01	28
15	11	19	06	02	02
15	11	19	06	02	44
15	11	19	06	03	00
15	11	19	06	04	07
15	11	19	06	12	19
15	11	19	06	12	33
15	11	19	06	13	42
15	11	19	06	14	40
15	11	19	06	16	18
15	11	19	06	17	19
15	11	19	06	17	29
15	11	19	06	18	08
15	11	19	06	18	36
15	11	19	06	20	31
15	11	19	06	20	39
15	11	19	06	20	55
15	11	19	06	22	15
15	11	19	06	24	14
15	11	19	06	27	44
15	11	19	06	27	57
15	11	19	06	31	44
15	11	19	06	32	12
15	11	19	06	32	35
15	11	19	06	32	52
15	11	19	06	33	24
15	11	19	06	34	33
15	11	19	06	34	57
15	11	19	06	35	04
15	11	19	06	35	10
15	11	19	06	35	43
15	11	19	06	37	14
15	11	19	06	37	46
15	11	19	06	37	52
15	11	19	06	38	09
15	11	19	06	38	19
15	11	19	06	41	05
15	11	19	06	42	32
15	11	19	06	43	26
15	11	19	06	43	56
15	11	19	06	44	09
15	11	19	06	45	08
15	11	19	06	47	29
15	11	19	06	52	16
15	11	19	06	52	51
15	11	19	06	57	23
15	11	19	07	00	03
15	11	19	07	00	28
15	11	19	07	03	04
15	11	19	07	03	14
15	11	19	07	04	12
15	11	19	07	04	25
15	11	19	07	05	00
15	11	19	07	06	15
15	11	19	07	06	25
15	11	19	07	07	34
15	11	19	07	07	46
15	11	19	07	08	50
15	11	19	07	08	56
15	11	19	07	09	50
15	11	19	07	11	04
15	11	19	07	12	56
15	11	19	07	13	10
15	11	19	07	13	39
15	11	19	07	14	04
15	11	19	07	14	20
15	11	19	07	14	28
15	11	19	07	15	03
15	11	19	07	16	14
15	11	19	07	16	50
15	11	19	07	17	49
15	11	19	07	17	59
15	11	19	07	18	41
15	11	19	07	18	49
15	11	19	07	18	58
15	11	19	07	20	51
15	11	19	07	21	14
15	11	19	07	22	21
15	11	19	07	23	04
15	11	19	07	23	57
15	11	19	07	24	08
15	11	19	07	24	34
15	11	19	07	24	47
15	11	19	07	25	07
15	11	19	07	27	52
15	11	19	07	28	14
15	11	19	07	28	30
15	11	19	07	28	51
15	11	19	07	29	22
15	11	19	07	29	49
15	11	19	07	30	23
15	11	19	07	30	41
15	11	19	07	30	53
15	11	19	07	31	11
15	11	19	07	31	45
15	11	19	07	31	57
15	11	19	07	32	32
15	11	19	07	33	39
15	11	19	07	33	45
15	11	19	07	34	09
15	11	19	07	35	03
15	11	19	07	35	17
15	11	19	07	35	23
15	11	19	07	44	30
15	11	19	08	08	12
15	11	19	08	08	39
15	11	19	08	08	53
15	11	19	08	11	16
15	11	19	08	41	31
15	11	19	08	43	41
15	11	19	08	45	24
15	11	19	08	45	35
15	11	19	08	46	47
15	11	19	08	47	19
15	11	19	08	50	59
15	11	19	08	52	39
15	11	19	08	54	10
15	11	19	08	54	18
15	11	19	08	54	27
15	11	19	09	09	59
15	11	19	09	12	30
15	11	19	09	37	53
15	11	19	09	39	08
15	11	19	09	40	14
15	11	19	09	41	09
15	11	19	09	41	35
15	11	19	09	42	07
15	11	19	09	42	27
15	11	19	09	43	01
15	11	19	10	01	40
15	11	19	10	02	18
15	11	19	10	02	53
15	11	19	10	04	44
15	11	19	10	05	11
15	11	19	10	06	22
15	11	19	10	06	49
15	11	19	10	07	16
15	11	19	10	07	28
15	11	19	10	13	30
15	11	19	10	13	49
15	11	19	10	28	59
15	11	19	10	29	14
15	11	19	10	33	02
15	11	19	10	38	35
15	11	19	10	40	23
15	11	19	10	51	12
15	11	19	10	51	43
15	11	19	11	10	07
15	11	19	11	13	11
15	11	19	11	21	37
15	11	19	11	21	55
15	11	19	11	22	00
15	11	19	11	48	28
15	11	19	11	50	06
15	11	19	11	50	20
15	11	19	11	57	58
15	11	19	11	58	06
15	11	19	11	58	50
15	11	19	12	00	03
15	11	19	12	02	08
15	11	19	12	02	45
15	11	19	12	04	14
15	11	19	12	05	51
15	11	19	12	08	07
15	11	19	12	08	42
15	11	19	12	09	23
15	11	19	12	09	32
15	11	19	12	19	16
15	11	19	12	19	46
15	11	19	12	19	54
15	11	19	12	20	02
15	11	19	12	20	12
15	11	19	13	08	03
15	11	19	13	08	28
15	11	19	13	09	31
15	11	19	13	10	56
15	11	19	13	12	41
15	11	19	13	14	19
15	11	19	13	15	41
15	11	19	13	18	44
15	11	19	13	24	35
15	11	19	13	26	00
15	11	19	13	26	47
15	11	19	13	27	44
15	11	19	13	30	29
15	11	19	13	31	57
15	11	19	13	35	24
15	11	19	13	36	53
15	11	19	13	37	05
15	11	19	13	45	18
15	11	19	13	45	24
15	11	19	13	45	43
15	11	19	13	45	53
15	11	19	13	54	58
15	11	19	13	55	26
15	11	19	13	59	52
15	11	19	14	21	09
15	11	19	14	23	49
15	11	19	14	30	13
15	11	19	14	34	19
15	11	19	15	27	08
15	11	19	15	28	34
15	11	19	15	31	27
15	11	19	15	32	47
15	11	19	15	41	30
15	11	19	15	45	20
15	11	19	15	57	17
15	11	19	16	01	17
15	11	19	16	01	24
15	11	19	16	03	28
15	11	19	16	04	44
15	11	19	16	16	29
15	11	19	16	17	06
15	11	19	16	17	14
15	11	19	16	27	37
15	11	19	16	29	28
15	11	19	16	30	01
15	11	19	16	30	27
15	11	19	16	38	55
15	11	19	16	40	30
15	11	19	16	40	54
15	11	19	16	42	29
15	11	19	16	42	47
15	11	19	17	03	42
15	11	19	17	05	25
15	11	19	17	14	28
15	11	19	17	15	05
15	11	19	17	17	19
15	11	19	17	19	01
15	11	19	17	19	11
15	11	19	17	21	40
15	11	19	17	25	00
15	11	19	17	26	15
15	11	19	17	28	35
15	11	19	17	28	58
15	11	19	17	33	08
15	11	19	17	48	30
15	11	19	17	50	14
15	11	19	17	51	23
15	11	19	17	52	31
15	11	19	18	29	45
15	11	19	18	32	47
15	11	19	19	35	07
15	11	19	19	35	54
15	11	19	19	49	59
15	11	19	19	50	31
15	11	19	19	56	06
15	11	19	19	57	10
15	11	19	20	02	22
15	11	19	20	04	24
15	11	19	20	04	30
15	11	19	20	36	37
15	11	19	20	36	47
15	11	19	20	44	07
15	11	19	21	05	09
15	11	19	21	06	05
15	11	19	21	30	59
15	11	19	21	31	09
15	11	19	21	31	20
15	11	19	21	33	39
15	11	19	21	34	00
15	11	19	21	34	15
15	11	19	21	34	34
15	11	19	21	34	43
15	11	19	21	40	38
15	11	19	21	42	16
15	11	19	21	43	52
15	11	19	21	45	01
15	11	19	21	46	35
15	11	19	21	51	02
15	11	19	21	56	32
15	11	19	21	58	02
15	11	19	21	58	18
15	11	19	21	58	31
15	11	19	22	00	33
15	11	19	22	10	03
15	11	19	22	23	04
15	11	19	22	24	01
15	11	19	22	31	03
15	11	19	22	32	02
15	11	19	23	02	05
15	11	19	23	04	20
15	11	19	23	20	19
15	11	19	23	21	40
15	11	19	23	23	51
15	11	19	23	25	02
15	11	19	23	25	19
15	11	20	00	23	42
15	11	20	00	34	30
15	11	20	01	55	35
15	11	20	01	56	10
15	11	20	02	26	35
15	11	20	02	27	52
15	11	20	03	01	50
15	11	20	03	10	35
15	11	20	03	10	51
15	11	20	04	44	18
15	11	20	04	44	29
15	11	20	04	45	19
15	11	20	04	45	54
15	11	20	04	46	05
15	11	20	04	47	58
15	11	20	04	48	12
15	11	20	04	48	44
15	11	20	04	48	57
15	11	20	04	49	02
15	11	20	04	49	30
15	11	20	04	49	42
15	11	20	04	49	54
15	11	20	04	50	19
15	11	20	04	54	04
15	11	20	04	59	48
15	11	20	05	06	58
15	11	20	05	11	06
15	11	20	05	12	36
15	11	20	05	15	16
15	11	20	05	15	36
15	11	20	05	16	27
15	11	20	05	25	47
15	11	20	05	29	02
15	11	20	05	29	23
15	11	20	05	29	40
15	11	20	05	29	57
15	11	20	05	30	53
15	11	20	05	38	30
15	11	20	05	38	43
15	11	20	05	39	05
15	11	20	05	40	57
15	11	20	05	43	05
15	11	20	05	57	53
15	11	20	05	58	32
15	11	20	05	59	23
15	11	20	05	59	30
15	11	20	05	59	58
15	11	20	06	00	32
15	11	20	06	01	15
15	11	20	06	01	42
15	11	20	06	01	59
15	11	20	06	02	37
15	11	20	06	03	16
15	11	20	06	03	31
15	11	20	06	04	24
15	11	20	06	04	39
15	11	20	06	05	23
15	11	20	06	05	32
15	11	20	06	07	03
15	11	20	06	07	16
15	11	20	06	08	22
15	11	20	06	08	31
15	11	20	06	08	53
15	11	20	06	10	45
15	11	20	06	11	49
15	11	20	06	13	45
15	11	20	06	16	01
15	11	20	06	16	48
15	11	20	06	17	53
15	11	20	06	19	34
15	11	20	06	20	51
15	11	20	06	20	58
15	11	20	06	22	39
15	11	20	06	22	46
15	11	20	06	23	18
15	11	20	06	23	28
15	11	20	06	24	35
15	11	20	06	25	48
15	11	20	06	27	22
15	11	20	06	29	30
15	11	20	06	29	57
15	11	20	06	30	47
15	11	20	06	31	13
15	11	20	06	31	21
15	11	20	06	31	44
15	11	20	06	33	35
15	11	20	06	33	49
15	11	20	06	35	21
15	11	20	06	37	59
15	11	20	06	38	37
15	11	20	06	41	16
15	11	20	06	44	04
15	11	20	06	48	43
15	11	20	06	48	52
15	11	20	06	51	08
15	11	20	06	52	28
15	11	20	06	53	57
15	11	20	06	54	08
15	11	20	06	55	03
15	11	20	06	55	25
15	11	20	06	56	42
15	11	20	06	56	57
15	11	20	06	57	03
15	11	20	06	57	12
15	11	20	06	57	23
15	11	20	06	59	32
15	11	20	06	59	45
15	11	20	06	59	54
15	11	20	07	00	28
15	11	20	07	01	10
15	11	20	07	01	50
15	11	20	07	02	32
15	11	20	07	03	11
15	11	20	07	03	59
15	11	20	07	05	57
15	11	20	07	06	04
15	11	20	07	06	24
15	11	20	07	06	51
15	11	20	07	07	13
15	11	20	07	08	32
15	11	20	07	09	01
15	11	20	07	10	06
15	11	20	07	10	26
15	11	20	07	11	46
15	11	20	07	12	50
15	11	20	07	13	57
15	11	20	07	14	29
15	11	20	07	15	52
15	11	20	07	17	00
15	11	20	07	17	24
15	11	20	07	17	31
15	11	20	07	17	54
15	11	20	07	18	37
15	11	20	07	18	43
15	11	20	07	20	54
15	11	20	07	24	45
15	11	20	07	28	19
15	11	20	07	44	14
15	11	20	07	47	54
15	11	20	08	31	28
15	11	20	08	31	52
15	11	20	08	32	25
15	11	20	08	33	17
15	11	20	08	33	33
15	11	20	08	33	49
15	11	20	08	34	09
15	11	20	08	35	35
15	11	20	09	06	55
15	11	20	09	10	24
15	11	20	09	19	05
15	11	20	09	23	09
15	11	20	09	24	05
15	11	20	09	24	14
15	11	20	09	25	28
15	11	20	09	49	28
15	11	20	10	03	20
15	11	20	10	05	24
15	11	20	10	08	45
15	11	20	10	28	30
15	11	20	10	30	17
15	11	20	10	36	42
15	11	20	10	39	37
15	11	20	10	39	46
15	11	20	10	55	14
15	11	20	11	03	22
15	11	20	11	20	47
15	11	20	11	21	00
15	11	20	11	22	25
15	11	20	11	22	57
15	11	20	11	23	13
15	11	20	11	24	16
15	11	20	11	24	27
15	11	20	11	24	34
15	11	20	11	26	25
15	11	20	11	27	19
15	11	20	11	32	17
15	11	20	11	34	30
15	11	20	11	35	01
15	11	20	11	35	08
15	11	20	11	35	33
15	11	20	11	35	45
15	11	20	11	35	53
15	11	20	11	36	30
15	11	20	11	36	38
15	11	20	11	38	13
15	11	20	11	38	27
15	11	20	11	38	42
15	11	20	11	39	13
15	11	20	11	39	40
15	11	20	11	40	13
15	11	20	11	40	29
15	11	20	12	08	34
15	11	20	12	10	21
15	11	20	12	19	18
15	11	20	12	20	05
15	11	20	12	34	54
15	11	20	12	35	45
15	11	20	12	50	08
15	11	20	12	52	37
15	11	20	12	53	53
15	11	20	12	57	13
15	11	20	13	15	08
15	11	20	13	16	04
15	11	20	13	19	04
15	11	20	13	20	26
15	11	20	13	36	26
15	11	20	13	37	22
15	11	20	13	37	58
15	11	20	13	38	54
15	11	20	13	39	58
15	11	20	13	43	14
15	11	20	13	56	44
15	11	20	13	57	42
15	11	20	13	57	51
15	11	20	14	07	09
15	11	20	14	08	20
15	11	20	14	31	50
15	11	20	14	32	51
15	11	20	14	36	36
15	11	20	14	38	15
15	11	20	15	15	08
15	11	20	15	15	14
15	11	20	15	16	09
15	11	20	16	02	35
15	11	20	16	05	55
15	11	20	16	10	29
15	11	20	16	11	37
15	11	20	16	33	11
15	11	20	16	37	03
15	11	20	16	52	53
15	11	20	16	54	02
15	11	20	17	07	34
15	11	20	17	08	11
15	11	20	17	14	45
15	11	20	17	17	15
15	11	20	17	17	35
15	11	20	17	18	51
15	11	20	17	32	15
15	11	20	17	33	15
15	11	20	17	38	30
15	11	20	17	39	11
15	11	20	17	44	13
15	11	20	17	44	40
15	11	20	18	01	24
15	11	20	18	03	32
15	11	20	18	04	54
15	11	20	18	05	35
15	11	20	18	05	46
15	11	20	18	07	35
15	11	20	18	15	00
15	11	20	18	15	23
15	11	20	18	15	30
15	11	20	18	18	48
15	11	20	18	21	16
15	11	20	18	21	37
15	11	20	18	27	19
15	11	20	18	27	48
15	11	20	18	29	48
15	11	20	18	34	00
15	11	20	18	36	34
15	11	20	18	39	10
15	11	20	18	40	16
15	11	20	18	41	01
15	11	20	18	43	02
15	11	20	18	43	45
15	11	20	19	04	53
15	11	20	19	08	08
15	11	20	19	08	23
15	11	20	19	08	33
15	11	20	19	11	07
15	11	20	19	11	23
15	11	20	19	12	45
15	11	20	19	13	18
15	11	20	19	17	50
15	11	20	19	19	39
15	11	20	20	13	12
15	11	20	20	16	43
15	11	20	20	18	20
15	11	20	20	24	08
15	11	20	20	49	45
15	11	20	20	51	21
15	11	20	21	59	42
15	11	20	22	00	37
15	11	20	22	00	43
15	11	20	22	07	09
15	11	20	22	08	41
15	11	20	22	57	45
15	11	20	22	57	57
15	11	20	23	10	14
15	11	20	23	11	00
15	11	20	23	48	40
15	11	20	23	49	18
15	11	20	23	50	39
15	11	20	23	52	03
15	11	20	23	59	59
15	11	21	00	01	03
15	11	21	00	01	09
15	11	21	00	01	45
15	11	21	00	02	23
15	11	21	04	01	17
15	11	21	04	01	40
15	11	21	04	08	13
15	11	21	04	12	09
15	11	21	04	29	51
15	11	21	04	32	06
15	11	21	04	39	42
15	11	21	04	40	03
15	11	21	04	43	57
15	11	21	04	44	09
15	11	21	04	51	27
15	11	21	06	03	04
15	11	21	06	04	14
15	11	21	06	04	28
15	11	21	06	04	57
15	11	21	06	07	10
15	11	21	06	07	27
15	11	21	06	07	40
15	11	21	06	08	43
15	11	21	06	09	21
15	11	21	06	09	26
15	11	21	06	10	21
15	11	21	06	12	30
15	11	21	06	15	49
15	11	21	06	26	04
15	11	21	06	26	22
15	11	21	06	30	52
15	11	21	06	34	14
15	11	21	06	34	28
15	11	21	06	34	49
15	11	21	06	36	04
15	11	21	07	16	05
15	11	21	07	16	26
15	11	21	07	22	20
15	11	21	08	25	01
15	11	21	08	25	59
15	11	21	08	29	53
15	11	21	08	34	44
15	11	21	09	57	42
15	11	21	09	59	41
15	11	21	09	59	46
15	11	21	09	59	52
15	11	21	11	25	28
15	11	21	11	28	06
15	11	21	11	33	12
15	11	21	11	34	13
15	11	21	11	35	36
15	11	21	11	40	29
15	11	21	11	50	17
15	11	21	11	51	14
15	11	21	12	08	12
15	11	21	12	09	30
15	11	21	12	09	36
15	11	21	12	29	50
15	11	21	12	30	52
15	11	21	12	46	37
15	11	21	12	47	13
15	11	21	13	02	09
15	11	21	13	02	20
15	11	21	13	03	15
15	11	21	13	20	12
15	11	21	13	21	45
15	11	21	14	06	56
15	11	21	14	07	08
15	11	21	14	07	21
15	11	21	14	09	12
15	11	21	14	15	33
15	11	21	14	16	46
15	11	21	14	25	29
15	11	21	14	26	50
15	11	21	14	36	51
15	11	21	14	37	22
15	11	21	14	57	49
15	11	21	15	17	59
15	11	21	15	25	47
15	11	21	15	30	13
15	11	21	15	35	48
15	11	21	15	37	14
15	11	21	15	42	10
15	11	21	15	43	04
15	11	21	16	08	22
15	11	21	16	09	38
15	11	21	16	26	01
15	11	21	16	27	22
15	11	21	16	35	21
15	11	21	16	36	18
15	11	21	17	16	50
15	11	21	17	18	14
15	11	21	17	18	42
15	11	21	17	19	00
15	11	21	17	30	28
15	11	21	17	32	05
15	11	21	17	33	45
15	11	21	17	34	23
15	11	21	17	34	50
15	11	21	17	37	02
15	11	21	17	52	57
15	11	21	17	53	32
15	11	21	18	03	51
15	11	21	18	04	29
15	11	21	18	11	06
15	11	21	18	12	17
15	11	21	18	14	45
15	11	21	18	18	30
15	11	21	18	23	34
15	11	21	18	25	13
15	11	21	18	31	07
15	11	21	18	32	05
15	11	21	18	50	24
15	11	21	19	04	19
15	11	21	19	05	20
15	11	21	19	05	30
15	11	21	19	05	38
15	11	21	19	06	00
15	11	21	19	06	41
15	11	21	19	20	28
15	11	21	19	21	40
15	11	21	19	25	35
15	11	21	19	25	56
15	11	21	19	44	28
15	11	21	19	45	45
15	11	21	19	56	34
15	11	21	19	58	14
15	11	21	20	08	50
15	11	21	20	10	58
15	11	21	21	33	25
15	11	21	21	33	31
15	11	21	21	34	43
15	11	21	22	14	20
15	11	21	22	15	53
15	11	22	04	02	54
15	11	22	04	03	30
15	11	22	04	32	28
15	11	22	04	37	59
15	11	22	04	47	37
15	11	22	04	47	45
15	11	22	04	47	57
15	11	22	04	51	18
15	11	22	05	10	16
15	11	22	05	10	29
15	11	22	05	13	19
15	11	22	05	13	27
15	11	22	05	16	20
15	11	22	05	18	32
15	11	22	05	18	39
15	11	22	05	21	34
15	11	22	05	23	28
15	11	22	05	29	09
15	11	22	05	30	25
15	11	22	05	30	59
15	11	22	05	31	47
15	11	22	06	13	42
15	11	22	06	14	38
15	11	22	06	15	12
15	11	22	06	18	47
15	11	22	06	20	30
15	11	22	06	20	48
15	11	22	06	21	13
15	11	22	06	21	34
15	11	22	06	22	14
15	11	22	06	32	59
15	11	22	06	33	12
15	11	22	06	33	47
15	11	22	06	34	56
15	11	22	06	35	07
15	11	22	06	45	24
15	11	22	08	24	47
15	11	22	08	24	53
15	11	22	08	26	53
15	11	22	09	40	01
15	11	22	09	41	11
15	11	22	10	17	51
15	11	22	10	19	18
15	11	22	10	24	13
15	11	22	10	29	09
15	11	22	10	51	19
15	11	22	10	52	08
15	11	22	10	52	32
15	11	22	10	52	40
15	11	22	11	08	10
15	11	22	11	09	31
15	11	22	11	22	10
15	11	22	11	23	51
15	11	22	11	24	11
15	11	22	11	24	53
15	11	22	11	57	38
15	11	22	11	59	03
15	11	22	12	15	53
15	11	22	12	17	43
15	11	22	12	20	44
15	11	22	12	21	03
15	11	22	12	38	22
15	11	22	12	40	02
15	11	22	12	40	26
15	11	22	12	44	07
15	11	22	13	28	34
15	11	22	13	29	00
15	11	22	14	07	44
15	11	22	14	08	48
15	11	22	14	08	59
15	11	22	14	09	05
15	11	22	15	08	28
15	11	22	15	11	52
15	11	22	15	12	21
15	11	22	15	16	53
15	11	22	15	17	59
15	11	22	15	38	56
15	11	22	15	39	48
15	11	22	15	59	23
15	11	22	16	00	27
15	11	22	16	21	26
15	11	22	16	26	19
15	11	22	16	47	38
15	11	22	16	48	31
15	11	22	16	49	47
15	11	22	16	52	45
15	11	22	17	13	40
15	11	22	17	15	55
15	11	22	17	16	05
15	11	22	17	36	54
15	11	22	17	37	01
15	11	22	17	41	56
15	11	22	17	51	13
15	11	22	17	53	03
15	11	22	17	53	37
15	11	22	17	55	08
15	11	22	17	57	25
15	11	22	17	57	44
15	11	22	18	08	59
15	11	22	18	09	11
15	11	22	18	09	19
15	11	22	18	09	36
15	11	22	18	09	56
15	11	22	18	10	13
15	11	22	18	10	23
15	11	22	18	10	45
15	11	22	18	10	54
15	11	22	18	11	02
15	11	22	18	11	13
15	11	22	18	11	21
15	11	22	18	35	18
15	11	22	18	36	32
15	11	22	19	02	04
15	11	22	19	06	56
15	11	22	19	16	47
15	11	22	19	19	02
15	11	22	19	25	38
15	11	22	19	27	06
15	11	22	19	35	44
15	11	22	19	36	37
15	11	22	19	46	00
15	11	22	19	50	27
15	11	22	20	07	20
15	11	22	20	09	17
15	11	22	20	15	09
15	11	22	20	17	38
15	11	22	20	26	10
15	11	22	20	30	12
15	11	22	20	39	02
15	11	22	20	40	32
15	11	22	21	04	25
15	11	22	21	04	46
15	11	22	21	28	19
15	11	22	21	29	42
15	11	22	23	12	51
15	11	22	23	16	16
15	11	23	00	18	29
15	11	23	00	27	55
15	11	23	00	29	11
15	11	23	01	17	58
15	11	23	01	18	09
15	11	23	01	18	56
15	11	23	01	19	13
15	11	23	01	20	31
15	11	23	01	21	16
15	11	23	01	21	32
15	11	23	01	21	53
15	11	23	01	22	14
15	11	23	01	22	32
15	11	23	01	22	40
15	11	23	01	22	49
15	11	23	01	22	56
15	11	23	01	23	08
15	11	23	01	24	23
15	11	23	01	24	33
15	11	23	01	25	33
15	11	23	01	25	41
15	11	23	01	26	08
15	11	23	01	26	43
15	11	23	01	27	50
15	11	23	01	28	06
15	11	23	01	28	34
15	11	23	01	30	41
15	11	23	01	31	13
15	11	23	01	33	02
15	11	23	01	33	15
15	11	23	01	33	22
15	11	23	01	54	14
15	11	23	02	37	17
15	11	23	02	37	37
15	11	23	04	07	29
15	11	23	04	08	55
15	11	23	04	16	02
15	11	23	04	16	37
15	11	23	06	17	09
15	11	23	06	18	26
15	11	23	07	46	18
15	11	23	07	50	33
15	11	23	08	04	06
15	11	23	08	05	12
15	11	23	08	07	33
15	11	23	08	09	39
15	11	23	08	09	47
15	11	23	08	32	29
15	11	23	08	33	01
15	11	23	08	40	38
15	11	23	08	47	41
15	11	23	08	49	44
15	11	23	08	50	17
15	11	23	09	00	59
15	11	23	09	02	28
15	11	23	09	05	48
15	11	23	09	06	38
15	11	23	09	22	19
15	11	23	09	30	37
15	11	23	09	37	25
15	11	23	09	41	47
15	11	23	10	05	58
15	11	23	10	06	20
15	11	23	10	06	38
15	11	23	10	08	02
15	11	23	10	10	00
15	11	23	10	13	41
15	11	23	10	13	48
15	11	23	10	19	48
15	11	23	10	19	57
15	11	23	10	23	19
15	11	23	10	24	05
15	11	23	10	55	27
15	11	23	10	57	05
15	11	23	10	58	21
15	11	23	10	59	25
15	11	23	11	03	30
15	11	23	11	05	04
15	11	23	11	14	22
15	11	23	11	19	32
15	11	23	11	58	44
15	11	23	12	00	17
15	11	23	12	04	19
15	11	23	12	07	22
15	11	23	12	07	33
15	11	23	12	22	46
15	11	23	12	24	29
15	11	23	12	38	35
15	11	23	12	38	42
15	11	23	12	38	52
15	11	23	12	55	59
15	11	23	12	56	12
15	11	23	12	57	06
15	11	23	12	57	18
15	11	23	13	00	18
15	11	23	13	18	25
15	11	23	13	19	34
15	11	23	13	20	00
15	11	23	13	20	59
15	11	23	13	23	39
15	11	23	13	25	12
15	11	23	13	30	03
15	11	23	13	30	14
15	11	23	13	32	17
15	11	23	13	33	12
15	11	23	13	33	18
15	11	23	14	57	20
15	11	23	14	59	03
15	11	23	15	02	22
15	11	23	15	03	15
15	11	23	15	49	57
15	11	23	15	52	43
15	11	23	15	55	54
15	11	23	15	57	51
15	11	23	17	02	38
15	11	23	17	03	52
15	11	23	17	07	52
15	11	23	17	08	04
15	11	23	17	30	46
15	11	23	17	31	55
15	11	23	17	34	29
15	11	23	17	39	09
15	11	23	17	44	15
15	11	23	17	45	22
15	11	23	17	46	58
15	11	23	17	47	37
15	11	23	17	50	17
15	11	23	17	50	41
15	11	23	17	54	36
15	11	23	17	55	52
15	11	23	17	55	58
15	11	23	18	32	42
15	11	23	18	33	15
15	11	23	18	34	46
15	11	23	18	36	16
15	11	23	18	42	06
15	11	23	18	42	35
15	11	23	18	52	34
15	11	23	18	53	20
15	11	23	19	00	27
15	11	23	19	01	53
15	11	23	19	06	26
15	11	23	19	08	24
15	11	23	19	10	08
15	11	23	19	27	35
15	11	23	19	27	46
15	11	23	19	31	45
15	11	23	19	35	14
15	11	23	19	35	23
15	11	23	19	37	37
15	11	23	19	38	37
15	11	23	19	39	43
15	11	23	19	49	37
15	11	23	19	51	42
15	11	23	19	51	50
15	11	23	19	51	59
15	11	23	20	05	42
15	11	23	20	07	14
15	11	23	20	21	06
15	11	23	20	23	15
15	11	23	20	25	09
15	11	23	20	28	04
15	11	23	20	49	35
15	11	23	20	51	18
15	11	23	20	58	53
15	11	23	20	59	06
15	11	23	20	59	13
15	11	23	21	00	59
15	11	23	21	02	26
15	11	23	21	46	11
15	11	23	21	47	51
15	11	23	21	48	12
15	11	23	21	49	12
15	11	23	21	50	50
15	11	23	22	03	37
15	11	23	22	04	20
15	11	23	22	11	21
15	11	23	22	11	40
15	11	23	22	13	19
15	11	23	22	15	15
15	11	23	22	42	35
15	11	23	22	46	10
15	11	23	23	07	50
15	11	23	23	14	12
15	11	23	23	15	04
15	11	23	23	45	31
15	11	23	23	46	55
15	11	23	23	54	06
15	11	23	23	55	29
15	11	24	00	33	22
15	11	24	00	34	46
15	11	24	01	14	25
15	11	24	01	16	06
15	11	24	01	22	12
15	11	24	01	22	22
15	11	24	01	22	54
15	11	24	01	25	48
15	11	24	01	25	57
15	11	24	01	26	29
15	11	24	01	28	14
15	11	24	01	28	39
15	11	24	01	29	22
15	11	24	01	29	37
15	11	24	01	29	49
15	11	24	01	30	01
15	11	24	01	31	46
15	11	24	01	31	56
15	11	24	01	33	06
15	11	24	01	33	16
15	11	24	01	33	41
15	11	24	01	33	53
15	11	24	01	34	31
15	11	24	01	34	39
15	11	24	01	35	10
15	11	24	01	35	45
15	11	24	01	36	55
15	11	24	01	41	18
15	11	24	01	41	51
15	11	24	01	46	09
15	11	24	01	46	39
15	11	24	01	59	22
15	11	24	01	59	31
15	11	24	02	00	14
15	11	24	02	00	32
15	11	24	02	44	17
15	11	24	02	44	31
15	11	24	02	46	32
15	11	24	02	47	05
15	11	24	02	47	19
15	11	24	02	47	33
15	11	24	02	48	05
15	11	24	02	48	13
15	11	24	02	48	36
15	11	24	02	49	00
15	11	24	02	49	15
15	11	24	03	01	50
15	11	24	03	02	15
15	11	24	03	22	23
15	11	24	03	22	35
15	11	24	03	22	46
15	11	24	04	20	05
15	11	24	04	20	35
15	11	24	04	41	30
15	11	24	04	41	59
15	11	24	05	07	45
15	11	24	05	08	04
15	11	24	05	08	23
15	11	24	05	09	52
15	11	24	05	11	58
15	11	24	05	13	18
15	11	24	05	13	31
15	11	24	05	22	43
15	11	24	05	29	29
15	11	24	05	30	25
15	11	24	07	30	05
15	11	24	07	31	57
15	11	24	07	37	01
15	11	24	07	38	24
15	11	24	07	42	46
15	11	24	07	51	19
15	11	24	08	09	03
15	11	24	08	09	47
15	11	24	08	21	24
15	11	24	08	21	59
15	11	24	09	40	00
15	11	24	09	40	17
15	11	24	09	40	40
15	11	24	09	40	47
15	11	24	09	59	25
15	11	24	10	00	41
15	11	24	10	20	42
15	11	24	10	26	12
15	11	24	11	06	09
15	11	24	11	08	13
15	11	24	11	08	47
15	11	24	11	16	07
15	11	24	11	27	01
15	11	24	11	28	06
15	11	24	11	46	11
15	11	24	11	47	40
15	11	24	11	58	10
15	11	24	11	59	50
15	11	24	12	37	11
15	11	24	12	38	31
15	11	24	13	09	26
15	11	24	13	20	06
15	11	24	13	20	27
15	11	24	13	21	38
15	11	24	13	23	08
15	11	24	13	28	19
15	11	24	13	29	28
15	11	24	13	36	09
15	11	24	13	38	00
15	11	24	13	53	51
15	11	24	13	54	35
15	11	24	13	55	04
15	11	24	13	55	10
15	11	24	13	55	30
15	11	24	13	55	38
15	11	24	14	38	01
15	11	24	14	39	35
15	11	24	15	03	41
15	11	24	15	06	54
15	11	24	15	07	03
15	11	24	15	11	46
15	11	24	15	12	05
15	11	24	15	13	23
15	11	24	15	15	50
15	11	24	15	20	09
15	11	24	15	31	51
15	11	24	15	39	55
15	11	24	16	25	28
15	11	24	16	26	52
15	11	24	16	32	16
15	11	24	16	32	23
15	11	24	16	33	21
15	11	24	16	33	40
15	11	24	16	33	48
15	11	24	16	34	11
15	11	24	16	34	20
15	11	24	16	35	24
15	11	24	16	35	54
15	11	24	16	39	17
15	11	24	16	40	04
15	11	24	16	45	38
15	11	24	16	47	02
15	11	24	17	22	42
15	11	24	17	25	36
15	11	24	17	25	49
15	11	24	17	27	09
15	11	24	17	35	21
15	11	24	17	36	52
15	11	24	17	37	04
15	11	24	17	41	19
15	11	24	17	41	31
15	11	24	17	47	48
15	11	24	17	48	25
15	11	24	17	59	28
15	11	24	18	00	59
15	11	24	18	54	29
15	11	24	18	56	06
15	11	24	19	03	45
15	11	24	19	04	32
15	11	24	19	10	13
15	11	24	19	12	04
15	11	24	19	31	55
15	11	24	19	33	08
15	11	24	19	38	22
15	11	24	20	05	53
15	11	24	20	19	15
15	11	24	20	19	57
15	11	24	20	38	24
15	11	24	20	40	16
15	11	24	21	07	48
15	11	24	21	10	45
15	11	24	21	35	04
15	11	24	21	35	29
15	11	24	21	38	06
15	11	24	21	41	24
15	11	24	22	03	34
15	11	24	22	05	10
15	11	24	22	35	44
15	11	24	22	36	39
15	11	24	22	37	15
15	11	24	22	38	42
15	11	24	22	41	41
15	11	24	22	42	49
15	11	25	00	34	01
15	11	25	00	35	29
15	11	25	01	11	38
15	11	25	01	11	48
15	11	25	01	12	55
15	11	25	01	13	08
15	11	25	01	13	18
15	11	25	01	15	19
15	11	25	01	15	29
15	11	25	01	15	40
15	11	25	01	17	09
15	11	25	01	17	19
15	11	25	01	17	35
15	11	25	01	19	16
15	11	25	01	19	26
15	11	25	01	22	43
15	11	25	01	22	57
15	11	25	01	25	36
15	11	25	01	25	49
15	11	25	01	27	31
15	11	25	01	27	53
15	11	25	01	35	26
15	11	25	01	35	37
15	11	25	01	48	45
15	11	25	02	05	30
15	11	25	02	05	45
15	11	25	02	05	58
15	11	25	03	41	39
15	11	25	03	44	03
15	11	25	03	44	20
15	11	25	03	44	32
15	11	25	07	02	26
15	11	25	07	03	39
15	11	25	07	39	21
15	11	25	07	45	06
15	11	25	08	23	46
15	11	25	08	24	59
15	11	25	08	26	34
15	11	25	08	32	47
15	11	25	08	32	53
15	11	25	09	16	48
15	11	25	09	16	56
15	11	25	09	17	55
15	11	25	09	30	59
15	11	25	09	33	01
15	11	25	09	33	11
15	11	25	09	48	32
15	11	25	09	49	51
15	11	25	09	58	31
15	11	25	09	59	59
15	11	25	10	31	51
15	11	25	10	33	33
15	11	25	10	38	32
15	11	25	10	43	13
15	11	25	10	57	23
15	11	25	10	57	58
15	11	25	11	29	01
15	11	25	11	30	49
15	11	25	11	35	44
15	11	25	11	37	30
15	11	25	11	51	28
15	11	25	11	54	25
15	11	25	12	20	39
15	11	25	12	24	48
15	11	25	12	30	28
15	11	25	12	30	41
15	11	25	12	32	21
15	11	25	12	33	31
15	11	25	12	33	40
15	11	25	12	34	15
15	11	25	12	34	22
15	11	25	12	34	35
15	11	25	12	35	23
15	11	25	12	58	49
15	11	25	13	00	24
15	11	25	13	08	49
15	11	25	13	10	46
15	11	25	13	14	14
15	11	25	13	15	19
15	11	25	13	15	37
15	11	25	13	16	25
15	11	25	13	16	38
15	11	25	13	17	22
15	11	25	13	17	31
15	11	25	13	17	46
15	11	25	13	30	00
15	11	25	13	31	06
15	11	25	13	39	04
15	11	25	13	39	56
15	11	25	13	41	46
15	11	25	13	41	58
15	11	25	13	42	11
15	11	25	13	44	26
15	11	25	13	45	12
15	11	25	14	13	50
15	11	25	14	14	41
15	11	25	14	14	49
15	11	25	14	15	49
15	11	25	14	15	57
15	11	25	14	19	44
15	11	25	14	20	19
15	11	25	14	20	33
15	11	25	14	21	00
15	11	25	14	22	55
15	11	25	14	23	45
15	11	25	14	39	47
15	11	25	14	41	44
15	11	25	14	48	43
15	11	25	14	49	30
15	11	25	15	02	53
15	11	25	15	03	00
15	11	25	15	03	57
15	11	25	15	04	05
15	11	25	15	12	28
15	11	25	15	14	43
15	11	25	15	31	53
15	11	25	15	39	28
15	11	25	15	40	45
15	11	25	16	10	40
15	11	25	16	11	54
15	11	25	16	31	03
15	11	25	16	32	11
15	11	25	17	06	04
15	11	25	17	06	20
15	11	25	17	19	40
15	11	25	17	21	28
15	11	25	17	22	33
15	11	25	18	33	01
15	11	25	18	33	48
15	11	25	18	33	54
15	11	25	18	34	20
15	11	25	18	50	05
15	11	25	18	53	26
15	11	25	18	53	45
15	11	25	19	00	44
15	11	25	19	11	23
15	11	25	19	28	31
15	11	25	19	28	59
15	11	25	22	04	31
15	11	25	22	05	53
15	11	25	23	32	33
15	11	25	23	32	57
15	11	25	23	36	14
15	11	25	23	36	24
15	11	25	23	38	15
15	11	25	23	38	57
15	11	26	00	25	11
15	11	26	00	31	29
15	11	26	00	31	35
15	11	26	04	27	41
15	11	26	04	34	43
15	11	26	04	34	50
15	11	26	04	35	06
15	11	26	06	49	22
15	11	26	06	49	29
15	11	26	06	49	39
15	11	26	06	51	03
15	11	26	06	51	37
15	11	26	06	51	48
15	11	26	06	54	23
15	11	26	07	01	16
15	11	26	07	01	33
15	11	26	07	03	39
15	11	26	07	04	15
15	11	26	07	05	38
15	11	26	07	06	32
15	11	26	07	06	49
15	11	26	07	07	05
15	11	26	07	17	42
15	11	26	07	19	08
15	11	26	07	19	15
15	11	26	07	19	29
15	11	26	07	19	44
15	11	26	07	19	50
15	11	26	07	33	35
15	11	26	07	34	04
15	11	27	11	29	16
15	11	27	11	29	56
15	11	27	11	38	31
15	11	27	11	39	01
15	11	28	08	07	26
15	11	28	08	07	51
15	11	28	08	21	32
15	11	28	10	53	16
15	11	28	10	55	21
15	11	28	11	23	31
15	11	28	11	24	56
15	11	29	12	12	48
15	11	29	12	17	23
15	11	29	12	23	56
15	11	29	12	24	07
15	11	29	12	43	43
15	11	29	12	44	15
15	11	29	13	32	49
15	11	29	13	35	00
15	11	29	16	19	02
15	11	29	16	20	47
15	11	29	16	24	31
15	11	29	16	25	43
15	11	29	16	29	47
15	11	29	16	30	57
15	11	29	16	31	01
15	11	29	16	50	00
15	11	29	16	52	36
15	11	29	17	19	26
15	11	29	17	20	31
15	11	29	17	20	57
15	11	29	19	17	55
15	11	29	19	18	59
15	11	29	19	30	29
15	11	29	19	33	44
15	11	29	19	45	24
15	11	29	19	46	33
15	11	29	19	46	43
15	11	29	19	49	31
15	11	29	19	49	48
15	11	29	19	50	48
15	11	29	20	08	10
15	11	29	20	40	59
15	11	29	20	43	18
15	11	29	20	43	47
15	11	29	20	44	21
15	11	29	21	33	59
15	11	29	21	35	26
15	11	29	21	44	07
15	11	29	21	46	43
15	11	29	22	37	04
15	11	29	22	40	20
15	11	30	01	13	43
15	11	30	01	14	05
15	11	30	01	14	26
15	11	30	01	15	53
15	11	30	01	15	59
15	11	30	01	16	57
15	11	30	01	18	16
15	11	30	01	18	30
15	11	30	01	18	47
15	11	30	01	19	54
15	11	30	01	20	05
15	11	30	01	20	15
15	11	30	01	20	41
15	11	30	01	21	10
15	11	30	01	21	19
15	11	30	01	22	27
15	11	30	01	22	41
15	11	30	01	24	21
15	11	30	01	25	43
15	11	30	01	25	51
15	11	30	01	26	03
15	11	30	01	26	10
15	11	30	01	29	08
15	11	30	01	29	19
15	11	30	01	30	14
15	11	30	01	30	23
15	11	30	02	00	47
15	11	30	02	00	52
15	11	30	02	01	02
15	11	30	02	02	35
15	11	30	02	02	53
15	11	30	02	03	07
15	11	30	03	42	08
15	11	30	03	42	31
15	11	30	07	41	36
15	11	30	07	47	17
15	11	30	07	53	42
15	11	30	07	53	50
15	11	30	07	54	44
15	11	30	07	58	16
15	11	30	08	11	54
15	11	30	08	13	01
15	11	30	08	18	01
15	11	30	08	18	29
15	11	30	08	25	51
15	11	30	08	28	13
15	11	30	08	28	58
15	11	30	08	29	19
15	11	30	08	30	17
15	11	30	08	33	47
15	11	30	08	34	12
15	11	30	08	36	31
15	11	30	08	37	05
15	11	30	08	37	25
15	11	30	08	38	09
15	11	30	08	38	34
15	11	30	08	42	50
15	11	30	08	45	53
15	11	30	08	50	46
15	11	30	08	51	46
15	11	30	08	52	46
15	11	30	09	26	01
15	11	30	09	29	22
15	11	30	09	30	37
15	11	30	09	31	46
15	11	30	09	41	31
15	11	30	09	51	56
15	11	30	09	52	40
15	11	30	09	52	54
15	11	30	09	54	55
15	11	30	09	55	03
15	11	30	10	21	43
15	11	30	10	23	09
15	11	30	10	34	56
15	11	30	10	36	31
15	11	30	10	45	11
15	11	30	10	45	18
15	11	30	10	45	31
15	11	30	10	46	19
15	11	30	10	46	25
15	11	30	10	46	33
15	11	30	10	46	39
15	11	30	10	52	27
15	11	30	10	56	58
15	11	30	11	03	52
15	11	30	11	05	57
15	11	30	11	06	11
15	11	30	11	06	26
15	11	30	11	06	34
15	11	30	11	06	41
15	11	30	11	06	50
15	11	30	11	06	58
15	11	30	11	07	11
15	11	30	11	08	59
15	11	30	11	09	13
15	11	30	11	24	10
15	11	30	11	25	28
15	11	30	11	36	26
15	11	30	11	37	37
15	11	30	11	37	57
15	11	30	11	54	03
15	11	30	11	56	55
15	11	30	12	00	48
15	11	30	12	02	42
15	11	30	12	02	52
15	11	30	12	04	35
15	11	30	12	05	10
15	11	30	12	42	09
15	11	30	12	53	58
15	11	30	13	15	02
15	11	30	13	16	18
15	11	30	13	17	01
15	11	30	13	18	50
15	11	30	13	19	14
15	11	30	13	21	35
15	11	30	13	30	16
15	11	30	13	33	53
15	11	30	13	35	37
15	11	30	13	40	03
15	11	30	13	40	15
15	11	30	13	40	33
15	11	30	13	40	56
15	11	30	13	43	00
15	11	30	14	16	44
15	11	30	14	19	07
15	11	30	14	21	06
15	11	30	14	36	39
15	11	30	14	39	13
15	11	30	14	39	21
15	11	30	14	52	52
15	11	30	14	53	06
15	11	30	14	54	11
15	11	30	14	54	50
15	11	30	14	56	14
15	11	30	15	01	12
15	11	30	15	02	28
15	11	30	15	10	38
15	11	30	15	13	11
15	11	30	15	13	18
15	11	30	15	35	09
15	11	30	15	37	42
15	11	30	15	38	18
15	11	30	15	39	45
15	11	30	15	55	05
15	11	30	15	57	27
15	11	30	15	57	38
15	11	30	15	58	03
15	11	30	15	58	22
15	11	30	15	58	27
15	11	30	16	00	38
15	11	30	16	13	29
15	11	30	16	15	25
15	11	30	16	30	17
15	11	30	16	31	13
15	11	30	16	40	24
15	11	30	16	41	44
15	11	30	17	24	32
15	11	30	17	25	36
15	11	30	17	25	53
15	11	30	17	27	38
15	11	30	17	27	49
15	11	30	17	28	04
15	11	30	17	28	20
15	11	30	17	45	05
15	11	30	17	46	52
15	11	30	17	47	03
15	11	30	17	47	33
15	11	30	18	25	14
15	11	30	18	27	05
15	11	30	18	30	30
15	11	30	18	31	03
15	11	30	18	32	42
15	11	30	18	50	56
15	11	30	18	53	05
15	11	30	19	04	28
15	11	30	19	05	04
15	11	30	19	12	07
15	11	30	19	12	15
15	11	30	19	17	40
15	11	30	19	18	26
15	11	30	19	20	12
15	11	30	19	20	43
15	11	30	19	25	46
15	11	30	19	46	34
15	11	30	19	48	49
15	11	30	19	54	03
15	11	30	19	57	32
15	11	30	20	10	45
15	11	30	20	11	16
15	11	30	20	11	54
15	11	30	20	13	31
15	11	30	20	13	40
15	11	30	20	30	50
15	11	30	20	32	20
15	11	30	21	06	04
15	11	30	21	06	12
15	11	30	21	08	46
15	11	30	21	13	09
15	11	30	21	14	54
15	11	30	21	42	27
15	11	30	21	42	48
15	11	30	21	46	48
15	11	30	21	47	51
15	11	30	21	49	11
15	11	30	21	56	52
15	11	30	21	57	12
15	11	30	22	00	37
15	11	30	22	14	29
15	11	30	22	15	43
15	11	30	22	15	59
15	11	30	22	34	21
15	11	30	22	36	37
15	11	30	23	26	24
15	11	30	23	26	45
15	11	30	23	27	38
15	11	30	23	30	15
15	12	01	00	00	02
15	12	01	00	00	17
15	12	01	00	02	40
15	12	01	00	02	45
15	12	01	00	32	28
15	12	01	00	37	11
15	12	01	01	13	16
15	12	01	01	13	22
15	12	01	01	14	15
15	12	01	01	14	30
15	12	01	01	14	43
15	12	01	01	15	51
15	12	01	01	16	43
15	12	01	01	17	01
15	12	01	01	17	13
15	12	01	01	18	13
15	12	01	01	18	30
15	12	01	01	19	07
15	12	01	01	19	16
15	12	01	01	19	26
15	12	01	01	20	23
15	12	01	01	20	31
15	12	01	01	21	46
15	12	01	01	21	57
15	12	01	01	22	29
15	12	01	01	22	52
15	12	01	01	23	25
15	12	01	01	23	34
15	12	01	01	23	49
15	12	01	01	25	20
15	12	01	01	25	49
15	12	01	01	29	53
15	12	01	01	30	01
15	12	01	01	30	20
15	12	01	01	30	40
15	12	01	01	31	27
15	12	01	01	33	10
15	12	01	01	33	17
15	12	01	01	33	48
15	12	01	01	33	59
15	12	01	01	34	06
15	12	01	01	37	30
15	12	01	01	37	44
15	12	01	01	39	18
15	12	01	01	39	27
15	12	01	02	50	02
15	12	01	02	50	16
15	12	01	02	50	36
15	12	01	02	50	42
15	12	01	02	50	56
15	12	01	02	51	04
15	12	01	02	51	19
15	12	01	03	24	04
15	12	01	03	24	29
15	12	01	03	26	04
15	12	01	03	27	49
15	12	01	03	28	22
15	12	01	03	28	28
15	12	01	03	41	38
15	12	01	03	42	04
15	12	01	04	04	12
15	12	01	04	04	36
15	12	01	05	31	51
15	12	01	05	32	24
15	12	01	05	33	09
15	12	01	05	33	45
15	12	01	07	40	03
15	12	01	07	40	30
15	12	01	07	50	11
15	12	01	07	56	30
15	12	01	07	58	34
15	12	01	08	31	18
15	12	01	08	31	24
15	12	01	08	31	44
15	12	01	08	37	06
15	12	01	08	38	12
15	12	01	08	41	58
15	12	01	08	43	18
15	12	01	08	44	54
15	12	01	08	45	59
15	12	01	08	46	09
15	12	01	08	46	15
15	12	01	08	56	20
15	12	01	09	01	11
15	12	01	09	08	54
15	12	01	09	09	51
15	12	01	09	09	58
15	12	01	09	27	33
15	12	01	09	28	34
15	12	01	09	30	59
15	12	01	09	31	13
15	12	01	09	31	20
15	12	01	09	35	25
15	12	01	09	37	08
15	12	01	09	37	20
15	12	01	10	01	02
15	12	01	10	05	52
15	12	01	10	32	24
15	12	01	10	34	36
15	12	01	11	17	23
15	12	01	11	18	56
15	12	01	11	49	28
15	12	01	11	51	46
15	12	01	11	51	58
15	12	01	11	57	59
15	12	01	11	58	11
15	12	01	12	01	04
15	12	01	12	36	58
15	12	01	12	39	08
15	12	01	13	16	04
15	12	01	13	20	43
15	12	01	13	22	28
15	12	01	13	27	05
15	12	01	13	27	33
15	12	01	13	27	38
15	12	01	13	36	28
15	12	01	13	37	46
15	12	01	14	48	01
15	12	01	14	49	15
15	12	01	15	06	01
15	12	01	15	07	56
15	12	01	15	08	06
15	12	01	15	11	30
15	12	01	15	17	04
15	12	01	15	20	34
15	12	01	15	20	50
15	12	01	15	21	50
15	12	01	15	24	12
15	12	01	15	26	06
15	12	01	15	36	16
15	12	01	15	36	36
15	12	01	15	40	52
15	12	01	16	26	58
15	12	01	16	27	24
15	12	01	16	27	35
15	12	01	16	27	44
15	12	01	16	32	23
15	12	01	17	25	10
15	12	01	17	26	00
15	12	01	17	26	12
15	12	01	17	32	58
15	12	01	17	33	55
15	12	01	17	34	51
15	12	01	17	35	00
15	12	01	17	54	18
15	12	01	17	59	09
15	12	01	18	00	47
15	12	01	18	04	15
15	12	01	18	07	26
15	12	01	18	18	06
15	12	01	18	18	58
15	12	01	18	20	38
15	12	01	18	21	11
15	12	01	18	22	29
15	12	01	18	23	13
15	12	01	18	34	39
15	12	01	18	34	50
15	12	01	19	21	14
15	12	01	19	23	36
15	12	01	19	26	17
15	12	01	19	28	45
15	12	01	19	37	00
15	12	01	19	38	07
15	12	01	19	52	48
15	12	01	19	54	45
15	12	01	20	03	27
15	12	01	20	07	17
15	12	01	21	07	53
15	12	01	21	09	20
15	12	01	21	19	27
15	12	01	21	20	54
15	12	01	21	21	53
15	12	01	21	23	12
15	12	01	22	56	56
15	12	01	22	57	32
15	12	01	23	35	01
15	12	01	23	36	37
15	12	02	00	45	50
15	12	02	00	47	35
15	12	02	00	48	20
15	12	02	00	48	26
15	12	02	01	27	22
15	12	02	01	27	40
15	12	02	01	28	22
15	12	02	01	28	30
15	12	02	01	33	11
15	12	02	01	34	21
15	12	02	03	33	49
15	12	02	03	34	09
15	12	02	04	26	17
15	12	02	04	26	38
15	12	02	04	34	03
15	12	02	04	35	41
15	12	02	04	35	56
15	12	02	04	36	40
15	12	02	04	38	17
15	12	02	04	38	35
15	12	02	04	42	32
15	12	02	04	43	20
15	12	02	04	43	28
15	12	02	04	49	50
15	12	02	04	56	00
15	12	02	05	10	58
15	12	02	05	20	11
15	12	02	06	32	52
15	12	02	06	33	01
15	12	02	06	33	09
15	12	02	06	35	29
15	12	02	07	50	56
15	12	02	07	52	37
15	12	02	07	53	39
15	12	02	07	54	15
15	12	02	07	54	46
15	12	02	07	57	05
15	12	02	08	00	42
15	12	02	08	01	59
15	12	02	08	02	37
15	12	02	08	03	37
15	12	02	08	21	48
15	12	02	08	23	08
15	12	02	08	50	21
15	12	02	08	56	53
15	12	02	08	57	16
15	12	02	09	04	14
15	12	02	09	05	44
15	12	02	09	20	36
15	12	02	09	22	46
15	12	02	09	24	11
15	12	02	09	26	38
15	12	02	09	26	54
15	12	02	09	28	54
15	12	02	09	35	23
15	12	02	09	38	22
15	12	02	09	38	57
15	12	02	09	41	51
15	12	02	09	52	57
15	12	02	09	57	34
15	12	02	10	19	54
15	12	02	10	20	05
15	12	02	10	26	26
15	12	02	10	26	31
15	12	02	10	27	49
15	12	02	10	49	16
15	12	02	10	49	56
15	12	02	10	50	25
15	12	02	10	51	15
15	12	02	11	10	15
15	12	02	11	10	28
15	12	02	11	11	58
15	12	02	11	12	07
15	12	02	11	12	40
15	12	02	11	14	03
15	12	02	11	14	11
15	12	02	11	14	22
15	12	02	11	14	28
15	12	02	11	14	38
15	12	02	11	15	41
15	12	02	11	43	16
15	12	02	11	44	00
15	12	02	12	08	18
15	12	02	12	11	04
15	12	02	12	11	51
15	12	02	12	13	58
15	12	02	12	14	15
15	12	02	12	27	04
15	12	02	12	28	01
15	12	02	12	32	25
15	12	02	12	35	01
15	12	02	12	35	10
15	12	02	12	35	54
15	12	02	12	36	51
15	12	02	12	46	47
15	12	02	12	48	01
15	12	02	13	00	59
15	12	02	13	01	26
15	12	02	13	11	13
15	12	02	13	15	13
15	12	02	13	16	37
15	12	02	13	21	10
15	12	02	13	21	37
15	12	02	13	22	18
15	12	02	13	25	56
15	12	02	13	27	06
15	12	02	13	33	12
15	12	02	13	33	32
15	12	02	13	33	52
15	12	02	13	34	07
15	12	02	13	38	15
15	12	02	13	50	07
15	12	02	13	51	40
15	12	02	13	57	09
15	12	02	13	58	20
15	12	02	14	03	34
15	12	02	14	06	22
15	12	02	14	06	33
15	12	02	14	07	22
15	12	02	14	08	13
15	12	02	14	45	00
15	12	02	14	48	38
15	12	02	14	48	51
15	12	02	14	49	26
15	12	02	14	51	29
15	12	02	14	51	47
15	12	02	14	53	40
15	12	02	14	55	02
15	12	02	14	55	13
15	12	02	14	56	40
15	12	02	14	57	02
15	12	02	14	57	08
15	12	02	15	14	22
15	12	02	15	15	59
15	12	02	15	27	44
15	12	02	15	31	45
15	12	02	15	32	01
15	12	02	15	34	35
15	12	02	15	57	44
15	12	02	15	59	26
15	12	02	16	12	23
15	12	02	16	13	41
15	12	02	16	30	59
15	12	02	16	32	49
15	12	02	17	02	39
15	12	02	17	03	26
15	12	02	17	04	50
15	12	02	17	05	19
15	12	02	17	07	26
15	12	02	17	17	35
15	12	02	17	20	02
15	12	02	17	20	20
15	12	02	17	43	40
15	12	02	17	47	54
15	12	02	18	00	46
15	12	02	18	05	09
15	12	02	18	24	26
15	12	02	18	25	30
15	12	02	18	57	43
15	12	02	18	59	15
15	12	02	18	59	31
15	12	02	19	03	52
15	12	02	19	20	52
15	12	02	19	22	28
15	12	02	19	22	52
15	12	02	19	28	15
15	12	02	19	29	22
15	12	02	19	30	24
15	12	02	19	31	25
15	12	02	19	38	30
15	12	02	19	40	36
15	12	02	19	49	30
15	12	02	19	54	18
15	12	02	20	26	22
15	12	02	20	27	08
15	12	02	20	42	11
15	12	02	20	43	15
15	12	02	20	47	23
15	12	02	20	51	16
15	12	02	20	59	48
15	12	02	21	01	47
15	12	02	21	01	53
15	12	02	21	02	14
15	12	02	21	04	25
15	12	02	21	05	47
15	12	02	21	21	05
15	12	02	21	30	15
15	12	02	21	30	45
15	12	02	21	30	50
15	12	02	21	41	36
15	12	02	21	41	56
15	12	02	21	45	02
15	12	02	21	49	16
15	12	02	22	01	10
15	12	02	22	02	09
15	12	02	22	06	03
15	12	02	22	14	34
15	12	02	22	24	46
15	12	02	22	26	22
15	12	02	22	40	20
15	12	02	22	43	59
15	12	02	23	02	11
15	12	02	23	08	20
15	12	02	23	38	24
15	12	02	23	39	52
15	12	03	00	06	38
15	12	03	00	07	30
15	12	03	01	12	36
15	12	03	01	13	13
15	12	03	02	08	22
15	12	03	02	08	51
15	12	03	05	17	22
15	12	03	05	17	36
15	12	03	05	24	23
15	12	03	05	24	35
15	12	03	05	25	09
15	12	03	05	25	16
15	12	03	05	25	36
15	12	03	05	29	29
15	12	03	06	02	35
15	12	03	06	03	27
15	12	03	06	04	46
15	12	03	06	06	00
15	12	03	06	51	50
15	12	03	06	52	38
15	12	03	07	44	26
15	12	03	07	53	11
15	12	03	08	23	28
15	12	03	08	23	44
15	12	03	08	23	56
15	12	03	08	24	24
15	12	03	08	24	46
15	12	03	08	25	39
15	12	03	08	25	55
15	12	03	08	26	44
15	12	03	08	26	58
15	12	03	08	27	19
15	12	03	08	28	16
15	12	03	08	29	00
15	12	03	08	29	24
15	12	03	08	29	47
15	12	03	08	29	52
15	12	03	08	29	57
15	12	03	08	30	12
15	12	03	08	30	21
15	12	03	08	30	30
15	12	03	08	30	51
15	12	03	08	31	51
15	12	03	08	32	12
15	12	03	08	58	42
15	12	03	09	00	24
15	12	03	09	00	42
15	12	03	09	00	49
15	12	03	09	00	57
15	12	03	09	01	16
15	12	03	09	01	42
15	12	03	09	01	58
15	12	03	09	02	31
15	12	03	09	02	38
15	12	03	09	02	45
15	12	03	09	02	51
15	12	03	09	03	07
15	12	03	09	03	25
15	12	03	09	03	38
15	12	03	09	03	43
15	12	03	09	04	09
15	12	03	09	04	22
15	12	03	09	04	27
15	12	03	09	04	32
15	12	03	09	04	39
15	12	03	09	04	50
15	12	03	09	05	02
15	12	03	09	05	27
15	12	03	09	05	38
15	12	03	09	06	25
15	12	03	09	06	36
15	12	03	09	06	58
15	12	03	09	07	07
15	12	03	09	07	19
15	12	03	09	22	02
15	12	03	09	24	17
15	12	03	09	28	46
15	12	03	09	28	52
15	12	03	09	37	23
15	12	03	09	37	41
15	12	03	09	37	54
15	12	03	09	44	36
15	12	03	09	45	07
15	12	03	09	45	15
15	12	03	09	48	33
15	12	03	09	49	59
15	12	03	09	57	24
15	12	03	09	58	32
15	12	03	10	14	34
15	12	03	10	20	29
15	12	03	10	27	45
15	12	03	10	28	12
15	12	03	10	28	21
15	12	03	10	32	34
15	12	03	10	33	48
15	12	03	10	33	59
15	12	03	11	14	57
15	12	03	11	15	41
15	12	03	11	20	21
15	12	03	11	21	59
15	12	03	11	29	12
15	12	03	11	29	57
15	12	03	11	55	37
15	12	03	11	57	44
15	12	03	12	11	01
15	12	03	12	12	29
15	12	03	12	16	18
15	12	03	12	18	16
15	12	03	12	57	03
15	12	03	13	07	33
15	12	03	13	13	56
15	12	03	13	17	28
15	12	03	13	26	07
15	12	03	13	27	43
15	12	03	13	27	50
15	12	03	13	35	40
15	12	03	13	49	33
15	12	03	13	55	05
15	12	03	13	55	46
15	12	03	14	06	24
15	12	03	14	07	35
15	12	03	14	07	47
15	12	03	14	17	32
15	12	03	14	41	24
15	12	03	14	42	21
15	12	03	14	47	28
15	12	03	14	50	45
15	12	03	15	18	32
15	12	03	15	19	02
15	12	03	15	24	32
15	12	03	15	26	07
15	12	03	15	35	04
15	12	03	15	37	29
15	12	03	15	37	39
15	12	03	15	45	03
15	12	03	15	46	14
15	12	03	15	51	23
15	12	03	15	54	35
15	12	03	16	43	25
15	12	03	16	44	59
15	12	03	17	06	03
15	12	03	17	06	11
15	12	03	17	08	18
15	12	03	17	09	49
15	12	03	17	18	16
15	12	03	17	18	34
15	12	03	17	18	54
15	12	03	17	19	28
15	12	03	17	30	25
15	12	03	17	33	07
15	12	03	17	34	40
15	12	03	17	35	45
15	12	03	17	43	33
15	12	03	17	47	03
15	12	03	17	53	16
15	12	03	17	53	45
15	12	03	17	55	00
15	12	03	18	01	57
15	12	03	19	53	32
15	12	03	19	55	42
15	12	03	20	18	36
15	12	03	20	20	01
15	12	03	20	21	08
15	12	03	20	23	26
15	12	03	20	24	43
15	12	03	20	24	58
15	12	03	20	26	39
15	12	03	20	33	08
15	12	03	20	33	31
15	12	03	20	36	20
15	12	03	20	49	05
15	12	03	20	49	44
15	12	03	20	56	44
15	12	03	21	01	37
15	12	03	21	23	45
15	12	03	21	24	48
15	12	03	21	28	44
15	12	03	21	30	00
15	12	03	21	35	55
15	12	03	21	39	36
15	12	03	21	58	50
15	12	03	21	59	52
15	12	03	22	00	11
15	12	03	22	00	58
15	12	03	22	21	39
15	12	03	22	21	47
15	12	03	22	22	44
15	12	03	22	22	51
15	12	03	22	32	10
15	12	03	22	34	37
15	12	03	22	46	05
15	12	03	22	49	01
15	12	03	22	55	45
15	12	03	22	58	46
15	12	03	23	11	43
15	12	03	23	13	39
15	12	03	23	59	36
15	12	04	00	01	00
15	12	04	00	15	46
15	12	04	00	19	09
15	12	04	00	22	27
15	12	04	00	23	35
15	12	04	01	22	24
15	12	04	01	23	31
15	12	04	01	49	01
15	12	04	01	49	23
15	12	04	02	59	50
15	12	04	03	00	16
15	12	04	04	01	58
15	12	04	04	02	20
15	12	04	04	49	23
15	12	04	04	49	36
15	12	04	04	51	05
15	12	04	04	51	19
15	12	04	04	51	42
15	12	04	04	53	15
15	12	04	04	53	23
15	12	04	04	54	13
15	12	04	04	54	55
15	12	04	04	55	55
15	12	04	04	56	07
15	12	04	04	57	03
15	12	04	04	57	11
15	12	04	05	18	57
15	12	04	05	19	21
15	12	04	05	19	29
15	12	04	05	22	00
15	12	04	05	22	06
15	12	04	05	22	50
15	12	04	05	23	00
15	12	04	05	23	13
15	12	04	05	26	03
15	12	04	05	26	14
15	12	04	05	28	00
15	12	04	05	30	01
15	12	04	05	30	21
15	12	04	05	35	49
15	12	04	05	38	07
15	12	04	05	59	34
15	12	04	05	59	41
15	12	04	06	00	25
15	12	04	06	00	38
15	12	04	06	00	44
15	12	04	06	00	57
15	12	04	06	01	42
15	12	04	06	01	50
15	12	04	06	02	06
15	12	04	06	02	23
15	12	04	06	02	44
15	12	04	06	02	53
15	12	04	06	03	00
15	12	04	06	03	29
15	12	04	06	03	37
15	12	04	06	04	55
15	12	04	06	05	06
15	12	04	06	05	21
15	12	04	06	05	28
15	12	04	06	06	26
15	12	04	06	06	47
15	12	04	06	07	24
15	12	04	06	08	00
15	12	04	06	08	36
15	12	04	06	08	54
15	12	04	06	09	53
15	12	04	06	10	16
15	12	04	06	11	11
15	12	04	06	11	42
15	12	04	06	13	01
15	12	04	06	14	26
15	12	04	06	15	05
15	12	04	06	15	35
15	12	04	06	16	50
15	12	04	06	16	57
15	12	04	06	17	42
15	12	04	06	19	08
15	12	04	06	19	23
15	12	04	06	20	29
15	12	04	06	23	09
15	12	04	06	23	37
15	12	04	06	25	01
15	12	04	06	26	42
15	12	04	06	29	08
15	12	04	06	30	10
15	12	04	06	33	54
15	12	04	06	34	27
15	12	04	06	37	33
15	12	04	06	39	01
15	12	04	06	40	53
15	12	04	06	42	17
15	12	04	06	43	01
15	12	04	06	44	48
15	12	04	06	45	41
15	12	04	06	48	19
15	12	04	06	48	26
15	12	04	06	49	33
15	12	04	06	50	18
15	12	04	06	50	56
15	12	04	06	51	32
15	12	04	06	52	11
15	12	04	06	52	23
15	12	04	06	53	06
15	12	04	06	53	22
15	12	04	06	53	45
15	12	04	06	55	26
15	12	04	06	56	15
15	12	04	06	56	22
15	12	04	06	56	51
15	12	04	06	56	57
15	12	04	06	57	33
15	12	04	06	57	40
15	12	04	06	58	15
15	12	04	06	58	46
15	12	04	06	59	00
15	12	04	06	59	12
15	12	04	06	59	49
15	12	04	07	00	43
15	12	04	07	01	25
15	12	04	07	01	50
15	12	04	07	02	12
15	12	04	07	02	58
15	12	04	07	03	07
15	12	04	07	05	18
15	12	04	07	06	12
15	12	04	07	06	34
15	12	04	07	06	56
15	12	04	07	07	28
15	12	04	07	07	54
15	12	04	07	08	17
15	12	04	07	09	21
15	12	04	07	09	38
15	12	04	07	09	52
15	12	04	07	10	07
15	12	04	07	11	15
15	12	04	07	12	07
15	12	04	07	13	55
15	12	04	07	14	10
15	12	04	07	14	27
15	12	04	07	15	27
15	12	04	07	15	42
15	12	04	07	16	17
15	12	04	07	16	32
15	12	04	07	17	23
15	12	04	07	17	52
15	12	04	07	18	20
15	12	04	07	19	02
15	12	04	07	19	36
15	12	04	07	19	48
15	12	04	07	20	50
15	12	04	07	21	01
15	12	04	07	21	20
15	12	04	07	21	27
15	12	04	07	23	29
15	12	04	08	16	17
15	12	04	08	17	34
15	12	04	08	28	12
15	12	04	08	28	29
15	12	04	09	00	07
15	12	04	09	03	19
15	12	04	09	08	55
15	12	04	09	09	13
15	12	04	09	25	05
15	12	04	09	25	13
15	12	04	09	33	40
15	12	04	09	46	16
15	12	04	09	50	00
15	12	04	09	50	16
15	12	04	10	02	47
15	12	04	10	07	38
15	12	04	10	17	36
15	12	04	10	18	57
15	12	04	10	22	51
15	12	04	10	25	01
15	12	04	10	25	32
15	12	04	10	27	08
15	12	04	10	27	14
15	12	04	10	27	20
15	12	04	10	29	50
15	12	04	10	30	36
15	12	04	10	47	08
15	12	04	10	48	33
15	12	04	10	49	07
15	12	04	10	49	37
15	12	04	10	50	52
15	12	04	10	51	21
15	12	04	10	51	30
15	12	04	10	55	24
15	12	04	10	58	55
15	12	04	11	17	36
15	12	04	11	18	35
15	12	04	11	26	56
15	12	04	11	29	11
15	12	04	11	42	09
15	12	04	11	43	25
15	12	04	12	13	10
15	12	04	12	14	32
15	12	04	13	06	50
15	12	04	13	08	38
15	12	04	13	10	18
15	12	04	13	10	30
15	12	04	13	10	36
15	12	04	13	11	06
15	12	04	13	44	24
15	12	04	13	45	16
15	12	04	13	47	46
15	12	04	13	52	43
15	12	04	13	53	05
15	12	04	13	58	45
15	12	04	13	59	14
15	12	04	14	01	02
15	12	04	14	02	12
15	12	04	14	08	45
15	12	04	14	09	35
15	12	04	14	10	24
15	12	04	14	11	10
15	12	04	14	11	17
15	12	04	14	11	35
15	12	04	14	14	27
15	12	04	14	14	55
15	12	04	14	29	26
15	12	04	14	30	29
15	12	04	14	30	36
15	12	04	14	32	05
15	12	04	14	41	50
15	12	04	14	42	11
15	12	04	14	47	59
15	12	04	14	48	09
15	12	04	14	48	21
15	12	04	14	48	28
15	12	04	14	49	50
15	12	04	14	50	24
15	12	04	14	50	37
15	12	04	14	51	10
15	12	04	14	51	42
15	12	04	14	51	52
15	12	04	14	54	07
15	12	04	14	59	08
15	12	04	15	01	03
15	12	04	15	04	06
15	12	04	15	05	08
15	12	04	15	22	00
15	12	04	15	28	25
15	12	04	15	35	37
15	12	04	15	37	30
15	12	04	15	42	15
15	12	04	15	44	09
15	12	04	16	09	09
15	12	04	16	09	15
15	12	04	16	21	10
15	12	04	16	21	17
15	12	04	16	51	16
15	12	04	16	51	21
15	12	04	17	01	48
15	12	04	17	02	45
15	12	04	17	04	07
15	12	04	17	06	59
15	12	04	17	10	43
15	12	04	17	11	37
15	12	04	17	11	50
15	12	04	17	14	33
15	12	04	17	18	49
15	12	04	17	20	27
15	12	04	17	55	40
15	12	04	18	17	57
15	12	04	18	29	35
15	12	04	18	35	00
15	12	04	18	44	00
15	12	04	18	50	56
15	12	04	19	08	07
15	12	04	19	08	43
15	12	04	19	15	42
15	12	04	19	16	46
15	12	04	19	19	37
15	12	04	19	21	02
15	12	04	19	22	17
15	12	04	19	27	08
15	12	04	19	28	39
15	12	04	19	28	52
15	12	04	19	29	44
15	12	04	19	30	34
15	12	04	19	57	45
15	12	04	19	58	16
15	12	04	20	12	05
15	12	04	20	17	36
15	12	04	20	46	03
15	12	04	20	47	06
15	12	04	21	09	11
15	12	04	21	14	23
15	12	04	21	35	53
15	12	04	21	36	02
15	12	04	21	37	27
15	12	04	21	37	33
15	12	04	21	43	34
15	12	04	21	44	30
15	12	04	21	56	49
15	12	04	22	00	15
15	12	04	22	28	00
15	12	04	22	29	10
15	12	04	23	24	43
15	12	04	23	25	18
15	12	04	23	26	48
15	12	04	23	28	48
15	12	05	01	47	08
15	12	05	01	47	28
15	12	05	04	21	12
15	12	05	04	22	21
15	12	05	04	22	39
15	12	05	04	22	56
15	12	05	04	25	01
15	12	05	04	25	53
15	12	05	04	26	04
15	12	05	04	26	54
15	12	05	04	27	00
15	12	05	04	57	54
15	12	05	05	13	02
15	12	05	05	14	07
15	12	05	05	18	23
15	12	05	05	18	40
15	12	05	05	18	54
15	12	05	05	22	14
15	12	05	05	22	25
15	12	05	05	22	38
15	12	05	05	22	44
15	12	05	05	26	18
15	12	05	05	26	24
15	12	05	05	28	46
15	12	05	05	29	11
15	12	05	05	52	25
15	12	05	05	52	33
15	12	05	05	53	32
15	12	05	06	01	47
15	12	05	06	02	29
15	12	05	06	05	31
15	12	05	06	05	48
15	12	05	06	06	01
15	12	05	07	45	28
15	12	05	07	52	02
15	12	05	07	54	16
15	12	05	08	11	48
15	12	05	08	13	58
15	12	05	09	52	35
15	12	05	09	53	42
15	12	05	10	02	46
15	12	05	10	03	14
15	12	05	10	05	01
15	12	05	10	06	09
15	12	05	11	03	30
15	12	05	11	07	37
15	12	05	12	26	05
15	12	05	12	28	31
15	12	05	12	31	20
15	12	05	12	31	27
15	12	05	12	33	26
15	12	05	12	33	34
15	12	05	13	10	57
15	12	05	13	13	59
15	12	05	13	41	06
15	12	05	13	41	17
15	12	05	13	45	14
15	12	05	13	59	24
15	12	05	13	59	32
15	12	05	14	27	29
15	12	05	14	29	02
15	12	05	14	30	19
15	12	05	14	33	05
15	12	05	14	34	33
15	12	05	14	36	08
15	12	05	15	02	19
15	12	05	15	03	15
15	12	05	15	24	59
15	12	05	15	25	51
15	12	05	15	30	55
15	12	05	15	34	08
15	12	05	16	17	12
15	12	05	16	20	30
15	12	05	16	32	50
15	12	05	16	34	04
15	12	05	16	34	11
15	12	05	16	44	24
15	12	05	16	46	53
15	12	05	16	57	50
15	12	05	16	58	11
15	12	05	16	58	19
15	12	05	16	58	42
15	12	05	17	04	07
15	12	05	17	33	09
15	12	05	17	35	55
15	12	05	17	45	14
15	12	05	17	54	40
15	12	05	17	54	47
15	12	05	18	13	49
15	12	05	18	16	37
15	12	05	19	21	45
15	12	05	19	23	16
15	12	05	19	30	52
15	12	05	19	31	57
15	12	05	19	39	26
15	12	05	19	39	55
15	12	05	19	41	24
15	12	05	20	11	59
15	12	05	20	14	42
15	12	05	20	14	57
15	12	05	20	30	48
15	12	05	20	32	56
15	12	06	02	33	49
15	12	06	02	36	45
15	12	06	03	42	11
15	12	06	03	54	47
15	12	06	04	20	18
15	12	06	04	20	30
15	12	06	04	21	40
15	12	06	04	22	01
15	12	06	04	22	13
15	12	06	04	25	13
15	12	06	04	25	35
15	12	06	04	25	57
15	12	06	04	26	10
15	12	06	04	26	38
15	12	06	05	07	19
15	12	06	05	07	29
15	12	06	05	15	19
15	12	06	05	15	40
15	12	06	05	16	08
15	12	06	05	16	47
15	12	06	05	16	55
15	12	06	05	21	07
15	12	06	05	21	57
15	12	06	05	22	11
15	12	06	05	22	27
15	12	06	05	22	40
15	12	06	05	29	11
15	12	06	05	29	19
15	12	06	08	21	20
15	12	06	08	21	28
15	12	06	08	22	59
15	12	06	08	28	13
15	12	06	08	29	43
15	12	06	09	21	09
15	12	06	09	22	02
15	12	06	10	48	35
15	12	06	10	50	44
15	12	06	10	56	40
15	12	06	10	59	58
15	12	06	11	38	01
15	12	06	11	39	30
15	12	06	12	02	49
15	12	06	12	03	03
15	12	06	12	31	32
15	12	06	12	32	21
15	12	06	12	39	07
15	12	06	12	42	10
15	12	06	13	00	59
15	12	06	13	01	19
15	12	06	13	02	17
15	12	06	13	04	04
15	12	06	13	05	06
15	12	06	13	05	14
15	12	06	13	20	31
15	12	06	13	28	00
15	12	06	13	33	09
15	12	06	13	33	56
15	12	06	13	49	11
15	12	06	13	59	21
15	12	06	13	59	33
15	12	06	13	59	39
15	12	06	15	14	05
15	12	06	15	15	29
15	12	06	15	31	55
15	12	06	15	35	10
15	12	06	15	44	50
15	12	06	15	47	00
15	12	06	16	11	12
15	12	06	16	16	07
15	12	06	16	25	09
15	12	06	16	25	50
15	12	06	16	26	08
15	12	06	16	27	08
15	12	06	16	35	22
15	12	06	16	36	33
15	12	06	17	07	54
15	12	06	17	09	29
15	12	06	17	31	41
15	12	06	17	32	13
15	12	06	17	36	02
15	12	06	17	37	27
15	12	06	17	42	35
15	12	06	17	44	45
15	12	06	17	51	32
15	12	06	18	00	49
15	12	06	18	01	29
15	12	06	18	02	43
15	12	06	18	03	35
15	12	06	18	05	17
15	12	06	18	26	01
15	12	06	18	26	40
15	12	06	18	36	10
15	12	06	18	36	17
15	12	06	18	37	42
15	12	06	19	12	15
15	12	06	19	15	40
15	12	06	19	15	48
15	12	06	19	19	49
15	12	06	19	20	49
15	12	06	19	22	50
15	12	06	19	25	27
15	12	06	19	31	04
15	12	06	19	32	53
15	12	06	19	33	30
15	12	06	19	34	29
15	12	06	19	43	33
15	12	06	19	50	10
15	12	06	20	18	57
15	12	06	20	37	47
15	12	06	20	41	57
15	12	06	20	42	24
15	12	06	20	42	30
15	12	06	20	45	13
15	12	06	20	45	19
15	12	06	20	46	47
15	12	06	20	51	26
15	12	06	20	51	35
15	12	06	21	08	18
15	12	06	21	08	30
15	12	06	21	11	25
15	12	06	21	50	59
15	12	06	21	51	09
15	12	06	21	51	19
15	12	06	21	51	59
15	12	06	21	52	08
15	12	06	22	11	37
15	12	06	22	14	10
15	12	06	22	35	45
15	12	06	22	37	52
15	12	06	22	44	56
15	12	06	22	45	49
15	12	07	01	11	56
15	12	07	01	12	05
15	12	07	01	12	35
15	12	07	01	13	31
15	12	07	01	13	53
15	12	07	01	13	57
15	12	07	01	14	34
15	12	07	01	14	50
15	12	07	01	16	06
15	12	07	01	16	14
15	12	07	01	16	43
15	12	07	01	16	58
15	12	07	01	17	06
15	12	07	01	18	23
15	12	07	01	18	52
15	12	07	01	20	32
15	12	07	01	20	37
15	12	07	01	20	56
15	12	07	01	22	07
15	12	07	01	22	20
15	12	07	01	30	54
15	12	07	01	30	59
15	12	07	01	31	32
15	12	07	01	32	18
15	12	07	01	32	30
15	12	07	01	32	39
15	12	07	01	51	34
15	12	07	01	52	04
15	12	07	02	38	06
15	12	07	02	38	17
15	12	07	02	38	23
15	12	07	02	38	54
15	12	07	02	39	55
15	12	07	02	40	24
15	12	07	02	42	28
15	12	07	02	42	53
15	12	07	02	54	23
15	12	07	02	54	39
15	12	07	03	10	40
15	12	07	03	10	51
15	12	07	03	10	57
15	12	07	03	27	46
15	12	07	03	28	03
15	12	07	03	28	25
15	12	07	03	28	31
15	12	07	03	29	52
15	12	07	03	30	00
15	12	07	05	47	49
15	12	07	05	50	22
15	12	07	05	51	45
15	12	07	05	52	07
15	12	07	05	52	21
15	12	07	05	53	15
15	12	07	06	01	46
15	12	07	06	04	26
15	12	07	06	19	07
15	12	07	06	20	59
15	12	07	07	22	11
15	12	07	07	24	27
15	12	07	08	32	53
15	12	07	08	34	14
15	12	07	08	47	25
15	12	07	08	47	58
15	12	07	08	58	22
15	12	07	09	02	59
15	12	07	09	14	07
15	12	07	09	17	51
15	12	07	09	20	04
15	12	07	09	22	44
15	12	07	09	25	14
15	12	07	09	26	22
15	12	07	09	41	06
15	12	07	09	42	46
15	12	07	09	43	02
15	12	07	09	43	53
15	12	07	09	44	10
15	12	07	11	03	11
15	12	07	11	05	23
15	12	07	11	38	27
15	12	07	11	39	57
15	12	07	11	41	27
15	12	07	11	43	26
15	12	07	12	43	53
15	12	07	12	45	24
15	12	07	12	56	19
15	12	07	13	01	57
15	12	07	13	09	14
15	12	07	13	15	02
15	12	07	13	34	28
15	12	07	13	36	25
15	12	07	13	37	50
15	12	07	14	02	40
15	12	07	14	05	51
15	12	07	14	56	09
15	12	07	14	58	29
15	12	07	15	05	10
15	12	07	15	07	55
15	12	07	15	37	06
15	12	07	15	39	28
15	12	07	15	55	41
15	12	07	15	56	57
15	12	07	17	07	41
15	12	07	17	14	02
15	12	07	17	21	59
15	12	07	17	25	42
15	12	07	17	38	56
15	12	07	17	40	16
15	12	07	17	40	34
15	12	07	18	19	47
15	12	07	18	20	40
15	12	07	18	30	17
15	12	07	18	30	33
15	12	07	18	41	22
15	12	07	18	44	35
15	12	07	18	45	12
15	12	07	18	46	47
15	12	07	18	47	02
15	12	07	18	54	47
15	12	07	19	00	12
15	12	07	19	03	08
15	12	07	19	05	01
15	12	07	19	15	07
15	12	07	19	18	07
15	12	07	19	56	22
15	12	07	19	59	47
15	12	07	20	02	08
15	12	07	20	03	33
15	12	07	20	34	59
15	12	07	20	35	47
15	12	07	21	23	07
15	12	07	21	24	43
15	12	07	21	32	32
15	12	07	21	36	49
15	12	07	21	50	32
15	12	07	21	51	16
15	12	07	21	51	28
15	12	07	21	52	04
15	12	07	21	56	21
15	12	07	21	58	59
15	12	07	22	09	53
15	12	07	22	12	45
15	12	07	22	53	44
15	12	07	22	54	37
15	12	07	23	29	47
15	12	07	23	29	53
15	12	07	23	30	00
15	12	08	01	09	55
15	12	08	01	10	41
15	12	08	01	10	48
15	12	08	01	11	44
15	12	08	01	12	43
15	12	08	01	12	49
15	12	08	01	13	02
15	12	08	01	15	36
15	12	08	01	15	44
15	12	08	01	16	54
15	12	08	01	17	01
15	12	08	01	18	13
15	12	08	01	18	34
15	12	08	01	25	04
15	12	08	01	25	28
15	12	08	01	25	44
15	12	08	01	25	50
15	12	08	01	27	03
15	12	08	01	27	13
15	12	08	01	27	20
15	12	08	01	30	33
15	12	08	01	31	44
15	12	08	01	54	49
15	12	08	02	00	15
15	12	08	02	06	13
15	12	08	02	07	52
15	12	08	02	31	28
15	12	08	02	32	09
15	12	08	02	32	20
15	12	08	03	02	54
15	12	08	03	03	55
15	12	08	03	04	02
15	12	08	03	04	27
15	12	08	03	05	44
15	12	08	03	05	52
15	12	08	03	07	52
15	12	08	03	07	59
15	12	08	05	15	47
15	12	08	05	18	30
15	12	08	05	36	01
15	12	08	05	37	53
15	12	08	06	20	18
15	12	08	06	21	18
15	12	08	08	20	57
15	12	08	08	22	46
15	12	08	08	28	30
15	12	08	08	28	42
15	12	08	08	29	28
15	12	08	08	30	32
15	12	08	08	35	48
15	12	08	09	06	49
15	12	08	09	08	41
15	12	08	09	23	11
15	12	08	09	23	34
15	12	08	09	24	17
15	12	08	09	24	23
15	12	08	09	24	29
15	12	08	09	25	35
15	12	08	09	27	52
15	12	08	09	29	12
15	12	08	09	30	39
15	12	08	09	37	55
15	12	08	09	44	14
15	12	08	09	52	15
15	12	08	09	52	23
15	12	08	09	56	42
15	12	08	10	01	12
15	12	08	10	03	33
