15	10	27	11	58	22
15	10	27	11	58	49
15	10	27	11	59	29
15	10	27	11	59	50
15	10	27	11	59	59
15	10	27	12	00	11
15	10	27	12	00	55
15	10	27	12	01	09
15	10	27	12	01	36
15	10	27	12	02	34
15	10	27	12	02	46
15	10	27	12	02	55
15	10	27	12	03	36
15	10	27	12	04	43
15	10	27	12	05	00
15	10	27	12	05	30
15	10	27	12	06	22
15	10	27	12	06	43
15	10	27	12	07	17
15	10	27	12	07	39
15	10	27	12	09	20
15	10	27	12	10	22
15	10	27	12	10	52
15	10	27	12	11	03
15	10	27	12	11	20
15	10	27	12	11	55
15	10	27	12	12	26
15	10	27	12	13	23
15	10	27	12	14	53
15	10	27	12	16	18
15	10	27	12	16	55
15	10	27	12	17	23
15	10	27	12	17	44
15	10	27	12	18	01
15	10	27	12	19	28
15	10	27	12	21	11
15	10	27	12	21	23
15	10	27	12	21	29
15	10	27	12	21	36
15	10	27	12	21	44
15	10	27	12	21	54
15	10	27	12	22	01
15	10	27	12	22	08
15	10	27	12	22	15
15	10	27	12	22	41
15	10	27	12	23	39
15	10	27	12	24	18
15	10	27	12	24	29
15	10	27	12	24	35
15	10	27	12	24	43
15	10	27	12	24	53
15	10	27	12	25	55
15	10	27	12	26	09
15	10	27	12	26	30
15	10	27	12	27	00
15	10	27	12	27	11
15	10	27	12	27	17
15	10	27	12	27	27
15	10	27	12	27	38
15	10	27	12	27	53
15	10	27	12	28	04
15	10	27	12	28	13
15	10	27	12	28	21
15	10	27	12	28	41
15	10	27	12	28	48
15	10	27	12	29	02
15	10	27	12	29	18
15	10	27	12	29	27
15	10	27	12	29	48
15	10	27	12	30	03
15	10	27	12	30	12
15	10	27	12	30	22
15	10	27	12	30	30
15	10	27	12	30	39
15	10	27	12	30	44
15	10	27	12	30	54
15	10	27	12	31	14
15	10	27	12	31	25
15	10	27	12	31	59
15	10	27	12	32	08
15	10	27	12	32	46
15	10	27	12	32	55
15	10	27	12	33	09
15	10	27	12	33	16
15	10	27	12	33	37
15	10	27	12	33	48
15	10	27	12	33	55
15	10	27	12	34	29
15	10	27	12	34	51
15	10	27	12	35	02
15	10	27	12	35	13
15	10	27	12	35	21
15	10	27	12	35	29
15	10	27	12	35	43
15	10	27	12	37	18
15	10	27	12	39	29
15	10	27	12	41	59
15	10	27	12	44	49
15	10	27	12	46	11
15	10	27	12	47	06
15	10	27	12	47	19
15	10	27	12	50	22
15	10	27	12	53	28
15	10	27	12	58	24
15	10	27	12	59	14
15	10	27	13	01	21
15	10	27	13	04	50
15	10	27	13	09	59
15	10	27	13	10	07
15	10	27	13	12	19
15	10	27	13	12	49
15	10	27	13	13	14
15	10	27	13	15	39
15	10	27	13	36	30
15	10	27	13	36	47
15	10	27	13	37	26
15	10	27	13	37	44
15	10	27	13	38	02
15	10	27	13	38	08
15	10	27	13	38	27
15	10	27	13	46	59
15	10	27	13	47	11
15	10	27	13	47	36
15	10	27	13	47	44
15	10	27	13	51	25
15	10	27	13	54	23
15	10	27	13	54	36
15	10	27	13	54	49
15	10	27	13	55	00
15	10	27	13	56	11
15	10	27	13	56	32
15	10	27	13	57	32
15	10	27	13	58	44
15	10	27	14	04	38
15	10	27	14	05	30
15	10	27	14	07	14
15	10	27	14	14	20
15	10	27	14	15	24
15	10	27	14	16	47
15	10	27	14	17	30
15	10	27	14	17	39
15	10	27	14	17	55
15	10	27	14	21	05
15	10	27	14	21	29
15	10	27	14	22	15
15	10	27	14	22	41
15	10	27	14	23	09
15	10	27	14	23	14
15	10	27	14	23	24
15	10	27	14	23	36
15	10	27	14	23	44
15	10	27	14	23	55
15	10	27	14	24	37
15	10	27	14	24	59
15	10	27	14	25	05
15	10	27	14	25	17
15	10	27	14	25	33
15	10	27	14	25	47
15	10	27	14	26	13
15	10	27	14	26	21
15	10	27	14	27	08
15	10	27	14	27	24
15	10	27	14	27	34
15	10	27	14	28	02
15	10	27	14	28	11
15	10	27	14	28	42
15	10	27	14	28	51
15	10	27	14	28	59
15	10	27	14	29	06
15	10	27	14	29	16
15	10	27	14	29	34
15	10	27	14	29	42
15	10	27	14	30	04
15	10	27	14	30	30
15	10	27	14	30	45
15	10	27	14	31	00
15	10	27	14	31	14
15	10	27	14	31	25
15	10	27	14	31	57
15	10	27	14	32	11
15	10	27	14	32	38
15	10	27	14	32	47
15	10	27	14	33	02
15	10	27	14	33	11
15	10	27	14	33	21
15	10	27	14	33	53
15	10	27	14	34	01
15	10	27	14	34	16
15	10	27	14	34	24
15	10	27	14	34	51
15	10	27	14	35	08
15	10	27	14	35	22
15	10	27	14	35	42
15	10	27	14	36	23
15	10	27	14	36	30
15	10	27	14	36	44
15	10	27	14	36	50
15	10	27	14	37	11
15	10	27	14	37	23
15	10	27	14	37	33
15	10	27	14	37	47
15	10	27	14	38	16
15	10	27	14	38	36
15	10	27	14	38	47
15	10	27	14	38	56
15	10	27	14	39	06
15	10	27	14	40	52
15	10	27	14	41	14
15	10	27	14	41	36
15	10	27	14	41	44
15	10	27	14	42	09
15	10	27	14	42	22
15	10	27	14	43	11
15	10	27	14	43	20
15	10	27	14	43	43
15	10	27	14	45	18
15	10	27	14	46	02
15	10	27	14	46	18
15	10	27	14	48	09
15	10	27	15	23	30
15	10	27	15	25	21
15	10	27	15	43	10
15	10	27	15	43	43
15	10	27	15	47	42
15	10	27	15	49	31
15	10	27	15	50	29
15	10	27	15	57	06
15	10	27	15	57	21
15	10	27	15	59	01
15	10	27	16	23	26
15	10	27	16	24	06
15	10	27	16	27	49
15	10	27	16	28	06
15	10	27	16	29	16
15	10	27	16	32	52
15	10	27	16	33	04
15	10	27	16	33	33
15	10	27	16	36	15
15	10	27	16	36	23
15	10	27	16	36	41
15	10	27	16	36	53
15	10	27	16	37	19
15	10	27	16	38	23
15	10	27	16	43	10
15	10	27	16	43	32
15	10	27	16	43	55
15	10	27	16	44	08
15	10	27	16	44	14
15	10	27	16	45	45
15	10	27	16	46	00
15	10	27	17	52	13
15	10	27	17	52	22
15	10	27	17	52	29
15	10	27	17	52	43
15	10	27	17	52	49
15	10	27	18	00	29
15	10	27	18	00	40
15	10	27	18	11	42
15	10	27	18	12	55
15	10	27	18	13	37
15	10	27	18	13	58
15	10	27	18	14	05
15	10	27	18	14	18
15	10	27	18	14	32
15	10	27	18	14	42
15	10	27	18	15	06
15	10	27	18	15	28
15	10	27	18	15	39
15	10	27	18	15	45
15	10	27	18	15	54
15	10	27	18	19	44
15	10	27	18	20	06
15	10	27	18	20	17
15	10	27	18	20	29
15	10	27	18	20	36
15	10	27	18	20	49
15	10	27	18	20	56
15	10	27	18	21	18
15	10	27	18	21	44
15	10	27	18	21	51
15	10	27	18	21	57
15	10	27	18	22	07
15	10	27	18	22	17
15	10	27	18	22	24
15	10	27	18	22	38
15	10	27	18	22	55
15	10	27	18	23	07
15	10	27	18	23	14
15	10	27	18	23	33
15	10	27	18	23	40
15	10	27	18	23	47
15	10	27	18	23	57
15	10	27	18	24	04
15	10	27	18	24	10
15	10	27	18	24	20
15	10	27	18	24	40
15	10	27	18	24	58
15	10	27	18	25	17
15	10	27	18	25	36
15	10	27	18	25	55
15	10	27	18	26	11
15	10	27	18	26	31
15	10	27	18	26	51
15	10	27	18	27	07
15	10	27	18	27	15
15	10	27	18	27	22
15	10	27	18	29	07
15	10	27	18	29	44
15	10	27	18	29	50
15	10	27	18	29	56
15	10	27	18	30	03
15	10	27	18	30	12
15	10	27	19	27	08
15	10	27	19	27	26
15	10	27	19	27	40
15	10	27	19	27	52
15	10	27	19	28	05
15	10	27	19	28	19
15	10	27	19	28	38
15	10	27	19	28	52
15	10	27	19	29	03
15	10	27	19	29	09
15	10	27	19	29	23
15	10	27	19	29	32
15	10	27	19	30	17
15	10	27	19	30	28
15	10	27	19	30	52
15	10	27	19	31	01
15	10	27	19	31	17
15	10	27	19	31	43
15	10	27	19	32	10
15	10	27	19	32	21
15	10	27	19	32	36
15	10	27	19	32	46
15	10	27	19	33	02
15	10	27	19	33	13
15	10	27	19	33	21
15	10	27	19	33	29
15	10	27	19	33	36
15	10	27	19	33	47
15	10	27	19	33	58
15	10	27	19	34	03
15	10	27	19	34	10
15	10	27	19	34	57
15	10	27	19	35	35
15	10	27	19	35	47
15	10	27	19	36	05
15	10	27	19	36	26
15	10	27	19	36	50
15	10	27	19	37	11
15	10	27	19	37	19
15	10	27	19	37	31
15	10	27	19	37	43
15	10	27	19	37	53
15	10	27	19	38	02
15	10	27	19	38	25
15	10	27	19	38	46
15	10	27	19	39	08
15	10	27	19	39	39
15	10	27	19	40	03
15	10	27	19	40	23
15	10	27	19	40	29
15	10	27	19	40	36
15	10	27	19	40	45
15	10	27	19	40	50
15	10	27	19	40	57
15	10	27	19	41	11
15	10	27	19	41	17
15	10	27	19	41	22
15	10	27	19	41	31
15	10	27	19	41	44
15	10	27	19	41	53
15	10	27	19	42	50
15	10	27	19	43	20
15	10	27	19	43	29
15	10	27	19	43	48
15	10	27	19	43	55
15	10	27	19	44	11
15	10	27	19	44	19
15	10	27	19	44	40
15	10	27	19	45	01
15	10	27	19	45	35
15	10	27	19	45	53
15	10	27	19	46	03
15	10	27	19	46	10
15	10	27	19	48	09
15	10	28	10	04	22
15	10	28	10	06	18
15	10	28	10	06	34
15	10	28	10	06	52
15	10	28	10	12	48
15	10	28	10	13	06
15	10	28	10	14	22
15	10	28	10	15	30
15	10	28	10	17	14
15	10	28	10	18	29
15	10	28	10	22	52
15	10	28	10	24	07
15	10	28	10	28	03
15	10	28	10	28	56
15	10	28	10	31	53
15	10	28	10	32	01
15	10	28	10	33	58
15	10	28	10	34	23
15	10	28	10	37	14
15	10	28	10	38	56
15	10	28	10	41	29
15	10	28	10	42	46
15	10	28	10	42	59
15	10	28	10	43	19
15	10	28	10	43	45
15	10	28	10	43	59
15	10	28	10	44	29
15	10	28	10	44	44
15	10	28	10	44	52
15	10	28	10	45	14
15	10	28	10	45	33
15	10	28	10	45	44
15	10	28	10	46	28
15	10	28	10	47	01
15	10	28	10	47	57
15	10	28	10	48	32
15	10	28	10	48	39
15	10	28	10	49	05
15	10	28	10	50	42
15	10	28	10	50	53
15	10	28	10	52	17
15	10	28	10	52	30
15	10	28	10	53	55
15	10	28	10	56	20
15	10	28	10	56	35
15	10	28	10	57	17
15	10	28	10	57	30
15	10	28	10	58	08
15	10	28	10	58	25
15	10	28	10	59	52
15	10	28	11	00	34
15	10	28	11	01	11
15	10	28	11	02	14
15	10	28	11	02	36
15	10	28	11	02	50
15	10	28	11	03	08
15	10	28	11	03	18
15	10	28	11	03	26
15	10	28	11	03	53
15	10	28	11	05	01
15	10	28	11	08	39
15	10	28	11	08	54
15	10	28	11	09	57
15	10	28	11	10	24
15	10	28	11	11	37
15	10	28	11	12	47
15	10	28	11	13	04
15	10	28	11	13	23
15	10	28	11	13	40
15	10	28	11	17	11
15	10	28	11	18	24
15	10	28	11	19	28
15	10	28	11	21	49
15	10	28	11	22	25
15	10	28	11	22	41
15	10	28	11	23	13
15	10	28	11	23	19
15	10	28	11	23	37
15	10	28	11	23	59
15	10	28	11	25	40
15	10	28	11	28	25
15	10	28	11	28	53
15	10	28	11	29	08
15	10	28	11	31	46
15	10	28	11	32	03
15	10	28	11	32	33
15	10	28	11	34	27
15	10	28	11	35	34
15	10	28	11	35	40
15	10	28	11	35	51
15	10	28	11	36	13
15	10	28	11	36	25
15	10	28	11	36	39
15	10	28	11	37	29
15	10	28	11	41	28
15	10	28	11	42	01
15	10	28	11	42	56
15	10	28	11	43	08
15	10	28	11	44	05
15	10	28	11	45	35
15	10	28	11	45	44
