15	11	03	20	15	00	21.58	34.30
15	11	03	20	30	00	20.57	35.35
15	11	03	20	45	00	20.37	36.34
15	11	03	21	00	00	20.62	37.38
15	11	03	21	15	00	21.37	36.34
15	11	03	21	30	00	22.08	34.30
15	11	03	21	45	00	22.78	34.35
15	11	03	22	00	00	22.90	34.32
15	11	03	22	15	00	22.52	35.30
15	11	03	22	30	00	22.39	35.30
15	11	03	22	45	00	22.24	34.37
15	11	03	23	00	00	22.08	35.30
15	11	03	23	15	00	21.94	34.38
15	11	03	23	30	00	21.76	33.36
15	11	03	23	45	00	21.64	33.33
15	11	04	00	00	00	21.48	33.38
15	11	04	00	15	00	21.37	33.36
15	11	04	00	30	00	21.27	33.38
15	11	04	00	45	00	21.16	33.33
15	11	04	01	00	00	21.02	33.33
15	11	04	01	15	00	20.95	34.30
15	11	04	01	30	00	20.80	34.35
15	11	04	01	45	00	20.69	34.33
15	11	04	02	00	00	20.50	34.35
15	11	04	02	15	00	20.40	34.38
15	11	04	02	30	00	20.29	34.35
15	11	04	02	45	00	20.17	34.35
15	11	04	03	00	00	20.05	34.31
15	11	04	03	15	00	19.96	34.30
15	11	04	03	30	00	19.92	34.35
15	11	04	03	45	00	19.79	34.33
15	11	04	04	00	00	19.69	34.33
15	11	04	04	15	00	19.59	34.30
15	11	04	04	30	00	19.51	33.38
15	11	04	04	45	00	19.48	33.33
15	11	04	05	00	00	19.40	33.35
15	11	04	05	15	00	19.33	33.31
15	11	04	05	30	00	19.26	33.35
15	11	04	05	45	00	19.18	33.36
15	11	04	06	00	00	19.04	32.38
15	11	04	06	15	00	18.93	32.33
15	11	04	06	30	00	18.81	33.38
15	11	04	06	45	00	18.69	33.33
15	11	04	07	00	00	18.67	33.33
15	11	04	07	15	00	18.93	33.36
15	11	04	07	30	00	18.79	33.33
15	11	04	07	45	00	18.74	32.33
15	11	04	08	00	00	18.70	33.38
15	11	04	08	15	00	18.81	34.38
15	11	04	08	30	00	18.81	34.33
15	11	04	08	45	00	18.86	35.35
15	11	04	09	00	00	18.90	35.38
15	11	04	09	15	00	18.97	34.35
15	11	04	09	30	00	19.04	33.31
15	11	04	09	45	00	19.07	33.36
15	11	04	10	00	00	19.11	34.30
15	11	04	10	15	00	19.18	33.33
15	11	04	10	30	00	19.26	34.38
15	11	04	10	45	00	19.33	34.38
15	11	04	11	00	00	19.34	32.38
15	11	04	11	15	00	19.40	32.36
15	11	04	11	30	00	19.52	33.38
15	11	04	11	45	00	20.28	32.34
15	11	04	12	00	00	20.44	31.34
15	11	04	12	15	00	20.42	30.39
15	11	04	12	30	00	20.42	30.34
15	11	04	12	45	00	20.42	30.31
15	11	04	13	00	00	20.43	30.34
15	11	04	13	15	00	20.43	29.26
15	11	04	13	30	00	20.42	28.29
15	11	04	13	45	00	20.40	28.21
15	11	04	14	00	00	20.42	28.28
15	11	04	14	15	00	20.44	28.23
15	11	04	14	30	00	20.43	28.24
15	11	04	14	45	00	20.40	27.28
15	11	04	15	00	00	20.37	28.24
15	11	04	15	15	00	20.35	28.24
15	11	04	15	30	00	20.36	28.29
15	11	04	15	45	00	20.36	28.28
15	11	04	16	00	00	20.33	29.24
15	11	04	16	15	00	20.33	30.31
15	11	04	16	30	00	20.39	30.38
15	11	04	16	45	00	20.37	30.31
15	11	04	17	00	00	20.33	31.36
15	11	04	17	15	00	20.28	32.38
15	11	04	17	30	00	20.21	33.38
15	11	04	17	45	00	20.10	32.31
15	11	04	18	00	00	20.01	32.38
15	11	04	18	15	00	19.91	32.38
15	11	04	18	30	00	19.80	32.31
15	11	04	18	45	00	19.74	32.33
15	11	04	19	00	00	19.66	33.34
15	11	04	19	15	00	19.65	37.31
15	11	04	19	30	00	19.11	32.33
15	11	04	19	45	00	19.51	32.36
15	11	04	20	00	00	18.85	28.21
15	11	04	20	15	00	17.97	29.21
15	11	04	20	30	00	17.23	29.24
15	11	04	20	45	00	16.36	29.26
15	11	04	21	00	00	15.72	31.39
15	11	04	21	15	00	14.99	34.35
15	11	04	21	30	00	14.83	35.37
15	11	04	21	45	00	15.22	38.35
15	11	04	22	00	00	15.42	36.39
15	11	04	22	15	00	15.40	36.36
15	11	04	22	30	00	15.33	36.39
15	11	04	22	45	00	15.13	36.32
15	11	04	23	00	00	14.85	36.39
15	11	04	23	15	00	14.63	34.32
15	11	04	23	30	00	16.21	43.42
15	11	04	23	45	00	18.08	41.46
15	11	05	00	00	00	19.21	40.43
15	11	05	00	15	00	19.83	38.37
15	11	05	00	30	00	20.24	37.38
15	11	05	00	45	00	20.50	37.33
15	11	05	01	00	00	20.68	36.36
15	11	05	01	15	00	20.77	36.32
15	11	05	01	30	00	20.81	35.35
15	11	05	01	45	00	20.83	35.32
15	11	05	02	00	00	20.83	35.30
15	11	05	02	15	00	20.80	35.33
15	11	05	02	30	00	20.75	34.37
15	11	05	02	45	00	20.66	34.33
15	11	05	03	00	00	20.59	34.35
15	11	05	03	15	00	20.53	34.38
15	11	05	03	30	00	20.70	35.32
15	11	05	03	45	00	20.95	35.37
15	11	05	04	00	00	21.23	35.35
15	11	05	04	15	00	21.42	35.30
15	11	05	04	30	00	21.39	35.32
15	11	05	04	45	00	21.32	34.30
15	11	05	05	00	00	21.24	34.35
15	11	05	05	15	00	21.13	34.35
15	11	05	05	30	00	21.02	34.38
15	11	05	05	45	00	20.90	33.35
15	11	05	06	00	00	20.77	33.38
15	11	05	06	15	00	20.65	33.36
15	11	05	06	30	00	20.68	34.35
15	11	05	06	45	00	20.90	35.35
15	11	05	07	00	00	21.15	35.35
15	11	05	07	15	00	21.31	34.30
15	11	05	07	30	00	21.28	34.30
15	11	05	07	45	00	21.23	34.30
15	11	05	08	00	00	21.15	34.35
15	11	05	08	15	00	21.06	34.38
15	11	05	08	30	00	20.95	33.38
15	11	05	08	45	00	20.97	34.38
15	11	05	09	00	00	20.99	34.33
15	11	05	09	15	00	21.01	34.30
15	11	05	09	30	00	21.04	34.38
15	11	05	09	45	00	21.08	34.35
15	11	05	10	00	00	21.10	34.37
15	11	05	10	15	00	21.13	34.30
15	11	05	10	30	00	21.12	34.38
15	11	05	10	45	00	21.09	34.35
15	11	05	11	00	00	21.08	34.37
15	11	05	11	15	00	21.09	34.32
15	11	05	11	30	00	21.10	34.37
15	11	05	11	45	00	21.10	34.30
15	11	05	12	00	00	21.10	34.38
15	11	05	12	15	00	21.08	34.33
15	11	05	12	30	00	21.10	34.38
15	11	05	12	45	00	21.12	34.30
15	11	05	13	00	00	21.15	34.35
15	11	05	13	15	00	21.17	34.32
15	11	05	13	30	00	21.21	34.33
15	11	05	13	45	00	21.26	34.33
15	11	05	14	00	00	21.32	35.38
15	11	05	14	15	00	21.39	35.32
15	11	05	14	30	00	21.45	35.32
15	11	05	14	45	00	21.48	35.32
15	11	05	15	00	00	21.53	35.37
15	11	05	15	15	00	21.54	35.35
15	11	05	15	30	00	21.55	35.30
15	11	05	15	45	00	21.60	35.34
15	11	05	16	00	00	21.61	35.37
15	11	05	16	15	00	21.58	35.35
15	11	05	16	30	00	21.53	35.35
15	11	05	16	45	00	21.42	34.30
15	11	05	17	00	00	21.37	35.38
15	11	05	17	15	00	21.30	35.37
15	11	05	17	30	00	21.21	35.39
15	11	05	17	45	00	21.13	35.37
15	11	05	18	00	00	21.08	36.34
15	11	05	18	15	00	21.04	36.36
15	11	05	18	30	00	20.97	36.31
15	11	05	18	45	00	20.87	36.34
15	11	05	19	00	00	20.77	36.37
15	11	05	19	15	00	20.72	36.39
15	11	05	19	30	00	20.68	36.31
15	11	05	19	45	00	20.64	36.39
15	11	05	20	00	00	20.75	36.31
15	11	05	20	15	00	20.80	36.31
15	11	05	20	30	00	20.84	36.39
15	11	05	20	45	00	20.86	36.32
15	11	05	21	00	00	20.84	36.39
15	11	05	21	15	00	20.86	36.36
15	11	05	21	30	00	20.87	36.34
15	11	05	21	45	00	20.90	36.31
15	11	05	22	00	00	20.90	36.39
15	11	05	22	15	00	20.91	36.36
15	11	05	22	30	00	20.94	36.31
15	11	05	22	45	00	20.91	36.39
15	11	05	23	00	00	20.87	36.36
15	11	05	23	15	00	20.84	36.36
15	11	05	23	30	00	20.80	36.36
15	11	05	23	45	00	20.77	36.39
15	11	06	00	00	00	20.73	36.39
15	11	06	00	15	00	20.70	36.37
15	11	06	00	30	00	20.64	36.39
15	11	06	00	45	00	20.58	36.34
15	11	06	01	00	00	20.51	36.34
15	11	06	01	15	00	20.44	35.37
15	11	06	01	30	00	20.37	35.37
15	11	06	01	45	00	20.31	35.34
15	11	06	02	00	00	20.25	35.39
15	11	06	02	15	00	20.18	35.35
15	11	06	02	30	00	20.13	35.30
15	11	06	02	45	00	20.07	35.32
15	11	06	03	00	00	20.01	35.39
15	11	06	03	15	00	19.96	35.34
15	11	06	03	30	00	19.90	35.30
15	11	06	03	45	00	19.85	35.35
15	11	06	04	00	00	19.79	35.30
15	11	06	04	15	00	19.74	35.30
15	11	06	04	30	00	19.68	35.37
15	11	06	04	45	00	19.63	35.37
15	11	06	05	00	00	19.59	35.32
15	11	06	05	15	00	19.55	35.30
15	11	06	05	30	00	19.48	35.30
15	11	06	05	45	00	19.44	35.30
15	11	06	06	00	00	19.39	35.34
15	11	06	06	15	00	19.32	35.34
15	11	06	06	30	00	19.28	35.37
15	11	06	06	45	00	19.22	35.37
15	11	06	07	00	00	19.17	35.34
15	11	06	07	15	00	19.11	35.37
15	11	06	07	30	00	19.06	35.30
15	11	06	07	45	00	19.07	35.32
15	11	06	08	00	00	19.04	35.32
15	11	06	08	15	00	19.01	35.30
15	11	06	08	30	00	19.03	35.30
15	11	06	08	45	00	19.10	35.32
15	11	06	09	00	00	19.18	35.30
15	11	06	09	15	00	19.26	35.30
15	11	06	09	30	00	19.40	35.32
15	11	06	09	45	00	19.54	35.35
15	11	06	10	00	00	19.66	35.37
15	11	06	10	15	00	19.76	35.32
15	11	06	10	30	00	19.87	36.32
15	11	06	10	45	00	19.95	35.39
15	11	06	11	00	00	20.02	35.37
15	11	06	11	15	00	20.07	35.35
15	11	06	11	30	00	20.15	35.35
15	11	06	11	45	00	20.25	35.34
15	11	06	12	00	00	20.33	35.34
15	11	06	12	15	00	20.48	36.39
15	11	06	12	30	00	20.83	37.31
15	11	06	12	45	00	21.31	37.33
15	11	06	13	00	00	21.80	37.33
15	11	06	13	15	00	22.04	36.39
15	11	06	13	30	00	22.17	36.32
15	11	06	13	45	00	22.28	36.37
15	11	06	14	00	00	22.42	35.35
15	11	06	14	15	00	22.49	35.32
15	11	06	14	30	00	22.49	35.32
15	11	06	14	45	00	22.49	34.37
15	11	06	15	00	00	22.49	34.32
15	11	06	15	15	00	22.49	34.33
15	11	06	15	30	00	22.46	34.35
15	11	06	15	45	00	22.46	34.30
15	11	06	16	00	00	22.42	34.38
15	11	06	16	15	00	22.41	34.33
15	11	06	16	30	00	22.38	34.35
15	11	06	16	45	00	22.37	34.33
15	11	06	17	00	00	22.31	34.35
15	11	06	17	15	00	22.31	34.30
15	11	06	17	30	00	22.28	34.30
15	11	06	17	45	00	22.27	34.32
15	11	06	18	00	00	22.30	34.33
15	11	06	18	15	00	22.31	34.32
15	11	06	18	30	00	22.30	35.38
15	11	06	18	45	00	22.27	35.35
15	11	06	19	00	00	22.24	35.32
15	11	06	19	15	00	22.22	35.30
15	11	06	19	30	00	22.16	35.37
15	11	06	19	45	00	22.09	35.35
15	11	06	20	00	00	21.94	36.34
15	11	06	20	15	00	21.82	36.34
15	11	06	20	30	00	21.73	36.31
15	11	06	20	45	00	21.61	36.34
15	11	06	21	00	00	21.46	36.36
15	11	06	21	15	00	21.39	36.31
15	11	06	21	30	00	21.30	36.39
15	11	06	21	45	00	21.24	36.31
15	11	06	22	00	00	21.15	36.36
15	11	06	22	15	00	21.10	36.39
15	11	06	22	30	00	21.12	37.31
15	11	06	22	45	00	21.23	37.33
15	11	06	23	00	00	21.30	37.33
15	11	06	23	15	00	21.32	36.36
15	11	06	23	30	00	21.34	36.33
15	11	06	23	45	00	21.32	36.36
15	11	07	00	00	00	21.30	36.39
15	11	07	00	15	00	21.28	36.39
15	11	07	00	30	00	21.27	36.31
15	11	07	00	45	00	21.24	36.34
15	11	07	01	00	00	21.19	36.39
15	11	07	01	15	00	21.15	36.36
15	11	07	01	30	00	21.10	36.39
15	11	07	01	45	00	20.81	36.34
15	11	07	02	00	00	20.48	37.33
15	11	07	02	15	00	20.28	38.37
15	11	07	02	30	00	20.10	38.37
15	11	07	02	45	00	20.32	39.31
15	11	07	03	00	00	20.64	39.34
15	11	07	03	15	00	20.75	38.35
15	11	07	03	30	00	20.73	38.32
15	11	07	03	45	00	20.77	37.38
15	11	07	04	00	00	20.75	37.33
15	11	07	04	15	00	20.69	37.38
15	11	07	04	30	00	20.47	37.30
15	11	07	04	45	00	20.24	37.38
15	11	07	05	00	00	19.92	39.32
15	11	07	05	15	00	20.32	39.32
15	11	07	05	30	00	20.65	38.37
15	11	07	05	45	00	20.43	37.30
15	11	07	06	00	00	20.03	37.33
15	11	07	06	15	00	19.72	38.30
15	11	07	06	30	00	19.88	38.35
15	11	07	06	45	00	19.90	37.36
15	11	07	07	00	00	19.52	39.34
15	11	07	07	15	00	19.99	39.33
15	11	07	07	30	00	20.40	39.37
15	11	07	07	45	00	20.50	37.35
15	11	07	08	00	00	20.44	38.32
15	11	07	08	15	00	20.44	37.35
15	11	07	08	30	00	20.48	38.30
15	11	07	08	45	00	20.58	38.32
15	11	07	09	00	00	20.70	38.35
15	11	07	09	15	00	20.80	38.35
15	11	07	09	30	00	20.90	38.35
15	11	07	09	45	00	20.98	38.30
15	11	07	10	00	00	21.06	38.30
15	11	07	10	15	00	21.15	38.35
15	11	07	10	30	00	21.21	38.30
15	11	07	10	45	00	21.27	38.35
15	11	07	11	00	00	21.32	37.38
15	11	07	11	15	00	21.37	37.38
15	11	07	11	30	00	21.41	37.30
15	11	07	11	45	00	21.43	37.38
15	11	07	12	00	00	21.46	37.33
15	11	07	12	15	00	21.48	37.35
15	11	07	12	30	00	21.49	37.31
15	11	07	12	45	00	21.50	37.38
15	11	07	13	00	00	21.55	37.38
15	11	07	13	15	00	21.60	37.38
15	11	07	13	30	00	21.62	37.35
15	11	07	13	45	00	21.65	37.31
15	11	07	14	00	00	21.66	37.33
15	11	07	14	15	00	21.68	37.38
15	11	07	14	30	00	21.69	37.39
15	11	07	14	45	00	21.68	37.31
15	11	07	15	00	00	21.69	37.31
15	11	07	15	15	00	21.72	37.31
15	11	07	15	30	00	21.73	37.38
15	11	07	15	45	00	21.72	37.31
15	11	07	16	00	00	21.69	37.33
15	11	07	16	15	00	21.71	37.36
15	11	07	16	30	00	21.73	37.33
15	11	07	16	45	00	21.75	37.31
15	11	07	17	00	00	21.76	37.31
15	11	07	17	15	00	21.76	37.38
15	11	07	17	30	00	21.76	37.31
15	11	07	17	45	00	21.76	37.30
15	11	07	18	00	00	21.76	37.33
15	11	07	18	15	00	21.78	37.33
15	11	07	18	30	00	21.83	38.35
15	11	07	18	45	00	21.91	38.33
15	11	07	19	00	00	21.97	38.30
15	11	07	19	15	00	22.04	38.30
15	11	07	19	30	00	22.08	39.36
15	11	07	19	45	00	22.01	39.38
15	11	07	20	00	00	22.04	40.43
15	11	07	20	15	00	21.98	40.45
15	11	07	20	30	00	21.91	40.42
15	11	07	20	45	00	21.84	40.43
15	11	07	21	00	00	21.79	40.46
15	11	07	21	15	00	21.72	39.33
15	11	07	21	30	00	21.76	39.38
15	11	07	21	45	00	21.76	39.34
15	11	07	22	00	00	21.76	39.34
15	11	07	22	15	00	21.76	39.31
15	11	07	22	30	00	21.76	39.36
15	11	07	22	45	00	21.69	38.39
15	11	07	23	00	00	21.68	38.34
15	11	07	23	15	00	21.65	38.30
15	11	07	23	30	00	21.64	38.34
15	11	07	23	45	00	21.62	38.30
15	11	08	00	00	00	21.61	38.35
15	11	08	00	15	00	21.57	38.37
15	11	08	00	30	00	21.54	38.39
15	11	08	00	45	00	21.50	38.35
15	11	08	01	00	00	21.48	38.30
15	11	08	01	15	00	21.41	37.38
15	11	08	01	30	00	21.06	38.32
15	11	08	01	45	00	21.05	39.34
15	11	08	02	00	00	21.09	38.37
15	11	08	02	15	00	21.08	38.37
15	11	08	02	30	00	21.05	38.37
15	11	08	02	45	00	21.01	38.39
15	11	08	03	00	00	20.97	38.34
15	11	08	03	15	00	20.94	39.30
15	11	08	03	30	00	20.88	39.34
15	11	08	03	45	00	20.86	39.39
15	11	08	04	00	00	20.81	39.39
15	11	08	04	15	00	20.77	39.39
15	11	08	04	30	00	20.73	39.34
15	11	08	04	45	00	20.68	39.31
15	11	08	05	00	00	20.62	39.39
15	11	08	05	15	00	20.58	39.31
15	11	08	05	30	00	20.54	39.34
15	11	08	05	45	00	20.50	39.38
15	11	08	06	00	00	20.46	39.36
15	11	08	06	15	00	20.40	39.31
15	11	08	06	30	00	20.35	39.36
15	11	08	06	45	00	20.29	39.30
15	11	08	07	00	00	20.24	39.38
15	11	08	07	15	00	20.21	39.33
15	11	08	07	30	00	20.18	40.41
15	11	08	07	45	00	20.15	40.41
15	11	08	08	00	00	20.15	40.45
15	11	08	08	15	00	20.15	40.48
15	11	08	08	30	00	20.17	40.42
15	11	08	08	45	00	20.17	41.45
15	11	08	09	00	00	20.21	41.44
15	11	08	09	15	00	20.22	41.49
15	11	08	09	30	00	20.25	42.48
15	11	08	09	45	00	20.28	42.40
15	11	08	10	00	00	20.28	42.42
15	11	08	10	15	00	20.28	42.44
15	11	08	10	30	00	20.29	43.42
15	11	08	10	45	00	20.31	43.49
15	11	08	11	00	00	20.31	43.46
15	11	08	11	15	00	20.32	43.46
15	11	08	11	30	00	20.33	43.46
15	11	08	11	45	00	20.35	43.40
15	11	08	12	00	00	20.36	44.45
15	11	08	12	15	00	20.36	44.47
15	11	08	12	30	00	20.37	44.47
15	11	08	12	45	00	20.40	44.42
15	11	08	13	00	00	20.42	44.49
15	11	08	13	15	00	20.42	44.44
15	11	08	13	30	00	20.46	45.41
15	11	08	13	45	00	20.51	45.43
15	11	08	14	00	00	20.57	45.48
15	11	08	14	15	00	20.69	46.41
15	11	08	14	30	00	20.79	46.40
15	11	08	14	45	00	20.87	47.40
15	11	08	15	00	00	20.90	47.44
15	11	08	15	15	00	20.90	47.48
15	11	08	15	30	00	20.87	47.48
15	11	08	15	45	00	20.84	48.42
15	11	08	16	00	00	20.86	48.44
15	11	08	16	15	00	20.91	49.45
15	11	08	16	30	00	20.97	49.46
15	11	08	16	45	00	21.05	49.48
15	11	08	17	00	00	21.10	50.50
15	11	08	17	15	00	21.15	49.40
15	11	08	17	30	00	21.17	49.43
15	11	08	17	45	00	21.20	49.43
15	11	08	18	00	00	21.21	49.46
15	11	08	18	15	00	21.28	49.42
15	11	08	18	30	00	21.28	49.45
15	11	08	18	45	00	21.28	48.43
15	11	08	19	00	00	21.28	48.43
15	11	08	19	15	00	21.27	48.44
15	11	08	19	30	00	21.24	48.49
15	11	08	19	45	00	21.19	48.42
15	11	08	20	00	00	21.16	47.43
15	11	08	20	15	00	21.23	48.47
15	11	08	20	30	00	21.53	48.48
15	11	08	20	45	00	21.90	48.43
15	11	08	21	00	00	22.06	48.47
15	11	08	21	15	00	22.13	47.43
15	11	08	21	30	00	22.16	47.40
15	11	08	21	45	00	22.16	46.45
15	11	08	22	00	00	22.13	46.41
15	11	08	22	15	00	22.11	45.42
15	11	08	22	30	00	22.09	45.48
15	11	08	22	45	00	22.06	45.48
15	11	08	23	00	00	22.02	44.49
15	11	08	23	15	00	21.97	44.44
15	11	08	23	30	00	21.94	44.44
15	11	08	23	45	00	21.91	44.47
15	11	09	00	00	00	21.86	43.45
15	11	09	00	15	00	21.79	43.46
15	11	09	00	30	00	21.69	43.41
15	11	09	00	45	00	21.61	43.42
15	11	09	01	00	00	21.54	42.47
15	11	09	01	15	00	21.45	42.42
15	11	09	01	30	00	21.39	42.44
15	11	09	01	45	00	21.32	42.40
15	11	09	02	00	00	21.27	42.45
15	11	09	02	15	00	21.20	42.45
15	11	09	02	30	00	21.16	42.42
15	11	09	02	45	00	21.10	42.45
15	11	09	03	00	00	21.02	42.40
15	11	09	03	15	00	20.95	42.43
15	11	09	03	30	00	20.90	42.47
15	11	09	03	45	00	20.86	42.40
15	11	09	04	00	00	20.79	42.47
15	11	09	04	15	00	20.73	42.47
15	11	09	04	30	00	20.66	42.44
15	11	09	04	45	00	20.61	42.47
15	11	09	05	00	00	20.57	42.49
15	11	09	05	15	00	20.51	43.42
15	11	09	05	30	00	20.44	43.49
15	11	09	05	45	00	20.39	43.49
15	11	09	06	00	00	20.33	43.41
15	11	09	06	15	00	20.28	43.46
15	11	09	06	30	00	20.24	43.46
15	11	09	06	45	00	20.17	43.41
15	11	09	07	00	00	20.13	43.44
15	11	09	07	15	00	20.07	43.46
15	11	09	07	30	00	20.05	43.41
15	11	09	07	45	00	20.01	43.43
15	11	09	08	00	00	19.98	43.41
15	11	09	08	15	00	19.94	43.48
15	11	09	08	30	00	19.91	43.40
15	11	09	08	45	00	19.88	43.43
15	11	09	09	00	00	19.85	43.40
15	11	09	09	15	00	19.84	44.40
15	11	09	09	30	00	19.88	45.48
15	11	09	09	45	00	20.22	47.42
15	11	09	10	00	00	20.66	47.43
15	11	09	10	15	00	21.09	47.43
15	11	09	10	30	00	21.43	47.49
15	11	09	10	45	00	21.76	47.49
15	11	09	11	00	00	22.04	46.46
15	11	09	11	15	00	22.04	45.45
15	11	09	11	30	00	21.97	44.49
15	11	09	11	45	00	21.95	44.41
15	11	09	12	00	00	21.94	44.46
15	11	09	12	15	00	21.93	44.49
15	11	09	12	30	00	21.94	44.41
15	11	09	12	45	00	21.95	44.47
15	11	09	13	00	00	22.00	44.47
15	11	09	13	15	00	22.00	44.49
15	11	09	13	30	00	21.98	44.40
15	11	09	13	45	00	21.97	44.42
15	11	09	14	00	00	21.97	44.42
15	11	09	14	15	00	21.97	44.42
15	11	09	14	30	00	22.01	44.44
15	11	09	14	45	00	22.02	44.44
15	11	09	15	00	00	22.00	44.42
15	11	09	15	15	00	21.98	44.47
15	11	09	15	30	00	21.97	44.47
15	11	09	15	45	00	21.97	44.49
15	11	09	16	00	00	21.95	44.42
15	11	09	16	15	00	21.93	44.44
15	11	09	16	30	00	21.89	44.42
15	11	09	16	45	00	21.87	44.43
15	11	09	17	00	00	21.83	43.45
15	11	09	17	15	00	21.79	43.45
15	11	09	17	30	00	21.75	43.46
15	11	09	17	45	00	21.69	43.46
15	11	09	18	00	00	21.65	43.46
15	11	09	18	15	00	21.61	43.48
15	11	09	18	30	00	21.60	43.48
15	11	09	18	45	00	21.55	43.46
15	11	09	19	00	00	21.50	43.48
15	11	09	19	15	00	21.48	43.48
15	11	09	19	30	00	21.46	43.46
15	11	09	19	45	00	21.45	43.46
15	11	09	20	00	00	21.43	42.42
15	11	09	20	15	00	21.04	42.45
15	11	09	20	30	00	20.79	42.47
15	11	09	20	45	00	20.62	42.47
15	11	09	21	00	00	20.50	42.49
15	11	09	21	15	00	20.39	43.46
15	11	09	21	30	00	20.29	43.49
15	11	09	21	45	00	20.21	43.48
15	11	09	22	00	00	20.14	43.46
15	11	09	22	15	00	20.07	43.41
15	11	09	22	30	00	20.01	43.43
15	11	09	22	45	00	19.95	43.40
15	11	09	23	00	00	19.90	43.46
15	11	09	23	15	00	19.88	43.48
15	11	09	23	30	00	19.83	44.40
15	11	09	23	45	00	19.80	44.47
15	11	10	00	00	00	19.77	44.49
15	11	10	00	15	00	19.72	44.47
15	11	10	00	30	00	19.68	44.40
15	11	10	00	45	00	19.62	44.47
15	11	10	01	00	00	19.59	44.44
15	11	10	01	15	00	19.54	44.44
15	11	10	01	30	00	19.50	44.44
15	11	10	01	45	00	19.46	44.41
15	11	10	02	00	00	19.41	44.46
15	11	10	02	15	00	19.37	45.41
15	11	10	02	30	00	19.33	45.46
15	11	10	02	45	00	19.30	45.48
15	11	10	03	00	00	19.26	45.45
15	11	10	03	15	00	19.23	45.45
15	11	10	03	30	00	19.21	45.43
15	11	10	03	45	00	19.18	45.45
15	11	10	04	00	00	19.15	45.43
15	11	10	04	15	00	19.12	45.43
15	11	10	04	30	00	19.10	45.43
15	11	10	04	45	00	19.06	45.43
15	11	10	05	00	00	19.04	45.43
15	11	10	05	15	00	19.00	45.45
15	11	10	05	30	00	18.97	45.48
15	11	10	05	45	00	19.07	45.45
15	11	10	06	00	00	19.32	46.46
15	11	10	06	15	00	19.46	45.48
15	11	10	06	30	00	19.50	45.43
15	11	10	06	45	00	19.50	44.49
15	11	10	07	00	00	19.48	44.42
15	11	10	07	15	00	19.44	44.44
15	11	10	07	30	00	19.41	44.49
15	11	10	07	45	00	19.37	44.47
15	11	10	08	00	00	19.32	44.40
15	11	10	08	15	00	19.29	44.40
15	11	10	08	30	00	19.23	44.47
15	11	10	08	45	00	19.19	44.47
15	11	10	09	00	00	19.17	44.42
15	11	10	09	15	00	19.14	44.42
15	11	10	09	30	00	19.12	44.42
15	11	10	09	45	00	19.10	44.40
15	11	10	10	00	00	19.08	44.42
15	11	10	10	15	00	19.08	44.47
15	11	10	10	30	00	19.08	44.44
15	11	10	10	45	00	19.10	44.44
15	11	10	11	00	00	19.11	44.47
15	11	10	11	15	00	19.12	44.49
15	11	10	11	30	00	19.33	45.40
15	11	10	11	45	00	19.73	46.45
15	11	10	12	00	00	20.32	48.42
15	11	10	12	15	00	20.77	47.49
15	11	10	12	30	00	20.99	46.40
15	11	10	12	45	00	21.09	45.42
15	11	10	13	00	00	21.10	45.43
15	11	10	13	15	00	21.06	44.49
15	11	10	13	30	00	21.04	43.45
15	11	10	13	45	00	20.99	43.48
15	11	10	14	00	00	20.95	43.49
15	11	10	14	15	00	20.90	43.47
15	11	10	14	30	00	20.87	42.47
15	11	10	14	45	00	20.86	42.47
15	11	10	15	00	00	20.87	42.49
15	11	10	15	15	00	20.87	42.45
15	11	10	15	30	00	20.88	42.48
15	11	10	15	45	00	20.88	42.48
15	11	10	16	00	00	20.88	42.43
15	11	10	16	15	00	20.86	41.46
15	11	10	16	30	00	20.83	41.46
15	11	10	16	45	00	20.79	41.43
15	11	10	17	00	00	20.73	41.41
15	11	10	17	15	00	20.69	41.49
15	11	10	17	30	00	20.62	41.41
15	11	10	17	45	00	20.54	41.49
15	11	10	18	00	00	20.48	41.41
15	11	10	18	15	00	20.40	41.41
15	11	10	18	30	00	20.50	42.43
15	11	10	18	45	00	20.72	42.47
15	11	10	19	00	00	20.99	42.44
15	11	10	19	15	00	21.16	42.40
15	11	10	19	30	00	21.21	41.46
15	11	10	19	45	00	21.21	41.46
15	11	10	20	00	00	21.17	41.44
15	11	10	20	15	00	21.12	41.47
15	11	10	20	30	00	21.05	41.47
15	11	10	20	45	00	20.97	41.47
15	11	10	21	00	00	20.88	41.45
15	11	10	21	15	00	20.79	41.45
15	11	10	21	30	00	20.70	41.49
15	11	10	21	45	00	20.76	41.48
15	11	10	22	00	00	20.91	41.41
15	11	10	22	15	00	20.91	41.41
15	11	10	22	30	00	20.88	41.49
15	11	10	22	45	00	20.87	41.41
15	11	10	23	00	00	20.79	41.43
15	11	10	23	15	00	20.72	41.46
15	11	10	23	30	00	20.62	41.43
15	11	10	23	45	00	20.54	41.41
15	11	11	00	00	00	20.44	41.44
15	11	11	00	15	00	20.35	41.41
15	11	11	00	30	00	20.26	41.44
15	11	11	00	45	00	20.15	41.49
15	11	11	01	00	00	20.06	41.44
15	11	11	01	15	00	19.98	41.42
15	11	11	01	30	00	19.90	41.44
15	11	11	01	45	00	19.83	41.42
15	11	11	02	00	00	19.76	41.44
15	11	11	02	15	00	19.73	41.44
15	11	11	02	30	00	19.70	41.42
15	11	11	02	45	00	19.66	41.47
15	11	11	03	00	00	19.61	41.45
15	11	11	03	15	00	19.54	40.47
15	11	11	03	30	00	19.48	40.47
15	11	11	03	45	00	19.43	40.45
15	11	11	04	00	00	19.36	40.40
15	11	11	04	15	00	19.29	40.45
15	11	11	04	30	00	19.25	40.42
15	11	11	04	45	00	19.41	41.44
15	11	11	05	00	00	19.57	41.47
15	11	11	05	15	00	19.59	40.40
15	11	11	05	30	00	19.59	40.42
15	11	11	05	45	00	19.63	40.40
15	11	11	06	00	00	19.84	41.45
15	11	11	06	15	00	19.95	40.48
15	11	11	06	30	00	19.96	40.43
15	11	11	06	45	00	19.92	39.31
15	11	11	07	00	00	20.01	40.43
15	11	11	07	15	00	20.21	40.48
15	11	11	07	30	00	20.26	39.36
15	11	11	07	45	00	20.24	39.39
15	11	11	08	00	00	20.20	39.39
15	11	11	08	15	00	20.15	39.39
15	11	11	08	30	00	20.07	39.32
15	11	11	08	45	00	20.02	39.34
15	11	11	09	00	00	19.98	39.39
15	11	11	09	15	00	19.92	39.39
15	11	11	09	30	00	19.87	39.36
15	11	11	09	45	00	19.81	39.31
15	11	11	10	00	00	19.74	39.31
15	11	11	10	15	00	19.68	39.36
15	11	11	10	30	00	19.65	40.43
15	11	11	10	45	00	19.61	40.40
15	11	11	11	00	00	19.57	40.48
15	11	11	11	15	00	19.55	40.47
15	11	11	11	30	00	19.52	40.47
15	11	11	11	45	00	19.50	41.42
15	11	11	12	00	00	19.50	41.41
15	11	11	12	15	00	19.50	41.49
15	11	11	12	30	00	19.48	41.46
15	11	11	12	45	00	19.47	41.44
15	11	11	13	00	00	19.52	42.43
15	11	11	13	15	00	19.51	42.43
15	11	11	13	30	00	19.50	42.40
15	11	11	13	45	00	19.46	42.42
15	11	11	14	00	00	19.43	42.47
15	11	11	14	15	00	19.43	42.42
15	11	11	14	30	00	19.43	42.49
15	11	11	14	45	00	19.44	42.47
15	11	11	15	00	00	19.48	42.42
15	11	11	15	15	00	19.54	42.42
15	11	11	15	30	00	19.58	42.47
15	11	11	15	45	00	19.63	42.47
15	11	11	16	00	00	19.66	42.40
15	11	11	16	15	00	19.68	42.47
15	11	11	16	30	00	19.68	42.45
15	11	11	16	45	00	19.65	42.48
15	11	11	17	00	00	19.66	42.43
15	11	11	17	15	00	19.73	42.44
15	11	11	17	30	00	19.98	43.43
15	11	11	17	45	00	20.36	44.45
15	11	11	18	00	00	20.75	44.43
15	11	11	18	15	00	20.91	43.46
15	11	11	18	30	00	21.01	42.47
15	11	11	18	45	00	21.01	42.40
15	11	11	19	00	00	20.98	41.49
15	11	11	19	15	00	20.94	41.41
15	11	11	19	30	00	20.87	41.42
15	11	11	19	45	00	20.76	40.49
15	11	11	20	00	00	20.68	40.44
15	11	11	20	15	00	20.59	41.42
15	11	11	20	30	00	20.51	41.42
15	11	11	20	45	00	20.43	41.49
15	11	11	21	00	00	20.33	41.49
15	11	11	21	15	00	20.25	41.49
15	11	11	21	30	00	20.18	41.49
15	11	11	21	45	00	20.25	41.48
15	11	11	22	00	00	20.37	41.41
15	11	11	22	15	00	20.40	41.46
15	11	11	22	30	00	20.36	41.49
15	11	11	22	45	00	20.31	41.42
15	11	11	23	00	00	20.25	40.47
15	11	11	23	15	00	20.18	40.40
15	11	11	23	30	00	20.07	40.42
15	11	11	23	45	00	19.96	40.43
15	11	12	00	00	00	19.87	40.43
15	11	12	00	15	00	19.77	40.43
15	11	12	00	30	00	19.68	39.36
15	11	12	00	45	00	19.57	39.36
15	11	12	01	00	00	19.47	39.33
15	11	12	01	15	00	19.41	39.36
15	11	12	01	30	00	19.32	39.36
15	11	12	01	45	00	19.25	40.41
15	11	12	02	00	00	19.17	40.46
15	11	12	02	15	00	19.10	40.43
15	11	12	02	30	00	19.06	40.46
15	11	12	02	45	00	18.97	39.36
15	11	12	03	00	00	18.89	40.41
15	11	12	03	15	00	18.85	40.43
15	11	12	03	30	00	18.82	40.48
15	11	12	03	45	00	18.79	40.40
15	11	12	04	00	00	18.75	40.40
15	11	12	04	15	00	18.70	40.44
15	11	12	04	30	00	18.67	41.44
15	11	12	04	45	00	18.81	41.48
15	11	12	05	00	00	19.07	42.45
15	11	12	05	15	00	19.39	42.45
15	11	12	05	30	00	19.54	41.48
15	11	12	05	45	00	19.59	41.47
15	11	12	06	00	00	19.58	40.49
15	11	12	06	15	00	19.58	40.42
15	11	12	06	30	00	19.54	40.45
15	11	12	06	45	00	19.50	40.47
15	11	12	07	00	00	19.46	40.47
15	11	12	07	15	00	19.40	40.40
15	11	12	07	30	00	19.50	40.44
15	11	12	07	45	00	19.73	41.49
15	11	12	08	00	00	19.98	41.49
15	11	12	08	15	00	20.07	40.40
15	11	12	08	30	00	20.14	40.47
15	11	12	08	45	00	20.17	40.40
15	11	12	09	00	00	20.09	40.41
15	11	12	09	15	00	20.01	39.36
15	11	12	09	30	00	19.91	39.31
15	11	12	09	45	00	19.81	39.31
15	11	12	10	00	00	19.73	39.31
15	11	12	10	15	00	19.70	40.41
15	11	12	10	30	00	19.88	40.40
15	11	12	10	45	00	20.20	41.49
15	11	12	11	00	00	20.55	41.46
15	11	12	11	15	00	20.95	42.45
15	11	12	11	30	00	21.28	41.46
15	11	12	11	45	00	21.45	40.42
15	11	12	12	00	00	21.54	40.40
15	11	12	12	15	00	21.57	39.38
15	11	12	12	30	00	21.55	39.39
15	11	12	12	45	00	21.53	39.39
15	11	12	13	00	00	21.49	38.34
15	11	12	13	15	00	21.48	38.34
15	11	12	13	30	00	21.42	38.37
15	11	12	13	45	00	21.41	38.34
15	11	12	14	00	00	21.37	38.30
15	11	12	14	15	00	21.34	38.35
15	11	12	14	30	00	21.34	38.37
15	11	12	14	45	00	21.34	38.32
15	11	12	15	00	00	21.37	38.32
15	11	12	15	15	00	21.38	38.30
15	11	12	15	30	00	21.42	38.35
15	11	12	15	45	00	21.43	38.32
15	11	12	16	00	00	21.48	38.35
15	11	12	16	15	00	21.48	38.37
15	11	12	16	30	00	21.46	38.35
15	11	12	16	45	00	21.43	38.30
15	11	12	17	00	00	21.46	38.37
15	11	12	17	15	00	21.69	39.31
15	11	12	17	30	00	21.79	39.30
15	11	12	17	45	00	21.78	38.32
15	11	12	18	00	00	21.73	38.34
15	11	12	18	15	00	21.66	38.30
15	11	12	18	30	00	21.60	38.30
15	11	12	18	45	00	21.50	38.37
15	11	12	19	00	00	21.42	38.37
15	11	12	19	15	00	21.34	38.39
15	11	12	19	30	00	21.24	38.37
15	11	12	19	45	00	21.16	39.30
15	11	12	20	00	00	21.08	39.37
15	11	12	20	15	00	21.01	39.34
15	11	12	20	30	00	20.94	39.36
15	11	12	20	45	00	20.90	39.33
15	11	12	21	00	00	20.84	39.39
15	11	12	21	15	00	20.77	39.31
15	11	12	21	30	00	20.73	39.38
15	11	12	21	45	00	20.68	39.36
15	11	12	22	00	00	20.64	39.38
15	11	12	22	15	00	20.58	39.33
15	11	12	22	30	00	20.53	39.30
15	11	12	22	45	00	20.48	39.33
15	11	12	23	00	00	20.43	39.36
15	11	12	23	15	00	20.37	40.43
15	11	12	23	30	00	20.33	40.43
15	11	12	23	45	00	20.26	40.46
15	11	13	00	00	00	20.22	40.43
15	11	13	00	15	00	20.17	40.48
15	11	13	00	30	00	20.13	40.40
15	11	13	00	45	00	20.06	40.48
15	11	13	01	00	00	20.01	40.43
15	11	13	01	15	00	19.95	40.47
15	11	13	01	30	00	19.91	40.42
15	11	13	01	45	00	19.85	40.45
15	11	13	02	00	00	19.80	40.42
15	11	13	02	15	00	19.74	40.45
15	11	13	02	30	00	19.69	40.45
15	11	13	02	45	00	19.62	40.45
15	11	13	03	00	00	19.55	40.45
15	11	13	03	15	00	19.50	40.45
15	11	13	03	30	00	19.44	40.40
15	11	13	03	45	00	19.37	40.45
15	11	13	04	00	00	19.30	40.42
15	11	13	04	15	00	19.22	40.42
15	11	13	04	30	00	19.17	40.45
15	11	13	04	45	00	19.12	40.45
15	11	13	05	00	00	19.06	40.47
15	11	13	05	15	00	18.97	40.45
15	11	13	05	30	00	18.90	40.45
15	11	13	05	45	00	18.85	40.40
15	11	13	06	00	00	18.77	40.45
15	11	13	06	15	00	18.67	40.48
15	11	13	06	30	00	18.70	40.49
15	11	13	06	45	00	18.97	41.44
15	11	13	07	00	00	19.37	42.45
15	11	13	07	15	00	19.69	41.49
15	11	13	07	30	00	19.81	40.44
15	11	13	07	45	00	19.84	40.45
15	11	13	08	00	00	19.83	40.41
15	11	13	08	15	00	19.80	39.31
15	11	13	08	30	00	19.76	39.34
15	11	13	08	45	00	19.69	39.31
15	11	13	09	00	00	19.59	39.31
15	11	13	09	15	00	19.51	39.39
15	11	13	09	30	00	19.43	39.39
15	11	13	09	45	00	19.37	39.36
15	11	13	10	00	00	19.30	39.39
15	11	13	10	15	00	19.25	39.39
15	11	13	10	30	00	19.21	39.39
15	11	13	10	45	00	19.19	39.33
15	11	13	11	00	00	19.18	40.48
15	11	13	11	15	00	19.26	40.40
15	11	13	11	30	00	19.29	41.49
15	11	13	11	45	00	19.28	41.46
15	11	13	12	00	00	19.29	41.48
15	11	13	12	15	00	19.30	42.48
15	11	13	12	30	00	19.32	42.40
15	11	13	12	45	00	19.32	42.40
15	11	13	13	00	00	19.32	42.45
15	11	13	13	15	00	19.32	42.47
15	11	13	13	30	00	19.39	43.42
15	11	13	13	45	00	19.63	43.43
15	11	13	14	00	00	20.01	44.40
15	11	13	14	15	00	20.40	44.40
15	11	13	14	30	00	20.62	43.41
15	11	13	14	45	00	20.76	42.47
15	11	13	15	00	00	20.87	42.40
15	11	13	15	15	00	20.95	42.43
15	11	13	15	30	00	21.02	42.48
15	11	13	15	45	00	21.08	41.41
15	11	13	16	00	00	21.12	41.49
15	11	13	16	15	00	21.12	41.41
15	11	13	16	30	00	21.12	41.44
15	11	13	16	45	00	21.12	41.47
15	11	13	17	00	00	21.09	41.47
15	11	13	17	15	00	21.05	40.47
15	11	13	17	30	00	20.98	40.42
15	11	13	17	45	00	20.92	40.44
15	11	13	18	00	00	20.87	40.49
15	11	13	18	15	00	20.83	41.42
15	11	13	18	30	00	20.80	41.42
15	11	13	18	45	00	20.77	41.44
15	11	13	19	00	00	20.73	41.43
15	11	13	19	15	00	20.69	41.44
15	11	13	19	30	00	20.65	41.48
15	11	13	19	45	00	20.61	41.48
15	11	13	20	00	00	20.58	41.48
15	11	13	20	15	00	20.54	42.45
15	11	13	20	30	00	20.51	42.43
15	11	13	20	45	00	20.51	42.47
15	11	13	21	00	00	20.50	42.47
15	11	13	21	15	00	20.46	42.40
15	11	13	21	30	00	20.42	42.40
15	11	13	21	45	00	20.37	42.47
15	11	13	22	00	00	20.32	42.47
15	11	13	22	15	00	20.26	42.48
15	11	13	22	30	00	20.21	42.43
15	11	13	22	45	00	20.15	42.40
15	11	13	23	00	00	20.10	42.45
15	11	13	23	15	00	20.06	42.45
15	11	13	23	30	00	19.99	42.40
15	11	13	23	45	00	19.95	42.45
15	11	14	00	00	00	19.90	42.43
15	11	14	00	15	00	19.84	42.48
15	11	14	00	30	00	19.79	41.48
15	11	14	00	45	00	19.72	41.43
15	11	14	01	00	00	19.68	41.48
15	11	14	01	15	00	19.61	41.48
15	11	14	01	30	00	19.55	41.44
15	11	14	01	45	00	19.51	41.49
15	11	14	02	00	00	19.46	41.41
15	11	14	02	15	00	19.40	41.44
15	11	14	02	30	00	19.37	41.46
15	11	14	02	45	00	19.34	41.41
15	11	14	03	00	00	19.30	41.43
15	11	14	03	15	00	19.26	41.46
15	11	14	03	30	00	19.19	41.46
15	11	14	03	45	00	19.17	42.40
15	11	14	04	00	00	19.11	42.45
15	11	14	04	15	00	19.07	42.48
15	11	14	04	30	00	19.00	42.40
15	11	14	04	45	00	18.96	42.45
15	11	14	05	00	00	18.93	42.48
15	11	14	05	15	00	18.88	42.43
15	11	14	05	30	00	18.82	42.48
15	11	14	05	45	00	18.78	42.40
15	11	14	06	00	00	18.74	42.43
15	11	14	06	15	00	18.69	42.43
15	11	14	06	30	00	18.65	42.45
15	11	14	06	45	00	18.62	42.45
15	11	14	07	00	00	18.58	42.40
15	11	14	07	15	00	18.55	42.40
15	11	14	07	30	00	18.49	42.47
15	11	14	07	45	00	18.47	42.40
15	11	14	08	00	00	18.43	42.47
15	11	14	08	15	00	18.40	42.45
15	11	14	08	30	00	18.36	42.42
15	11	14	08	45	00	18.34	43.42
15	11	14	09	00	00	18.34	43.46
15	11	14	09	15	00	18.34	43.48
15	11	14	09	30	00	18.43	44.42
15	11	14	09	45	00	18.43	44.42
15	11	14	10	00	00	18.41	44.44
15	11	14	10	15	00	18.40	44.49
15	11	14	10	30	00	18.37	44.49
15	11	14	10	45	00	18.37	44.43
15	11	14	11	00	00	18.37	44.46
15	11	14	11	15	00	18.38	44.48
15	11	14	11	30	00	18.40	45.43
15	11	14	11	45	00	18.41	45.48
15	11	14	12	00	00	18.43	45.43
15	11	14	12	15	00	18.44	45.48
15	11	14	12	30	00	18.45	45.43
15	11	14	12	45	00	18.47	45.48
15	11	14	13	00	00	18.49	45.40
15	11	14	13	15	00	18.52	45.42
15	11	14	13	30	00	18.58	45.42
15	11	14	13	45	00	18.63	45.49
15	11	14	14	00	00	18.66	46.44
15	11	14	14	15	00	18.70	46.43
15	11	14	14	30	00	18.79	46.45
15	11	14	14	45	00	18.88	46.45
15	11	14	15	00	00	18.95	46.47
15	11	14	15	15	00	19.01	46.42
15	11	14	15	30	00	19.08	46.45
15	11	14	15	45	00	19.14	46.45
15	11	14	16	00	00	19.19	46.47
15	11	14	16	15	00	19.22	46.43
15	11	14	16	30	00	19.25	46.45
15	11	14	16	45	00	19.26	46.45
15	11	14	17	00	00	19.26	46.45
15	11	14	17	15	00	19.25	46.45
15	11	14	17	30	00	19.22	46.48
15	11	14	17	45	00	19.19	46.45
15	11	14	18	00	00	19.17	46.42
15	11	14	18	15	00	19.14	46.45
15	11	14	18	30	00	19.11	46.47
15	11	14	18	45	00	19.08	47.47
15	11	14	19	00	00	19.07	47.49
15	11	14	19	15	00	19.04	47.47
15	11	14	19	30	00	19.03	47.49
15	11	14	19	45	00	18.99	47.47
15	11	14	20	00	00	18.96	47.44
15	11	14	20	15	00	18.93	47.42
15	11	14	20	30	00	18.90	47.47
15	11	14	20	45	00	18.88	47.44
15	11	14	21	00	00	18.85	47.40
15	11	14	21	15	00	18.82	47.40
15	11	14	21	30	00	18.79	47.42
15	11	14	21	45	00	18.77	47.42
15	11	14	22	00	00	18.74	47.40
15	11	14	22	15	00	18.73	47.40
15	11	14	22	30	00	18.69	47.40
15	11	14	22	45	00	18.66	47.47
15	11	14	23	00	00	18.63	47.47
15	11	14	23	15	00	18.62	47.45
15	11	14	23	30	00	18.62	47.42
15	11	14	23	45	00	18.81	48.47
15	11	15	00	00	00	19.17	49.47
15	11	15	00	15	00	19.54	49.44
15	11	15	00	30	00	19.76	49.45
15	11	15	00	45	00	19.87	48.48
15	11	15	01	00	00	19.91	48.46
15	11	15	01	15	00	19.91	48.42
15	11	15	01	30	00	19.87	48.42
15	11	15	01	45	00	19.79	47.47
15	11	15	02	00	00	19.69	47.45
15	11	15	02	15	00	19.59	47.43
15	11	15	02	30	00	19.52	47.43
15	11	15	02	45	00	19.47	47.48
15	11	15	03	00	00	19.43	47.48
15	11	15	03	15	00	19.40	47.48
15	11	15	03	30	00	19.37	47.48
15	11	15	03	45	00	19.33	47.41
15	11	15	04	00	00	19.32	47.45
15	11	15	04	15	00	19.48	48.46
15	11	15	04	30	00	19.77	49.42
15	11	15	04	45	00	20.13	49.44
15	11	15	05	00	00	20.44	48.46
15	11	15	05	15	00	20.59	47.47
15	11	15	05	30	00	20.66	47.44
15	11	15	05	45	00	20.68	47.42
15	11	15	06	00	00	20.68	46.42
15	11	15	06	15	00	20.64	46.40
15	11	15	06	30	00	20.57	46.48
15	11	15	06	45	00	20.51	46.46
15	11	15	07	00	00	20.44	46.46
15	11	15	07	15	00	20.37	46.43
15	11	15	07	30	00	20.29	46.46
15	11	15	07	45	00	20.21	46.46
15	11	15	08	00	00	20.14	46.43
15	11	15	08	15	00	20.06	46.48
15	11	15	08	30	00	20.01	46.45
15	11	15	08	45	00	19.95	46.45
15	11	15	09	00	00	19.90	46.45
15	11	15	09	15	00	19.85	46.40
15	11	15	09	30	00	19.81	46.42
15	11	15	09	45	00	19.81	47.47
15	11	15	10	00	00	19.79	47.49
15	11	15	10	15	00	19.79	47.42
15	11	15	10	30	00	19.79	47.41
15	11	15	10	45	00	19.77	47.49
15	11	15	11	00	00	19.76	47.49
15	11	15	11	15	00	19.74	47.47
15	11	15	11	30	00	19.74	47.42
15	11	15	11	45	00	19.72	46.40
15	11	15	12	00	00	19.72	46.48
15	11	15	12	15	00	19.73	46.48
15	11	15	12	30	00	19.72	46.41
15	11	15	12	45	00	19.72	45.42
15	11	15	13	00	00	19.73	45.40
15	11	15	13	15	00	19.74	45.48
15	11	15	13	30	00	19.76	45.47
15	11	15	13	45	00	19.76	45.43
15	11	15	14	00	00	19.77	44.44
15	11	15	14	15	00	19.77	44.47
15	11	15	14	30	00	19.79	44.47
15	11	15	14	45	00	19.80	44.45
15	11	15	15	00	00	19.85	43.45
15	11	15	15	15	00	20.03	44.44
15	11	15	15	30	00	20.37	44.47
15	11	15	15	45	00	20.65	44.47
15	11	15	16	00	00	20.77	43.46
15	11	15	16	15	00	20.84	42.42
15	11	15	16	30	00	20.84	41.48
15	11	15	16	45	00	20.83	41.44
15	11	15	17	00	00	20.79	40.49
15	11	15	17	15	00	20.73	40.45
15	11	15	17	30	00	20.68	40.48
15	11	15	17	45	00	20.61	40.43
15	11	15	18	00	00	20.53	40.43
15	11	15	18	15	00	20.44	39.31
15	11	15	18	30	00	20.42	39.38
15	11	15	18	45	00	20.58	40.43
15	11	15	19	00	00	20.86	40.47
15	11	15	19	15	00	21.17	40.48
15	11	15	19	30	00	21.30	39.36
15	11	15	19	45	00	21.37	39.31
15	11	15	20	00	00	21.35	38.37
15	11	15	20	15	00	21.30	38.33
15	11	15	20	30	00	21.23	38.35
15	11	15	20	45	00	21.15	38.32
15	11	15	21	00	00	21.04	37.38
15	11	15	21	15	00	20.95	37.35
15	11	15	21	30	00	20.84	37.33
15	11	15	21	45	00	20.92	38.32
15	11	15	22	00	00	21.10	38.30
15	11	15	22	15	00	21.24	38.32
15	11	15	22	30	00	21.28	37.33
15	11	15	22	45	00	21.28	37.33
15	11	15	23	00	00	21.21	37.36
15	11	15	23	15	00	21.16	36.31
15	11	15	23	30	00	21.09	36.31
15	11	15	23	45	00	21.02	36.31
15	11	16	00	00	00	20.95	36.36
15	11	16	00	15	00	20.87	36.36
15	11	16	00	30	00	20.80	36.31
15	11	16	00	45	00	20.70	36.37
15	11	16	01	00	00	20.61	36.32
15	11	16	01	15	00	20.50	36.37
15	11	16	01	30	00	20.42	36.34
15	11	16	01	45	00	20.31	36.39
15	11	16	02	00	00	20.21	36.39
15	11	16	02	15	00	20.13	36.37
15	11	16	02	30	00	20.01	36.39
15	11	16	02	45	00	19.91	36.39
15	11	16	03	00	00	19.83	36.34
15	11	16	03	15	00	19.73	36.39
15	11	16	03	30	00	19.65	36.34
15	11	16	03	45	00	19.57	36.39
15	11	16	04	00	00	19.51	36.39
15	11	16	04	15	00	19.44	36.39
15	11	16	04	30	00	19.37	36.34
15	11	16	04	45	00	19.29	36.32
15	11	16	05	00	00	19.21	36.32
15	11	16	05	15	00	19.15	36.32
15	11	16	05	30	00	19.07	35.37
15	11	16	05	45	00	19.03	35.32
15	11	16	06	00	00	18.97	35.34
15	11	16	06	15	00	18.90	35.35
15	11	16	06	30	00	18.84	35.35
15	11	16	06	45	00	18.77	35.39
15	11	16	07	00	00	18.70	35.39
15	11	16	07	15	00	18.84	36.34
15	11	16	07	30	00	19.06	36.39
15	11	16	07	45	00	19.11	35.37
15	11	16	08	00	00	19.10	35.37
15	11	16	08	15	00	19.10	35.35
15	11	16	08	30	00	19.06	35.37
15	11	16	08	45	00	19.06	35.32
15	11	16	09	00	00	19.03	35.30
15	11	16	09	15	00	18.95	35.37
15	11	16	09	30	00	18.88	34.35
15	11	16	09	45	00	18.79	34.35
15	11	16	10	00	00	18.74	34.35
15	11	16	10	15	00	18.66	34.38
15	11	16	10	30	00	18.62	34.38
15	11	16	10	45	00	18.61	34.33
15	11	16	11	00	00	18.62	34.30
15	11	16	11	15	00	18.61	34.30
15	11	16	11	30	00	18.58	34.38
15	11	16	11	45	00	18.56	34.38
15	11	16	12	00	00	18.54	34.35
15	11	16	12	15	00	18.52	34.31
15	11	16	12	30	00	18.56	34.38
15	11	16	12	45	00	18.84	34.35
15	11	16	13	00	00	19.19	35.35
15	11	16	13	15	00	19.46	34.30
15	11	16	13	30	00	19.57	34.33
15	11	16	13	45	00	19.61	33.33
15	11	16	14	00	00	19.65	33.36
15	11	16	14	15	00	19.68	32.38
15	11	16	14	30	00	19.69	32.38
15	11	16	14	45	00	19.69	32.38
15	11	16	15	00	00	19.72	32.38
15	11	16	15	15	00	19.77	32.31
15	11	16	15	30	00	19.81	32.36
15	11	16	15	45	00	19.85	32.31
15	11	16	16	00	00	19.85	32.31
15	11	16	16	15	00	19.85	31.36
15	11	16	16	30	00	19.80	31.36
15	11	16	16	45	00	19.74	31.34
15	11	16	17	00	00	19.81	31.34
15	11	16	17	15	00	19.94	30.31
15	11	16	17	30	00	19.96	30.31
15	11	16	17	45	00	19.94	29.29
15	11	16	18	00	00	19.90	29.21
15	11	16	18	15	00	19.84	29.26
15	11	16	18	30	00	19.79	29.26
15	11	16	18	45	00	19.74	29.21
15	11	16	19	00	00	19.69	29.29
15	11	16	19	15	00	19.65	29.24
15	11	16	19	30	00	19.61	29.24
15	11	16	19	45	00	19.57	29.24
15	11	16	20	00	00	19.52	29.21
15	11	16	20	15	00	19.63	30.31
15	11	16	20	30	00	19.85	30.39
15	11	16	20	45	00	20.15	30.31
15	11	16	21	00	00	20.50	31.34
15	11	16	21	15	00	20.83	31.31
15	11	16	21	30	00	21.17	31.34
15	11	16	21	45	00	21.54	30.34
15	11	16	22	00	00	21.82	30.34
15	11	16	22	15	00	21.91	29.21
15	11	16	22	30	00	21.93	29.24
15	11	16	22	45	00	21.87	29.26
15	11	16	23	00	00	21.76	28.29
15	11	16	23	15	00	21.64	28.23
15	11	16	23	30	00	21.50	28.24
15	11	16	23	45	00	21.37	28.23
15	11	17	00	00	00	21.24	28.28
15	11	17	00	15	00	21.12	28.24
15	11	17	00	30	00	21.05	28.26
15	11	17	00	45	00	21.19	29.21
15	11	17	01	00	00	21.53	29.26
15	11	17	01	15	00	21.90	30.36
15	11	17	01	30	00	22.31	30.31
15	11	17	01	45	00	22.74	30.34
15	11	17	02	00	00	23.18	31.36
15	11	17	02	15	00	23.40	30.39
15	11	17	02	30	00	23.42	30.34
15	11	17	02	45	00	23.37	29.29
15	11	17	03	00	00	23.27	29.26
15	11	17	03	15	00	23.15	29.24
15	11	17	03	30	00	23.02	29.23
15	11	17	03	45	00	22.88	29.26
15	11	17	04	00	00	22.73	29.24
15	11	17	04	15	00	22.57	29.24
15	11	17	04	30	00	22.42	29.26
15	11	17	04	45	00	22.27	29.29
15	11	17	05	00	00	22.13	29.29
15	11	17	05	15	00	22.02	29.29
15	11	17	05	30	00	21.90	29.28
15	11	17	05	45	00	21.79	29.24
15	11	17	06	00	00	21.68	29.27
15	11	17	06	15	00	21.58	29.24
15	11	17	06	30	00	21.49	30.39
15	11	17	06	45	00	21.39	30.36
15	11	17	07	00	00	21.30	30.31
15	11	17	07	15	00	21.21	30.39
15	11	17	07	30	00	21.13	30.39
15	11	17	07	45	00	21.05	30.32
15	11	17	08	00	00	20.98	31.31
15	11	17	08	15	00	20.91	31.36
15	11	17	08	30	00	20.87	31.33
15	11	17	08	45	00	20.80	31.31
15	11	17	09	00	00	20.77	31.31
15	11	17	09	15	00	20.73	31.34
15	11	17	09	30	00	20.70	32.31
15	11	17	09	45	00	20.68	32.36
15	11	17	10	00	00	20.61	32.31
15	11	17	10	15	00	20.54	32.36
15	11	17	10	30	00	20.50	32.31
15	11	17	10	45	00	20.48	32.31
15	11	17	11	00	00	20.47	32.31
15	11	17	11	15	00	20.44	32.33
15	11	17	11	30	00	20.51	33.38
15	11	17	11	45	00	20.53	33.33
15	11	17	12	00	00	20.50	33.36
15	11	17	12	15	00	20.50	33.33
15	11	17	12	30	00	20.53	34.33
15	11	17	12	45	00	20.53	34.30
15	11	17	13	00	00	20.54	34.33
15	11	17	13	15	00	20.57	34.30
15	11	17	13	30	00	20.58	34.35
15	11	17	13	45	00	20.58	34.35
15	11	17	14	00	00	20.62	34.37
15	11	17	14	15	00	20.65	35.38
15	11	17	14	30	00	20.66	35.35
15	11	17	14	45	00	20.70	35.32
15	11	17	15	00	00	20.76	35.30
15	11	17	15	15	00	20.83	35.37
15	11	17	15	30	00	20.86	35.30
15	11	17	15	45	00	20.90	35.35
15	11	17	16	00	00	20.94	35.35
15	11	17	16	15	00	20.94	35.32
15	11	17	16	30	00	20.94	35.37
15	11	17	16	45	00	20.92	35.37
15	11	17	17	00	00	20.90	35.35
15	11	17	17	15	00	20.86	35.30
15	11	17	17	30	00	20.87	35.32
15	11	17	17	45	00	21.08	36.37
15	11	17	18	00	00	21.41	36.34
15	11	17	18	15	00	21.91	37.36
15	11	17	18	30	00	22.27	36.34
15	11	17	18	45	00	22.39	35.32
15	11	17	19	00	00	22.44	35.30
15	11	17	19	15	00	22.48	35.34
15	11	17	19	30	00	22.45	35.30
15	11	17	19	45	00	22.42	35.38
15	11	17	20	00	00	22.35	35.30
15	11	17	20	15	00	22.30	34.35
15	11	17	20	30	00	22.19	34.30
15	11	17	20	45	00	21.97	34.38
15	11	17	21	00	00	22.09	35.39
15	11	17	21	15	00	22.35	36.34
15	11	17	21	30	00	22.49	35.32
15	11	17	21	45	00	22.38	35.37
15	11	17	22	00	00	22.22	34.32
15	11	17	22	15	00	22.04	34.35
15	11	17	22	30	00	21.90	35.30
15	11	17	22	45	00	21.78	35.38
15	11	17	23	00	00	21.90	36.37
15	11	17	23	15	00	22.11	36.36
15	11	17	23	30	00	22.12	35.32
15	11	17	23	45	00	21.95	35.32
15	11	18	00	00	00	21.79	35.34
15	11	18	00	15	00	21.75	36.37
15	11	18	00	30	00	22.19	36.39
15	11	18	00	45	00	22.49	36.39
15	11	18	01	00	00	22.67	36.32
15	11	18	01	15	00	22.78	35.35
15	11	18	01	30	00	22.85	35.30
15	11	18	01	45	00	22.89	35.30
15	11	18	02	00	00	22.93	35.38
15	11	18	02	15	00	22.90	35.30
15	11	18	02	30	00	23.01	35.35
15	11	18	02	45	00	23.11	35.37
15	11	18	03	00	00	23.16	34.35
15	11	18	03	15	00	23.19	34.30
15	11	18	03	30	00	23.22	34.35
15	11	18	03	45	00	23.31	34.37
15	11	18	04	00	00	23.40	34.37
15	11	18	04	15	00	23.42	34.35
15	11	18	04	30	00	23.44	34.38
15	11	18	04	45	00	23.51	34.35
15	11	18	05	00	00	23.58	34.38
15	11	18	05	15	00	23.63	34.36
15	11	18	05	30	00	23.63	33.33
15	11	18	05	45	00	23.69	34.30
15	11	18	06	00	00	23.77	34.30
15	11	18	06	15	00	23.80	33.33
15	11	18	06	30	00	23.81	33.33
15	11	18	06	45	00	23.85	33.33
15	11	18	07	00	00	23.93	33.38
15	11	18	07	15	00	23.97	33.33
15	11	18	07	30	00	23.96	32.38
15	11	18	07	45	00	23.95	32.33
15	11	18	08	00	00	24.03	33.31
15	11	18	08	15	00	24.18	33.33
15	11	18	08	30	00	23.95	29.29
15	11	18	08	45	00	21.89	35.35
15	11	18	09	00	00	21.55	35.35
15	11	18	09	15	00	21.53	34.33
15	11	18	09	30	00	21.41	35.30
15	11	18	09	45	00	21.27	33.33
15	11	18	10	00	00	20.98	35.35
15	11	18	10	15	00	21.86	55.52
15	11	18	10	30	00	20.88	39.38
15	11	18	10	45	00	20.32	41.41
15	11	18	11	00	00	20.13	42.43
15	11	18	11	15	00	20.03	42.42
15	11	18	11	30	00	19.98	42.44
15	11	18	11	45	00	20.01	43.46
15	11	18	12	00	00	20.01	43.48
15	11	18	12	15	00	20.02	43.41
15	11	18	12	30	00	20.03	43.46
15	11	18	12	45	00	19.99	43.47
15	11	18	13	00	00	19.95	43.49
15	11	18	13	15	00	19.95	43.41
15	11	18	13	30	00	19.94	43.45
15	11	18	13	45	00	19.92	43.40
15	11	18	14	00	00	19.94	44.44
15	11	18	14	15	00	19.95	45.43
15	11	18	14	30	00	19.96	45.45
15	11	18	14	45	00	19.96	45.41
15	11	18	15	00	00	19.95	44.47
15	11	18	15	15	00	19.96	45.47
15	11	18	15	30	00	19.99	44.44
15	11	18	15	45	00	19.99	44.49
15	11	18	16	00	00	19.96	44.49
15	11	18	16	15	00	19.99	45.40
15	11	18	16	30	00	19.98	44.44
15	11	18	16	45	00	19.98	44.45
15	11	18	17	00	00	20.02	44.45
15	11	18	17	15	00	20.03	43.48
15	11	18	17	30	00	20.05	43.43
15	11	18	17	45	00	20.03	43.41
15	11	18	18	00	00	20.03	43.48
15	11	18	18	15	00	20.07	44.40
15	11	18	18	30	00	20.13	43.45
15	11	18	18	45	00	20.14	43.48
15	11	18	19	00	00	20.18	43.43
15	11	18	19	15	00	20.20	43.46
15	11	18	19	30	00	20.21	43.46
15	11	18	19	45	00	20.22	43.49
15	11	18	20	00	00	20.22	42.44
15	11	18	20	15	00	20.21	42.47
15	11	18	20	30	00	20.21	42.42
15	11	18	20	45	00	20.21	42.45
15	11	18	21	00	00	20.21	42.40
15	11	18	21	15	00	20.21	42.40
15	11	18	21	30	00	20.21	42.40
15	11	18	21	45	00	20.21	42.40
15	11	18	22	00	00	20.21	41.46
15	11	18	22	15	00	20.20	41.41
15	11	18	22	30	00	20.22	43.43
15	11	18	22	45	00	20.22	42.42
15	11	18	23	00	00	20.22	42.45
15	11	18	23	15	00	20.22	41.48
15	11	18	23	30	00	20.22	41.48
15	11	18	23	45	00	20.22	41.41
15	11	19	00	00	00	20.21	41.46
15	11	19	00	15	00	20.22	41.46
15	11	19	00	30	00	20.22	41.43
15	11	19	00	45	00	20.21	41.44
15	11	19	01	00	00	20.21	41.41
15	11	19	01	15	00	20.21	41.45
15	11	19	01	30	00	20.20	40.42
15	11	19	01	45	00	20.18	40.47
15	11	19	02	00	00	20.20	40.40
15	11	19	02	15	00	20.18	40.41
15	11	19	02	30	00	20.18	39.33
15	11	19	02	45	00	20.18	40.45
15	11	19	03	00	00	20.18	40.45
15	11	19	03	15	00	20.18	40.47
15	11	19	03	30	00	20.18	40.45
15	11	19	03	45	00	20.17	40.48
15	11	19	04	00	00	20.17	39.33
15	11	19	04	15	00	20.17	39.34
15	11	19	04	30	00	20.17	39.39
15	11	19	04	45	00	20.15	38.32
15	11	19	05	00	00	20.14	38.30
15	11	19	05	15	00	20.17	38.30
15	11	19	05	30	00	20.15	38.37
15	11	19	05	45	00	20.14	38.30
15	11	19	06	00	00	20.14	37.35
15	11	19	06	15	00	20.13	37.35
15	11	19	06	30	00	20.13	37.35
15	11	19	06	45	00	20.13	37.36
15	11	19	07	00	00	20.10	37.36
15	11	19	07	15	00	20.07	37.36
15	11	19	07	30	00	20.05	37.36
15	11	19	07	45	00	19.98	37.33
15	11	19	08	00	00	19.96	38.30
15	11	19	08	15	00	19.94	38.37
15	11	19	08	30	00	19.92	39.36
15	11	19	08	45	00	19.91	40.41
15	11	19	09	00	00	19.94	41.42
15	11	19	09	15	00	19.92	41.44
15	11	19	09	30	00	19.91	41.46
15	11	19	09	45	00	19.90	42.43
15	11	19	10	00	00	19.91	43.41
15	11	19	10	15	00	19.90	43.43
15	11	19	10	30	00	19.90	44.42
15	11	19	10	45	00	19.92	44.40
15	11	19	11	00	00	19.91	44.46
15	11	19	11	15	00	19.92	46.46
15	11	19	11	30	00	19.96	46.43
15	11	19	11	45	00	19.98	46.43
15	11	19	12	00	00	19.96	46.41
15	11	19	12	15	00	19.96	46.46
15	11	19	12	30	00	19.96	46.43
15	11	19	12	45	00	19.95	46.44
15	11	19	13	00	00	19.90	45.47
15	11	19	13	15	00	19.85	45.42
15	11	19	13	30	00	19.84	46.42
15	11	19	13	45	00	19.85	46.43
15	11	19	14	00	00	19.87	46.45
15	11	19	14	15	00	19.85	46.42
15	11	19	14	30	00	19.87	45.49
15	11	19	14	45	00	19.88	46.44
15	11	19	15	00	00	19.87	46.43
15	11	19	15	15	00	19.87	46.43
15	11	19	15	30	00	19.85	46.43
15	11	19	15	45	00	19.85	46.45
15	11	19	16	00	00	19.85	46.40
15	11	19	16	15	00	19.87	46.45
15	11	19	16	30	00	19.84	46.47
15	11	19	16	45	00	19.83	47.46
15	11	19	17	00	00	19.85	47.48
15	11	19	17	15	00	19.85	47.43
15	11	19	17	30	00	19.88	48.49
15	11	19	17	45	00	19.94	48.48
15	11	19	18	00	00	19.94	48.46
15	11	19	18	15	00	19.98	48.48
15	11	19	18	30	00	20.05	48.43
15	11	19	18	45	00	20.07	48.46
15	11	19	19	00	00	20.13	48.42
15	11	19	19	15	00	20.14	47.47
15	11	19	19	30	00	20.15	47.40
15	11	19	19	45	00	20.15	47.41
15	11	19	20	00	00	20.18	47.46
15	11	19	20	15	00	20.21	47.48
15	11	19	20	30	00	20.22	47.41
15	11	19	20	45	00	20.22	47.40
15	11	19	21	00	00	20.22	47.40
15	11	19	21	15	00	20.24	46.40
15	11	19	21	30	00	20.25	46.43
15	11	19	21	45	00	20.25	45.44
15	11	19	22	00	00	20.28	48.46
15	11	19	22	15	00	20.28	46.43
15	11	19	22	30	00	20.26	45.47
15	11	19	22	45	00	20.25	44.44
15	11	19	23	00	00	20.26	44.42
15	11	19	23	15	00	20.26	44.45
15	11	19	23	30	00	20.26	43.48
15	11	19	23	45	00	20.25	43.40
15	11	20	00	00	00	20.26	43.46
15	11	20	00	15	00	20.25	43.49
15	11	20	00	30	00	20.25	42.47
15	11	20	00	45	00	20.25	42.44
15	11	20	01	00	00	20.24	42.44
15	11	20	01	15	00	20.25	42.44
15	11	20	01	30	00	20.24	42.45
15	11	20	01	45	00	20.24	42.45
15	11	20	02	00	00	20.22	42.48
15	11	20	02	15	00	20.24	41.48
15	11	20	02	30	00	20.24	41.48
15	11	20	02	45	00	20.25	42.45
15	11	20	03	00	00	20.25	42.43
15	11	20	03	15	00	20.25	42.45
15	11	20	03	30	00	20.24	42.49
15	11	20	03	45	00	20.25	42.47
15	11	20	04	00	00	20.25	42.47
15	11	20	04	15	00	20.25	42.45
15	11	20	04	30	00	20.25	42.45
15	11	20	04	45	00	20.25	42.44
15	11	20	05	00	00	20.24	42.42
15	11	20	05	15	00	20.24	42.45
15	11	20	05	30	00	20.25	42.45
15	11	20	05	45	00	20.24	42.42
15	11	20	06	00	00	20.24	42.48
15	11	20	06	15	00	20.24	42.43
15	11	20	06	30	00	20.24	41.44
15	11	20	06	45	00	20.22	41.41
15	11	20	07	00	00	20.22	41.47
15	11	20	07	15	00	20.20	41.41
15	11	20	07	30	00	20.14	42.43
15	11	20	07	45	00	20.09	42.48
15	11	20	08	00	00	20.13	44.40
15	11	20	08	15	00	20.09	43.46
15	11	20	08	30	00	20.07	44.42
15	11	20	08	45	00	20.07	45.42
15	11	20	09	00	00	20.10	46.45
15	11	20	09	15	00	20.10	47.49
15	11	20	09	30	00	20.10	47.41
15	11	20	09	45	00	20.14	47.45
15	11	20	10	00	00	20.06	48.40
15	11	20	10	15	00	20.03	48.49
15	11	20	10	30	00	20.02	48.42
15	11	20	10	45	00	19.99	48.44
15	11	20	11	00	00	19.94	49.45
15	11	20	11	15	00	19.91	49.46
15	11	20	11	30	00	20.03	50.56
15	11	20	11	45	00	20.05	50.59
15	11	20	12	00	00	20.02	50.50
15	11	20	12	15	00	20.01	50.52
15	11	20	12	30	00	19.95	50.59
15	11	20	12	45	00	19.90	50.55
15	11	20	13	00	00	19.83	49.40
15	11	20	13	15	00	19.84	50.52
15	11	20	13	30	00	19.84	50.50
15	11	20	13	45	00	19.87	50.51
15	11	20	14	00	00	19.84	50.54
15	11	20	14	15	00	19.85	50.59
15	11	20	14	30	00	19.90	51.50
15	11	20	14	45	00	19.87	50.50
15	11	20	15	00	00	19.87	48.41
15	11	20	15	15	00	19.87	48.49
15	11	20	15	30	00	19.87	47.47
15	11	20	15	45	00	19.88	47.43
15	11	20	16	00	00	19.84	47.46
15	11	20	16	15	00	19.80	46.42
15	11	20	16	30	00	19.85	46.43
15	11	20	16	45	00	19.77	45.47
15	11	20	17	00	00	19.80	46.41
15	11	20	17	15	00	19.81	46.41
15	11	20	17	30	00	19.81	46.48
15	11	20	17	45	00	19.81	46.42
15	11	20	18	00	00	19.81	47.44
15	11	20	18	15	00	19.90	47.48
15	11	20	18	30	00	19.98	47.43
15	11	20	18	45	00	20.06	48.42
15	11	20	19	00	00	20.13	48.41
15	11	20	19	15	00	20.17	48.43
15	11	20	19	30	00	20.21	48.46
15	11	20	19	45	00	20.22	48.46
15	11	20	20	00	00	20.24	48.46
15	11	20	20	15	00	20.28	48.44
15	11	20	20	30	00	20.25	48.40
15	11	20	20	45	00	20.28	47.46
15	11	20	21	00	00	20.29	47.47
15	11	20	21	15	00	20.29	47.45
15	11	20	21	30	00	20.31	46.42
15	11	20	21	45	00	20.32	47.48
15	11	20	22	00	00	20.32	47.42
15	11	20	22	15	00	20.31	46.40
15	11	20	22	30	00	20.32	46.41
15	11	20	22	45	00	20.32	45.44
15	11	20	23	00	00	20.33	46.49
15	11	20	23	15	00	20.35	46.43
15	11	20	23	30	00	20.35	46.48
15	11	20	23	45	00	20.35	46.43
15	11	21	00	00	00	20.36	46.41
15	11	21	00	15	00	20.36	46.43
15	11	21	00	30	00	20.37	46.41
15	11	21	00	45	00	20.37	46.44
15	11	21	01	00	00	20.37	46.43
15	11	21	01	15	00	20.37	46.42
15	11	21	01	30	00	20.39	46.44
15	11	21	01	45	00	20.37	45.40
15	11	21	02	00	00	20.37	44.42
15	11	21	02	15	00	20.37	43.48
15	11	21	02	30	00	20.36	43.49
15	11	21	02	45	00	20.36	42.42
15	11	21	03	00	00	20.36	43.49
15	11	21	03	15	00	20.37	43.43
15	11	21	03	30	00	20.37	43.46
15	11	21	03	45	00	20.37	42.40
15	11	21	04	00	00	20.36	42.47
15	11	21	04	15	00	20.37	42.47
15	11	21	04	30	00	20.39	43.48
15	11	21	04	45	00	20.39	44.40
15	11	21	05	00	00	20.39	44.41
15	11	21	05	15	00	20.40	44.49
15	11	21	05	30	00	20.39	44.42
15	11	21	05	45	00	20.39	44.49
15	11	21	06	00	00	20.37	43.43
15	11	21	06	15	00	20.37	42.44
15	11	21	06	30	00	20.37	42.43
15	11	21	06	45	00	20.37	42.49
15	11	21	07	00	00	20.36	42.49
15	11	21	07	15	00	20.33	43.44
15	11	21	07	30	00	20.25	42.48
15	11	21	07	45	00	20.20	42.47
15	11	21	08	00	00	20.17	42.47
15	11	21	08	15	00	20.14	43.40
15	11	21	08	30	00	20.14	45.48
15	11	21	08	45	00	20.13	46.46
15	11	21	09	00	00	20.10	47.47
15	11	21	09	15	00	20.07	47.48
15	11	21	09	30	00	20.07	48.46
15	11	21	09	45	00	20.05	49.45
15	11	21	10	00	00	20.03	49.48
15	11	21	10	15	00	20.03	50.55
15	11	21	10	30	00	20.02	50.59
15	11	21	10	45	00	20.02	50.52
15	11	21	11	00	00	20.01	50.55
15	11	21	11	15	00	19.98	50.54
15	11	21	11	30	00	19.94	50.54
15	11	21	11	45	00	19.88	50.58
15	11	21	12	00	00	19.84	50.51
15	11	21	12	15	00	19.79	49.40
15	11	21	12	30	00	19.72	47.45
15	11	21	12	45	00	19.66	44.44
15	11	21	13	00	00	19.61	43.46
15	11	21	13	15	00	19.55	41.44
15	11	21	13	30	00	19.50	40.43
15	11	21	13	45	00	19.44	38.37
15	11	21	14	00	00	19.39	36.39
15	11	21	14	15	00	19.32	35.32
15	11	21	14	30	00	19.30	35.37
15	11	21	14	45	00	19.28	35.35
15	11	21	15	00	00	19.25	34.38
15	11	21	15	15	00	19.23	35.30
15	11	21	15	30	00	19.25	35.30
15	11	21	15	45	00	19.23	36.37
15	11	21	16	00	00	19.22	36.37
15	11	21	16	15	00	19.25	35.32
15	11	21	16	30	00	19.26	35.34
15	11	21	16	45	00	19.28	35.34
15	11	21	17	00	00	19.30	35.32
15	11	21	17	15	00	19.33	35.37
15	11	21	17	30	00	19.36	36.37
15	11	21	17	45	00	19.40	36.34
15	11	21	18	00	00	19.46	36.31
15	11	21	18	15	00	19.52	36.36
15	11	21	18	30	00	19.62	37.38
15	11	21	18	45	00	19.69	37.31
15	11	21	19	00	00	19.76	37.33
15	11	21	19	15	00	19.80	37.36
15	11	21	19	30	00	19.84	37.38
15	11	21	19	45	00	19.85	37.33
15	11	21	20	00	00	19.88	37.33
15	11	21	20	15	00	19.90	37.38
15	11	21	20	30	00	19.92	37.38
15	11	21	20	45	00	19.91	37.33
15	11	21	21	00	00	19.94	37.33
15	11	21	21	15	00	19.95	37.35
15	11	21	21	30	00	19.98	37.35
15	11	21	21	45	00	19.99	37.36
15	11	21	22	00	00	20.01	37.38
15	11	21	22	15	00	20.03	37.35
15	11	21	22	30	00	20.03	37.35
15	11	21	22	45	00	20.05	37.33
15	11	21	23	00	00	20.06	37.33
15	11	21	23	15	00	20.06	36.39
15	11	21	23	30	00	20.07	36.39
15	11	21	23	45	00	20.09	37.31
15	11	22	00	00	00	20.09	36.31
15	11	22	00	15	00	20.10	36.36
15	11	22	00	30	00	20.10	36.39
15	11	22	00	45	00	20.13	36.39
15	11	22	01	00	00	20.13	36.39
15	11	22	01	15	00	20.15	36.31
15	11	22	01	30	00	20.15	36.39
15	11	22	01	45	00	20.17	36.34
15	11	22	02	00	00	20.17	36.37
15	11	22	02	15	00	20.17	36.37
15	11	22	02	30	00	20.17	36.37
15	11	22	02	45	00	20.18	36.32
15	11	22	03	00	00	20.17	36.37
15	11	22	03	15	00	20.18	35.39
15	11	22	03	30	00	20.18	35.39
15	11	22	03	45	00	20.18	36.37
15	11	22	04	00	00	20.18	35.35
15	11	22	04	15	00	20.20	35.38
15	11	22	04	30	00	20.18	34.30
15	11	22	04	45	00	20.20	34.38
15	11	22	05	00	00	20.20	34.33
15	11	22	05	15	00	20.20	34.38
15	11	22	05	30	00	20.20	34.33
15	11	22	05	45	00	20.20	34.33
15	11	22	06	00	00	20.21	34.32
15	11	22	06	15	00	20.21	35.35
15	11	22	06	30	00	20.20	35.37
15	11	22	06	45	00	20.18	35.38
15	11	22	07	00	00	20.20	35.30
15	11	22	07	15	00	20.13	35.34
15	11	22	07	30	00	20.07	35.39
15	11	22	07	45	00	20.02	35.37
15	11	22	08	00	00	20.01	36.32
15	11	22	08	15	00	19.99	36.39
15	11	22	08	30	00	19.96	37.38
15	11	22	08	45	00	19.96	39.36
15	11	22	09	00	00	19.96	40.42
15	11	22	09	15	00	19.95	40.40
15	11	22	09	30	00	19.91	40.44
15	11	22	09	45	00	19.92	41.41
15	11	22	10	00	00	19.92	41.44
15	11	22	10	15	00	19.90	41.49
15	11	22	10	30	00	19.90	41.48
15	11	22	10	45	00	19.92	42.43
15	11	22	11	00	00	19.91	42.42
15	11	22	11	15	00	19.87	42.45
15	11	22	11	30	00	19.81	42.40
15	11	22	11	45	00	19.77	42.44
15	11	22	12	00	00	19.74	43.49
15	11	22	12	15	00	19.72	43.46
15	11	22	12	30	00	19.69	42.42
15	11	22	12	45	00	19.63	43.41
15	11	22	13	00	00	19.62	44.43
15	11	22	13	15	00	19.61	45.41
15	11	22	13	30	00	19.61	45.41
15	11	22	13	45	00	19.59	45.45
15	11	22	14	00	00	19.58	46.45
15	11	22	14	15	00	19.59	47.44
15	11	22	14	30	00	19.57	48.42
15	11	22	14	45	00	19.57	48.46
15	11	22	15	00	00	19.59	49.49
15	11	22	15	15	00	19.61	49.41
15	11	22	15	30	00	19.61	50.55
15	11	22	15	45	00	19.59	50.52
15	11	22	16	00	00	19.59	50.59
15	11	22	16	15	00	19.61	50.54
15	11	22	16	30	00	19.61	50.53
15	11	22	16	45	00	19.65	50.58
15	11	22	17	00	00	19.66	51.52
15	11	22	17	15	00	19.70	51.52
15	11	22	17	30	00	19.74	51.50
15	11	22	17	45	00	19.77	51.58
15	11	22	18	00	00	19.83	50.58
15	11	22	18	15	00	19.85	50.52
15	11	22	18	30	00	19.91	50.55
15	11	22	18	45	00	19.98	49.41
15	11	22	19	00	00	20.02	49.42
15	11	22	19	15	00	20.06	49.49
15	11	22	19	30	00	20.07	49.42
15	11	22	19	45	00	20.13	48.43
15	11	22	20	00	00	20.13	48.49
15	11	22	20	15	00	20.14	48.40
15	11	22	20	30	00	20.14	47.44
15	11	22	20	45	00	20.14	46.40
15	11	22	21	00	00	20.15	45.47
15	11	22	21	15	00	20.17	44.46
15	11	22	21	30	00	20.17	44.42
15	11	22	21	45	00	20.18	43.43
15	11	22	22	00	00	20.18	42.43
15	11	22	22	15	00	20.18	41.48
15	11	22	22	30	00	20.20	41.47
15	11	22	22	45	00	20.18	40.45
15	11	22	23	00	00	20.18	40.48
15	11	22	23	15	00	20.20	39.38
15	11	22	23	30	00	20.18	39.36
15	11	22	23	45	00	20.20	39.31
15	11	23	00	00	00	20.18	39.32
15	11	23	00	15	00	20.20	38.32
15	11	23	00	30	00	20.20	38.37
15	11	23	00	45	00	20.20	38.34
15	11	23	01	00	00	20.18	38.37
15	11	23	01	15	00	20.20	38.37
15	11	23	01	30	00	20.20	38.30
15	11	23	01	45	00	20.21	38.37
15	11	23	02	00	00	20.21	38.35
15	11	23	02	15	00	20.18	38.33
15	11	23	02	30	00	20.21	38.33
15	11	23	02	45	00	20.21	38.30
15	11	23	03	00	00	20.21	38.38
15	11	23	03	15	00	20.21	38.35
15	11	23	03	30	00	20.21	38.33
15	11	23	03	45	00	20.21	38.37
15	11	23	04	00	00	20.21	38.33
15	11	23	04	15	00	20.21	38.33
15	11	23	04	30	00	20.21	38.37
15	11	23	04	45	00	20.22	37.38
15	11	23	05	00	00	20.21	38.33
15	11	23	05	15	00	20.21	38.32
15	11	23	05	30	00	20.21	38.37
15	11	23	05	45	00	20.21	38.35
15	11	23	06	00	00	20.22	38.30
15	11	23	06	15	00	20.24	39.33
15	11	23	06	30	00	20.22	38.32
15	11	23	06	45	00	20.22	38.32
15	11	23	07	00	00	20.21	38.37
15	11	23	07	15	00	20.14	38.37
15	11	23	07	30	00	20.07	38.30
15	11	23	07	45	00	20.05	38.30
15	11	23	08	00	00	20.03	39.34
15	11	23	08	15	00	20.01	39.32
15	11	23	08	30	00	19.99	39.30
15	11	23	08	45	00	19.99	39.33
15	11	23	09	00	00	20.01	40.45
15	11	23	09	15	00	20.03	41.42
15	11	23	09	30	00	20.02	40.47
15	11	23	09	45	00	19.99	41.47
15	11	23	10	00	00	19.98	41.49
15	11	23	10	15	00	20.01	41.49
15	11	23	10	30	00	19.99	41.41
15	11	23	10	45	00	19.99	41.41
15	11	23	11	00	00	20.01	42.45
15	11	23	11	15	00	20.06	43.41
15	11	23	11	30	00	20.03	43.48
15	11	23	11	45	00	20.15	45.40
15	11	23	12	00	00	20.10	45.42
15	11	23	12	15	00	20.10	45.45
15	11	23	12	30	00	20.13	45.48
15	11	23	12	45	00	20.07	44.43
15	11	23	13	00	00	20.05	45.43
15	11	23	13	15	00	20.05	45.40
15	11	23	13	30	00	20.01	45.47
15	11	23	13	45	00	19.98	46.48
15	11	23	14	00	00	19.96	47.45
15	11	23	14	15	00	19.92	48.43
15	11	23	14	30	00	19.92	49.42
15	11	23	14	45	00	19.92	49.48
15	11	23	15	00	00	19.94	49.46
15	11	23	15	15	00	19.92	49.42
15	11	23	15	30	00	19.96	49.44
15	11	23	15	45	00	19.99	49.43
15	11	23	16	00	00	20.03	50.56
15	11	23	16	15	00	20.03	50.56
15	11	23	16	30	00	20.02	50.53
15	11	23	16	45	00	20.13	51.57
15	11	23	17	00	00	20.14	50.56
15	11	23	17	15	00	20.14	50.52
15	11	23	17	30	00	20.15	50.52
15	11	23	17	45	00	20.10	49.40
15	11	23	18	00	00	20.20	49.43
15	11	23	18	15	00	20.24	49.47
15	11	23	18	30	00	20.29	48.48
15	11	23	18	45	00	20.33	48.44
15	11	23	19	00	00	20.35	47.48
15	11	23	19	15	00	20.35	46.40
15	11	23	19	30	00	20.36	45.40
15	11	23	19	45	00	20.39	44.46
15	11	23	20	00	00	20.37	44.47
15	11	23	20	15	00	20.37	44.47
15	11	23	20	30	00	20.39	44.44
15	11	23	20	45	00	20.39	44.44
15	11	23	21	00	00	20.39	44.40
15	11	23	21	15	00	20.39	44.42
15	11	23	21	30	00	20.39	44.41
15	11	23	21	45	00	20.40	45.41
15	11	23	22	00	00	20.40	44.44
15	11	23	22	15	00	20.40	44.47
15	11	23	22	30	00	20.39	44.43
15	11	23	22	45	00	20.39	43.41
15	11	23	23	00	00	20.37	43.46
15	11	23	23	15	00	20.37	43.43
15	11	23	23	30	00	20.37	44.44
15	11	23	23	45	00	20.36	44.40
15	11	24	00	00	00	20.36	43.45
15	11	24	00	15	00	20.36	43.43
15	11	24	00	30	00	20.35	43.41
15	11	24	00	45	00	20.36	43.49
15	11	24	01	00	00	20.36	43.49
15	11	24	01	15	00	20.36	42.49
15	11	24	01	30	00	20.35	41.43
15	11	24	01	45	00	20.33	41.49
15	11	24	02	00	00	20.33	41.42
15	11	24	02	15	00	20.32	40.40
15	11	24	02	30	00	20.32	40.47
15	11	24	02	45	00	20.32	40.45
15	11	24	03	00	00	20.31	40.43
15	11	24	03	15	00	20.29	40.45
15	11	24	03	30	00	20.29	41.44
15	11	24	03	45	00	20.31	42.42
15	11	24	04	00	00	20.31	43.48
15	11	24	04	15	00	20.33	45.42
15	11	24	04	30	00	20.32	46.41
15	11	24	04	45	00	20.32	46.42
15	11	24	05	00	00	20.32	46.42
15	11	24	05	15	00	20.32	46.47
15	11	24	05	30	00	20.32	46.41
15	11	24	05	45	00	20.29	46.48
15	11	24	06	00	00	20.31	45.48
15	11	24	06	15	00	20.29	44.40
15	11	24	06	30	00	20.29	44.45
15	11	24	06	45	00	20.29	43.43
15	11	24	07	00	00	20.29	44.46
15	11	24	07	15	00	20.24	45.43
15	11	24	07	30	00	20.18	45.44
15	11	24	07	45	00	20.14	46.45
15	11	24	08	00	00	20.14	46.47
15	11	24	08	15	00	20.07	46.40
15	11	24	08	30	00	20.05	47.47
15	11	24	08	45	00	20.03	46.40
15	11	24	09	00	00	20.05	47.44
15	11	24	09	15	00	20.05	47.41
15	11	24	09	30	00	20.07	47.45
15	11	24	09	45	00	20.13	49.41
15	11	24	10	00	00	20.15	49.43
15	11	24	10	15	00	20.15	50.55
15	11	24	10	30	00	20.17	50.55
15	11	24	10	45	00	20.20	51.58
15	11	24	11	00	00	20.29	52.58
15	11	24	11	15	00	20.31	53.59
15	11	24	11	30	00	20.29	53.57
15	11	24	11	45	00	20.31	51.55
15	11	24	12	00	00	20.31	48.44
15	11	24	12	15	00	20.32	46.45
15	11	24	12	30	00	20.29	45.43
15	11	24	12	45	00	20.25	43.42
15	11	24	13	00	00	20.28	38.35
15	11	24	13	15	00	20.15	35.34
15	11	24	13	30	00	20.31	35.37
15	11	24	13	45	00	20.28	34.35
15	11	24	14	00	00	20.24	32.36
15	11	24	14	15	00	20.21	31.38
15	11	24	14	30	00	20.15	29.29
15	11	24	14	45	00	20.13	28.29
15	11	24	15	00	00	20.07	27.21
15	11	24	15	15	00	20.06	28.29
15	11	24	15	30	00	20.03	28.24
15	11	24	15	45	00	20.02	29.21
15	11	24	16	00	00	19.98	28.24
15	11	24	16	15	00	19.99	28.26
15	11	24	16	30	00	19.96	28.29
15	11	24	16	45	00	19.94	28.21
15	11	24	17	00	00	19.94	29.23
15	11	24	17	15	00	19.98	29.24
15	11	24	17	30	00	19.96	29.28
15	11	24	17	45	00	19.95	28.29
15	11	24	18	00	00	19.95	28.21
15	11	24	18	15	00	19.99	28.26
15	11	24	18	30	00	20.02	28.24
15	11	24	18	45	00	20.05	29.21
15	11	24	19	00	00	20.06	29.29
15	11	24	19	15	00	20.06	29.21
15	11	24	19	30	00	20.07	29.24
15	11	24	19	45	00	20.10	30.39
15	11	24	20	00	00	20.13	29.21
15	11	24	20	15	00	20.10	29.28
15	11	24	20	30	00	20.13	29.24
15	11	24	20	45	00	20.14	29.24
15	11	24	21	00	00	20.14	29.26
15	11	24	21	15	00	20.15	29.24
15	11	24	21	30	00	20.15	29.21
15	11	24	21	45	00	20.18	30.39
15	11	24	22	00	00	20.21	30.36
15	11	24	22	15	00	20.20	30.34
15	11	24	22	30	00	20.21	30.36
15	11	24	22	45	00	20.22	30.34
15	11	24	23	00	00	20.22	31.33
15	11	24	23	15	00	20.24	31.39
15	11	24	23	30	00	20.24	31.31
15	11	24	23	45	00	20.24	31.31
15	11	25	00	00	00	20.24	31.36
15	11	25	00	15	00	20.24	31.39
15	11	25	00	30	00	20.24	31.33
15	11	25	00	45	00	20.24	31.36
15	11	25	01	00	00	20.24	30.36
15	11	25	01	15	00	20.22	30.31
15	11	25	01	30	00	20.22	29.26
15	11	25	01	45	00	20.22	29.24
15	11	25	02	00	00	20.22	29.28
15	11	25	02	15	00	20.22	29.21
15	11	25	02	30	00	20.21	29.28
15	11	25	02	45	00	20.21	29.29
15	11	25	03	00	00	20.20	29.22
15	11	25	03	15	00	20.21	29.21
15	11	25	03	30	00	20.20	29.22
15	11	25	03	45	00	20.21	29.29
15	11	25	04	00	00	20.20	29.26
15	11	25	04	15	00	20.21	29.21
15	11	25	04	30	00	20.20	29.26
15	11	25	04	45	00	20.20	29.26
15	11	25	05	00	00	20.20	29.21
15	11	25	05	15	00	20.20	29.21
15	11	25	05	30	00	20.20	28.26
15	11	25	05	45	00	20.18	28.26
15	11	25	06	00	00	20.18	28.26
15	11	25	06	15	00	20.18	28.26
15	11	25	06	30	00	20.18	27.26
15	11	25	06	45	00	20.17	27.29
15	11	25	07	00	00	20.15	27.23
15	11	25	07	15	00	20.07	27.26
15	11	25	07	30	00	20.02	27.26
15	11	25	07	45	00	19.98	27.24
15	11	25	08	00	00	19.95	28.21
15	11	25	08	15	00	19.92	28.29
15	11	25	08	30	00	19.91	27.23
15	11	25	08	45	00	19.88	28.21
15	11	25	09	00	00	19.90	28.26
15	11	25	09	15	00	19.88	28.28
15	11	25	09	30	00	19.88	28.21
15	11	25	09	45	00	19.90	29.29
15	11	25	10	00	00	19.87	29.21
15	11	25	10	15	00	19.83	27.26
15	11	25	10	30	00	19.81	27.29
15	11	25	10	45	00	19.85	28.29
15	11	25	11	00	00	19.85	28.23
15	11	25	11	15	00	19.83	27.24
15	11	25	11	30	00	19.83	27.26
15	11	25	11	45	00	19.83	28.23
15	11	25	12	00	00	19.85	29.26
15	11	25	12	15	00	19.84	28.24
15	11	25	12	30	00	19.84	28.23
15	11	25	12	45	00	19.81	27.29
15	11	25	13	00	00	19.83	27.26
15	11	25	13	15	00	19.87	28.24
15	11	25	13	30	00	19.87	29.24
15	11	25	13	45	00	19.85	30.31
15	11	25	14	00	00	19.85	29.29
15	11	25	14	15	00	19.84	29.24
15	11	25	14	30	00	19.85	29.29
15	11	25	14	45	00	19.85	29.29
15	11	25	15	00	00	19.84	27.26
15	11	25	15	15	00	19.84	26.20
15	11	25	15	30	00	19.81	25.28
15	11	25	15	45	00	19.80	25.22
15	11	25	16	00	00	19.79	25.20
15	11	25	16	15	00	19.79	25.23
15	11	25	16	30	00	19.76	26.20
15	11	25	16	45	00	19.77	30.39
15	11	25	17	00	00	19.77	31.31
15	11	25	17	15	00	19.76	31.36
15	11	25	17	30	00	19.76	31.39
15	11	25	17	45	00	19.76	31.36
15	11	25	18	00	00	19.81	34.30
15	11	25	18	15	00	19.83	32.36
15	11	25	18	30	00	19.85	31.36
15	11	25	18	45	00	19.88	31.33
15	11	25	19	00	00	19.90	31.36
15	11	25	19	15	00	19.90	31.33
15	11	25	19	30	00	19.90	31.31
15	11	25	19	45	00	19.92	31.36
15	11	25	20	00	00	19.90	30.36
15	11	25	20	15	00	19.91	30.38
15	11	25	20	30	00	19.92	30.36
15	11	25	20	45	00	19.91	30.31
15	11	25	21	00	00	19.90	30.34
15	11	25	21	15	00	19.91	29.26
15	11	25	21	30	00	19.90	28.26
15	11	25	21	45	00	19.90	27.26
15	11	25	22	00	00	19.88	26.21
15	11	25	22	15	00	19.88	26.26
15	11	25	22	30	00	19.88	26.20
15	11	25	22	45	00	19.88	25.23
15	11	25	23	00	00	19.88	25.22
15	11	25	23	15	00	19.88	24.22
15	11	25	23	30	00	19.88	24.24
15	11	25	23	45	00	19.87	24.24
15	11	26	00	00	00	19.87	24.22
15	11	26	00	15	00	19.85	24.27
15	11	26	00	30	00	19.84	24.24
15	11	26	00	45	00	19.84	24.27
15	11	26	01	00	00	19.83	25.22
15	11	26	01	15	00	19.83	25.28
15	11	26	01	30	00	19.83	25.20
15	11	26	01	45	00	19.81	25.20
15	11	26	02	00	00	19.83	25.23
15	11	26	02	15	00	19.83	25.23
15	11	26	02	30	00	19.83	25.27
15	11	26	02	45	00	19.81	25.22
15	11	26	03	00	00	19.81	24.25
15	11	26	03	15	00	19.81	24.27
15	11	26	03	30	00	19.79	24.27
15	11	26	03	45	00	19.79	24.29
15	11	26	04	00	00	19.80	23.21
15	11	26	04	15	00	19.80	23.24
15	11	26	04	30	00	19.80	23.26
15	11	26	04	45	00	19.79	23.24
15	11	26	05	00	00	19.79	23.28
15	11	26	05	15	00	19.79	22.28
15	11	26	05	30	00	19.77	22.20
15	11	26	05	45	00	19.76	21.25
15	11	26	06	00	00	19.76	21.29
15	11	26	06	15	00	19.76	20.29
15	11	26	06	30	00	19.74	20.26
15	11	26	06	45	00	19.73	20.29
15	11	26	07	00	00	19.74	20.26
15	11	26	07	15	00	19.87	20.28
15	11	26	07	30	00	19.90	20.20
15	11	26	07	45	00	19.90	20.28
15	11	26	08	00	00	19.92	19.15
15	11	26	08	15	00	19.94	19.13
15	11	26	08	30	00	19.94	19.10
15	11	26	08	45	00	19.92	19.10
15	11	26	09	00	00	19.92	19.10
15	11	26	09	15	00	19.92	19.12
15	11	26	09	30	00	19.91	19.10
15	11	26	09	45	00	19.91	19.18
15	11	26	10	00	00	19.91	19.15
15	11	26	10	15	00	19.90	19.15
15	11	26	10	30	00	19.90	19.10
15	11	26	10	45	00	19.90	19.18
15	11	26	11	00	00	19.90	20.23
15	11	26	11	15	00	19.90	20.28
15	11	26	11	30	00	19.90	20.26
15	11	26	11	45	00	19.90	20.28
15	11	26	12	00	00	19.90	20.21
15	11	26	12	15	00	19.90	20.28
15	11	26	12	30	00	19.91	20.25
15	11	26	12	45	00	19.91	19.18
15	11	26	13	00	00	19.92	19.18
15	11	26	13	15	00	19.92	19.17
15	11	26	13	30	00	19.92	19.17
15	11	26	13	45	00	19.94	19.17
15	11	26	14	00	00	19.94	19.10
15	11	26	14	15	00	19.95	19.10
15	11	26	14	30	00	19.95	19.12
15	11	26	14	45	00	19.96	20.20
15	11	26	15	00	00	19.96	20.28
15	11	26	15	15	00	19.96	20.21
15	11	26	15	30	00	19.96	20.26
15	11	26	15	45	00	19.98	20.21
15	11	26	16	00	00	19.99	20.25
15	11	26	16	15	00	19.99	19.10
15	11	26	16	30	00	19.99	19.10
15	11	26	16	45	00	19.99	19.15
15	11	26	17	00	00	20.01	19.17
15	11	26	17	15	00	20.02	19.17
15	11	26	17	30	00	20.01	19.17
15	11	26	17	45	00	20.02	19.17
15	11	26	18	00	00	20.03	19.17
15	11	26	18	15	00	20.05	19.12
15	11	26	18	30	00	20.05	19.12
15	11	26	18	45	00	20.05	19.13
15	11	26	19	00	00	20.06	20.21
15	11	26	19	15	00	20.06	20.28
15	11	26	19	30	00	20.07	20.21
15	11	26	19	45	00	20.07	20.26
15	11	26	20	00	00	20.09	20.28
15	11	26	20	15	00	20.07	20.23
15	11	26	20	30	00	20.07	20.28
15	11	26	20	45	00	20.09	20.23
15	11	26	21	00	00	20.09	20.26
15	11	26	21	15	00	20.10	20.23
15	11	26	21	30	00	20.10	20.28
15	11	26	21	45	00	20.10	20.21
15	11	26	22	00	00	20.13	20.26
15	11	26	22	15	00	20.13	20.28
15	11	26	22	30	00	20.13	19.13
15	11	26	22	45	00	20.10	19.10
15	11	26	23	00	00	20.13	19.15
15	11	26	23	15	00	20.10	19.19
15	11	26	23	30	00	20.13	19.15
15	11	26	23	45	00	20.13	19.12
15	11	27	00	00	00	20.13	19.12
15	11	27	00	15	00	20.13	19.17
15	11	27	00	30	00	20.14	19.14
15	11	27	00	45	00	20.14	19.12
15	11	27	01	00	00	20.14	19.14
15	11	27	01	15	00	20.14	19.19
15	11	27	01	30	00	20.14	19.16
15	11	27	01	45	00	20.15	19.14
15	11	27	02	00	00	20.14	18.14
15	11	27	02	15	00	20.14	18.19
15	11	27	02	30	00	20.13	18.19
15	11	27	02	45	00	20.14	18.16
15	11	27	03	00	00	20.13	18.14
15	11	27	03	15	00	20.13	18.18
15	11	27	03	30	00	20.13	18.18
15	11	27	03	45	00	20.13	18.15
15	11	27	04	00	00	20.10	17.18
15	11	27	04	15	00	20.10	17.12
15	11	27	04	30	00	20.10	17.15
15	11	27	04	45	00	20.10	17.17
15	11	27	05	00	00	20.10	17.14
15	11	27	05	15	00	20.10	17.19
15	11	27	05	30	00	20.09	17.19
15	11	27	05	45	00	20.07	17.14
15	11	27	06	00	00	20.07	17.11
15	11	27	06	15	00	20.07	16.16
15	11	27	06	30	00	20.07	16.14
15	11	27	06	45	00	20.07	16.18
15	11	27	07	00	00	20.06	16.13
15	11	27	07	15	00	20.06	16.11
15	11	27	07	30	00	20.07	16.14
15	11	27	07	45	00	20.06	17.11
15	11	27	08	00	00	20.02	17.19
15	11	27	08	15	00	20.01	17.17
15	11	27	08	30	00	19.99	17.19
15	11	27	08	45	00	19.98	17.14
15	11	27	09	00	00	19.98	17.12
15	11	27	09	15	00	19.96	17.17
15	11	27	09	30	00	19.94	17.10
15	11	27	09	45	00	19.92	17.10
15	11	27	10	00	00	19.92	18.10
15	11	27	10	15	00	19.91	17.15
15	11	27	10	30	00	19.91	17.10
15	11	27	10	45	00	19.90	17.15
15	11	27	11	00	00	19.88	17.15
15	11	27	11	15	00	19.90	17.10
15	11	27	11	30	00	19.87	17.15
15	11	27	11	45	00	19.87	17.12
15	11	27	12	00	00	19.87	17.10
15	11	27	12	15	00	19.85	17.14
15	11	27	12	30	00	19.87	17.15
15	11	27	12	45	00	19.87	17.17
15	11	27	13	00	00	19.85	17.19
15	11	27	13	15	00	19.87	17.19
15	11	27	13	30	00	19.85	16.19
15	11	27	13	45	00	19.87	16.13
15	11	27	14	00	00	19.85	16.18
15	11	27	14	15	00	19.85	16.16
15	11	27	14	30	00	19.85	16.13
15	11	27	14	45	00	19.85	16.13
15	11	27	15	00	00	19.85	16.13
15	11	27	15	15	00	19.87	16.14
15	11	27	15	30	00	19.87	16.16
15	11	27	15	45	00	19.90	16.19
15	11	27	16	00	00	19.90	16.19
15	11	27	16	15	00	19.91	17.14
15	11	27	16	30	00	19.91	17.14
15	11	27	16	45	00	19.92	17.12
15	11	27	17	00	00	19.92	17.12
15	11	27	17	15	00	19.94	17.17
15	11	27	17	30	00	19.95	17.12
15	11	27	17	45	00	19.95	17.19
15	11	27	18	00	00	19.95	17.11
15	11	27	18	15	00	19.96	17.19
15	11	27	18	30	00	19.96	17.16
15	11	27	18	45	00	19.98	16.19
15	11	27	19	00	00	19.98	17.16
15	11	27	19	15	00	19.98	17.19
15	11	27	19	30	00	19.98	17.12
15	11	27	19	45	00	19.98	17.15
15	11	27	20	00	00	19.99	17.17
15	11	27	20	15	00	20.01	17.17
15	11	27	20	30	00	19.99	18.18
15	11	27	20	45	00	20.01	18.18
15	11	27	21	00	00	20.01	18.15
15	11	27	21	15	00	20.01	18.18
15	11	27	21	30	00	20.01	18.15
15	11	27	21	45	00	20.01	18.15
15	11	27	22	00	00	20.02	18.10
15	11	27	22	15	00	20.02	18.16
15	11	27	22	30	00	20.02	18.15
15	11	27	22	45	00	20.03	17.15
15	11	27	23	00	00	20.03	17.10
15	11	27	23	15	00	20.03	17.10
15	11	27	23	30	00	20.03	17.17
15	11	27	23	45	00	20.03	17.19
15	11	28	00	00	00	20.02	16.13
15	11	28	00	15	00	20.01	16.14
15	11	28	00	30	00	20.02	16.13
15	11	28	00	45	00	20.02	16.16
15	11	28	01	00	00	20.02	16.15
15	11	28	01	15	00	20.01	16.18
15	11	28	01	30	00	20.01	16.13
15	11	28	01	45	00	20.02	16.10
15	11	28	02	00	00	20.02	16.13
15	11	28	02	15	00	20.01	16.13
15	11	28	02	30	00	20.02	16.10
15	11	28	02	45	00	20.02	16.11
15	11	28	03	00	00	20.02	16.10
15	11	28	03	15	00	20.02	16.11
15	11	28	03	30	00	20.01	16.11
15	11	28	03	45	00	20.02	16.11
15	11	28	04	00	00	20.02	16.16
15	11	28	04	15	00	20.02	16.19
15	11	28	04	30	00	20.02	16.13
15	11	28	04	45	00	20.02	16.19
15	11	28	05	00	00	20.02	16.18
15	11	28	05	15	00	20.01	16.14
15	11	28	05	30	00	20.01	16.16
15	11	28	05	45	00	20.01	16.16
15	11	28	06	00	00	19.99	16.16
15	11	28	06	15	00	19.99	16.13
15	11	28	06	30	00	20.01	16.10
15	11	28	06	45	00	20.01	16.18
15	11	28	07	00	00	20.01	16.10
15	11	28	07	15	00	19.99	16.15
15	11	28	07	30	00	19.99	16.15
15	11	28	07	45	00	19.98	16.12
15	11	28	08	00	00	19.98	15.19
15	11	28	08	15	00	19.96	15.10
15	11	28	08	30	00	19.98	15.10
15	11	28	08	45	00	19.95	16.15
15	11	28	09	00	00	19.94	16.18
15	11	28	09	15	00	19.92	16.18
15	11	28	09	30	00	19.92	16.13
15	11	28	09	45	00	19.92	16.10
15	11	28	10	00	00	19.90	16.18
15	11	28	10	15	00	19.91	16.15
15	11	28	10	30	00	19.88	16.13
15	11	28	10	45	00	19.91	16.14
15	11	28	11	00	00	19.88	17.14
15	11	28	11	15	00	19.90	17.10
15	11	28	11	30	00	19.88	17.14
15	11	28	11	45	00	19.88	17.17
15	11	28	12	00	00	19.88	17.14
15	11	28	12	15	00	19.88	17.12
15	11	28	12	30	00	19.88	17.12
15	11	28	12	45	00	19.88	17.14
15	11	28	13	00	00	19.87	17.19
15	11	28	13	15	00	19.85	17.19
15	11	28	13	30	00	19.87	16.18
15	11	28	13	45	00	19.85	16.16
15	11	28	14	00	00	19.88	16.13
15	11	28	14	15	00	19.88	16.18
15	11	28	14	30	00	19.88	16.11
15	11	28	14	45	00	19.88	16.18
15	11	28	15	00	00	19.88	16.10
15	11	28	15	15	00	19.88	16.13
15	11	28	15	30	00	19.90	16.15
15	11	28	15	45	00	19.88	15.17
15	11	28	16	00	00	19.90	15.17
15	11	28	16	15	00	19.90	15.19
15	11	28	16	30	00	19.90	16.17
15	11	28	16	45	00	19.91	16.10
15	11	28	17	00	00	19.91	16.13
15	11	28	17	15	00	19.92	16.13
15	11	28	17	30	00	19.92	16.16
15	11	28	17	45	00	19.94	16.13
15	11	28	18	00	00	19.94	16.10
15	11	28	18	15	00	19.94	16.10
15	11	28	18	30	00	19.94	16.18
15	11	28	18	45	00	19.95	16.13
15	11	28	19	00	00	19.96	17.19
15	11	28	19	15	00	19.95	17.16
15	11	28	19	30	00	19.96	16.19
15	11	28	19	45	00	19.96	16.13
15	11	28	20	00	00	19.96	16.13
15	11	28	20	15	00	19.96	16.15
15	11	28	20	30	00	19.96	16.13
15	11	28	20	45	00	19.98	16.13
15	11	28	21	00	00	19.99	16.13
15	11	28	21	15	00	19.96	16.10
15	11	28	21	30	00	19.98	16.10
15	11	28	21	45	00	19.98	16.15
15	11	28	22	00	00	19.98	16.17
15	11	28	22	15	00	19.98	15.12
15	11	28	22	30	00	19.98	15.12
15	11	28	22	45	00	19.98	15.14
15	11	28	23	00	00	19.99	15.19
15	11	28	23	15	00	19.99	15.16
15	11	28	23	30	00	19.98	15.14
15	11	28	23	45	00	19.98	15.19
15	11	29	00	00	00	19.99	15.11
15	11	29	00	15	00	19.99	15.14
15	11	29	00	30	00	19.99	15.19
15	11	29	00	45	00	19.98	15.19
15	11	29	01	00	00	19.98	15.17
15	11	29	01	15	00	19.99	15.17
15	11	29	01	30	00	19.98	15.17
15	11	29	01	45	00	19.98	15.19
15	11	29	02	00	00	19.98	15.12
15	11	29	02	15	00	19.99	15.15
15	11	29	02	30	00	19.98	15.10
15	11	29	02	45	00	19.98	15.14
15	11	29	03	00	00	19.96	15.14
15	11	29	03	15	00	19.98	15.19
15	11	29	03	30	00	19.98	15.15
15	11	29	03	45	00	19.96	16.15
15	11	29	04	00	00	19.95	16.15
15	11	29	04	15	00	19.96	16.13
15	11	29	04	30	00	19.96	16.15
15	11	29	04	45	00	19.95	16.15
15	11	29	05	00	00	19.96	16.13
15	11	29	05	15	00	19.95	16.12
15	11	29	05	30	00	19.95	16.12
15	11	29	05	45	00	19.94	15.17
15	11	29	06	00	00	19.92	15.15
15	11	29	06	15	00	19.92	15.15
15	11	29	06	30	00	19.92	15.10
15	11	29	06	45	00	19.92	15.17
15	11	29	07	00	00	19.92	15.17
15	11	29	07	15	00	19.92	15.17
15	11	29	07	30	00	19.90	16.15
15	11	29	07	45	00	19.91	16.12
15	11	29	08	00	00	19.91	16.17
15	11	29	08	15	00	19.91	16.12
15	11	29	08	30	00	19.90	16.18
15	11	29	08	45	00	19.88	16.11
15	11	29	09	00	00	19.87	16.16
15	11	29	09	15	00	19.87	16.18
15	11	29	09	30	00	19.85	16.16
15	11	29	09	45	00	19.84	16.14
15	11	29	10	00	00	19.83	16.19
15	11	29	10	15	00	19.83	17.12
15	11	29	10	30	00	19.83	17.16
15	11	29	10	45	00	19.81	17.12
15	11	29	11	00	00	19.81	17.19
15	11	29	11	15	00	19.80	17.12
15	11	29	11	30	00	19.81	17.14
15	11	29	11	45	00	19.80	17.12
15	11	29	12	00	00	19.80	17.18
15	11	29	12	15	00	19.80	17.18
15	11	29	12	30	00	19.80	18.18
15	11	29	12	45	00	19.80	18.18
15	11	29	13	00	00	19.80	18.11
15	11	29	13	15	00	19.80	18.10
15	11	29	13	30	00	19.80	17.10
15	11	29	13	45	00	19.80	17.18
15	11	29	14	00	00	19.81	17.15
15	11	29	14	15	00	19.80	17.15
15	11	29	14	30	00	19.80	17.17
15	11	29	14	45	00	19.81	17.18
15	11	29	15	00	00	19.81	17.15
15	11	29	15	15	00	19.81	17.10
15	11	29	15	30	00	19.83	17.10
15	11	29	15	45	00	19.83	17.10
15	11	29	16	00	00	19.83	17.12
15	11	29	16	15	00	19.84	17.10
15	11	29	16	30	00	19.84	18.16
15	11	29	16	45	00	19.85	18.16
15	11	29	17	00	00	19.85	18.19
15	11	29	17	15	00	19.87	18.19
15	11	29	17	30	00	19.87	19.17
15	11	29	17	45	00	19.88	19.15
15	11	29	18	00	00	19.88	19.15
15	11	29	18	15	00	19.90	19.15
15	11	29	18	30	00	19.90	20.20
15	11	29	18	45	00	19.92	19.13
15	11	29	19	00	00	19.92	20.23
15	11	29	19	15	00	19.91	20.21
15	11	29	19	30	00	19.91	20.23
15	11	29	19	45	00	19.94	20.28
15	11	29	20	00	00	19.94	20.20
15	11	29	20	15	00	19.95	20.28
15	11	29	20	30	00	19.95	19.18
15	11	29	20	45	00	19.95	19.12
15	11	29	21	00	00	19.95	18.14
15	11	29	21	15	00	19.95	18.16
15	11	29	21	30	00	19.95	18.11
15	11	29	21	45	00	19.95	18.11
15	11	29	22	00	00	19.95	18.13
15	11	29	22	15	00	19.95	18.10
15	11	29	22	30	00	19.95	17.18
15	11	29	22	45	00	19.96	17.10
15	11	29	23	00	00	19.95	17.10
15	11	29	23	15	00	19.96	17.12
15	11	29	23	30	00	19.95	17.12
15	11	29	23	45	00	19.94	17.14
15	11	30	00	00	00	19.95	17.19
15	11	30	00	15	00	19.96	17.15
15	11	30	00	30	00	19.95	17.10
15	11	30	00	45	00	19.96	17.10
15	11	30	01	00	00	19.96	17.12
15	11	30	01	15	00	19.96	17.12
15	11	30	01	30	00	19.95	18.10
15	11	30	01	45	00	19.96	18.15
15	11	30	02	00	00	19.95	18.11
15	11	30	02	15	00	19.95	18.16
15	11	30	02	30	00	19.96	18.16
15	11	30	02	45	00	19.96	18.14
15	11	30	03	00	00	19.96	19.16
15	11	30	03	15	00	19.96	18.14
15	11	30	03	30	00	19.96	18.11
15	11	30	03	45	00	19.96	18.16
15	11	30	04	00	00	19.96	18.16
15	11	30	04	15	00	19.96	18.15
15	11	30	04	30	00	19.95	18.16
15	11	30	04	45	00	19.95	18.11
15	11	30	05	00	00	19.95	18.15
15	11	30	05	15	00	19.94	18.18
15	11	30	05	30	00	19.94	18.13
15	11	30	05	45	00	19.94	18.15
15	11	30	06	00	00	19.94	18.18
15	11	30	06	15	00	19.92	18.14
15	11	30	06	30	00	19.92	18.16
15	11	30	06	45	00	19.91	18.19
15	11	30	07	00	00	19.92	18.16
15	11	30	07	15	00	19.94	18.19
15	11	30	07	30	00	19.92	19.19
15	11	30	07	45	00	19.88	19.17
15	11	30	08	00	00	19.87	19.13
15	11	30	08	15	00	19.90	20.21
15	11	30	08	30	00	19.90	20.21
15	11	30	08	45	00	19.88	20.23
15	11	30	09	00	00	19.88	21.27
15	11	30	09	15	00	19.90	21.27
15	11	30	09	30	00	19.91	22.20
15	11	30	09	45	00	19.92	22.20
15	11	30	10	00	00	19.95	22.28
15	11	30	10	15	00	19.95	21.28
15	11	30	10	30	00	19.95	22.25
15	11	30	10	45	00	19.95	22.25
15	11	30	11	00	00	19.96	23.29
15	11	30	11	15	00	19.98	24.24
15	11	30	11	30	00	19.98	25.28
15	11	30	11	45	00	19.99	26.20
15	11	30	12	00	00	20.01	27.21
15	11	30	12	15	00	20.02	25.20
15	11	30	12	30	00	20.01	23.21
15	11	30	12	45	00	20.01	22.23
15	11	30	13	00	00	19.99	23.21
15	11	30	13	15	00	19.99	23.28
15	11	30	13	30	00	19.99	23.26
15	11	30	13	45	00	20.01	24.27
15	11	30	14	00	00	20.01	24.27
15	11	30	14	15	00	20.01	24.25
15	11	30	14	30	00	20.01	25.20
15	11	30	14	45	00	20.01	24.25
15	11	30	15	00	00	20.02	24.27
15	11	30	15	15	00	20.02	25.25
15	11	30	15	30	00	20.03	25.20
15	11	30	15	45	00	20.05	25.28
15	11	30	16	00	00	20.05	25.23
15	11	30	16	15	00	20.07	26.28
15	11	30	16	30	00	20.07	26.21
15	11	30	16	45	00	20.06	26.23
15	11	30	17	00	00	20.06	26.23
15	11	30	17	15	00	20.09	26.26
15	11	30	17	30	00	20.09	26.21
15	11	30	17	45	00	20.10	26.20
15	11	30	18	00	00	20.10	25.25
15	11	30	18	15	00	20.14	25.25
15	11	30	18	30	00	20.18	25.25
15	11	30	18	45	00	20.20	25.22
15	11	30	19	00	00	20.24	25.22
15	11	30	19	15	00	20.24	24.22
15	11	30	19	30	00	20.24	24.22
15	11	30	19	45	00	20.25	24.29
15	11	30	20	00	00	20.25	24.29
15	11	30	20	15	00	20.28	24.27
15	11	30	20	30	00	20.28	24.24
15	11	30	20	45	00	20.26	24.22
15	11	30	21	00	00	20.26	24.27
15	11	30	21	15	00	20.25	23.27
15	11	30	21	30	00	20.25	23.29
15	11	30	21	45	00	20.24	23.21
15	11	30	22	00	00	20.26	23.24
15	11	30	22	15	00	20.31	24.25
15	11	30	22	30	00	20.31	23.28
15	11	30	22	45	00	20.31	23.28
15	11	30	23	00	00	20.32	22.23
15	11	30	23	15	00	20.32	22.23
15	11	30	23	30	00	20.33	22.22
15	11	30	23	45	00	20.32	22.25
15	12	01	00	00	00	20.32	22.23
15	12	01	00	15	00	20.32	22.23
15	12	01	00	30	00	20.31	22.21
15	12	01	00	45	00	20.32	22.23
15	12	01	01	00	00	20.31	22.21
15	12	01	01	15	00	20.32	22.20
15	12	01	01	30	00	20.31	22.23
15	12	01	01	45	00	20.31	22.20
15	12	01	02	00	00	20.31	22.26
15	12	01	02	15	00	20.31	22.26
15	12	01	02	30	00	20.31	22.28
15	12	01	02	45	00	20.31	22.23
15	12	01	03	00	00	20.31	22.28
15	12	01	03	15	00	20.32	22.23
15	12	01	03	30	00	20.31	23.28
15	12	01	03	45	00	20.32	23.23
15	12	01	04	00	00	20.32	23.23
15	12	01	04	15	00	20.32	22.23
15	12	01	04	30	00	20.32	22.26
15	12	01	04	45	00	20.31	22.23
15	12	01	05	00	00	20.32	23.21
15	12	01	05	15	00	20.31	22.28
15	12	01	05	30	00	20.32	22.26
15	12	01	05	45	00	20.31	23.23
15	12	01	06	00	00	20.31	23.26
15	12	01	06	15	00	20.31	23.26
15	12	01	06	30	00	20.31	22.28
15	12	01	06	45	00	20.31	23.21
15	12	01	07	00	00	20.31	23.21
15	12	01	07	15	00	20.31	22.23
15	12	01	07	30	00	20.25	22.23
15	12	01	07	45	00	20.22	23.26
15	12	01	08	00	00	20.20	23.28
15	12	01	08	15	00	20.18	23.29
15	12	01	08	30	00	20.17	24.24
15	12	01	08	45	00	20.15	23.21
15	12	01	09	00	00	20.14	24.24
15	12	01	09	15	00	20.10	24.27
15	12	01	09	30	00	20.07	24.24
15	12	01	09	45	00	20.07	25.22
15	12	01	10	00	00	20.06	25.25
15	12	01	10	15	00	20.06	25.23
15	12	01	10	30	00	20.05	25.20
15	12	01	10	45	00	20.03	25.27
15	12	01	11	00	00	20.05	26.20
15	12	01	11	15	00	20.03	26.20
15	12	01	11	30	00	20.03	26.26
15	12	01	11	45	00	20.05	27.23
15	12	01	12	00	00	20.05	27.29
15	12	01	12	15	00	20.06	27.21
15	12	01	12	30	00	20.07	27.21
15	12	01	12	45	00	20.07	27.28
15	12	01	13	00	00	20.10	27.23
15	12	01	13	15	00	20.13	28.21
15	12	01	13	30	00	20.14	28.26
15	12	01	13	45	00	20.14	28.24
15	12	01	14	00	00	20.15	28.29
15	12	01	14	15	00	20.18	28.24
15	12	01	14	30	00	20.20	29.26
15	12	01	14	45	00	20.22	28.29
15	12	01	15	00	00	20.20	29.29
15	12	01	15	15	00	20.22	29.26
15	12	01	15	30	00	20.21	28.21
15	12	01	15	45	00	20.18	28.26
15	12	01	16	00	00	20.25	30.39
15	12	01	16	15	00	20.26	29.27
15	12	01	16	30	00	20.29	30.34
15	12	01	16	45	00	20.33	30.36
15	12	01	17	00	00	20.31	30.34
15	12	01	17	15	00	20.36	30.34
15	12	01	17	30	00	20.35	30.34
15	12	01	17	45	00	20.33	29.29
15	12	01	18	00	00	20.33	29.29
15	12	01	18	15	00	20.37	29.28
15	12	01	18	30	00	20.40	29.26
15	12	01	18	45	00	20.44	29.24
15	12	01	19	00	00	20.47	29.24
15	12	01	19	15	00	20.48	29.23
15	12	01	19	30	00	20.50	29.24
15	12	01	19	45	00	20.48	29.24
15	12	01	20	00	00	20.50	29.29
15	12	01	20	15	00	20.50	29.21
15	12	01	20	30	00	20.48	29.26
15	12	01	20	45	00	20.48	29.26
15	12	01	21	00	00	20.48	29.24
15	12	01	21	15	00	20.50	29.29
15	12	01	21	30	00	20.50	29.26
15	12	01	21	45	00	20.48	29.29
15	12	01	22	00	00	20.51	30.36
15	12	01	22	15	00	20.53	29.21
15	12	01	22	30	00	20.54	28.21
15	12	01	22	45	00	20.54	28.26
15	12	01	23	00	00	20.54	28.28
15	12	01	23	15	00	20.54	29.21
15	12	01	23	30	00	20.55	28.24
15	12	01	23	45	00	20.55	28.21
15	12	02	00	00	00	20.55	28.29
15	12	02	00	15	00	20.54	29.29
15	12	02	00	30	00	20.55	29.24
15	12	02	00	45	00	20.57	30.36
15	12	02	01	00	00	20.57	30.31
15	12	02	01	15	00	20.57	30.36
15	12	02	01	30	00	20.57	30.34
15	12	02	01	45	00	20.58	30.31
15	12	02	02	00	00	20.58	30.34
15	12	02	02	15	00	20.58	30.36
15	12	02	02	30	00	20.57	30.34
15	12	02	02	45	00	20.58	30.39
15	12	02	03	00	00	20.59	30.37
15	12	02	03	15	00	20.58	30.31
15	12	02	03	30	00	20.58	30.31
15	12	02	03	45	00	20.58	30.39
15	12	02	04	00	00	20.58	30.31
15	12	02	04	15	00	20.58	29.26
15	12	02	04	30	00	20.57	29.26
15	12	02	04	45	00	20.57	29.21
15	12	02	05	00	00	20.58	29.29
15	12	02	05	15	00	20.57	29.24
15	12	02	05	30	00	20.58	29.26
15	12	02	05	45	00	20.57	30.31
15	12	02	06	00	00	20.57	29.24
15	12	02	06	15	00	20.57	29.26
15	12	02	06	30	00	20.57	30.31
15	12	02	06	45	00	20.58	30.31
15	12	02	07	00	00	20.58	30.39
15	12	02	07	15	00	20.53	30.36
15	12	02	07	30	00	20.48	30.36
15	12	02	07	45	00	20.43	31.34
15	12	02	08	00	00	20.40	31.36
15	12	02	08	15	00	20.39	31.39
15	12	02	08	30	00	20.37	31.31
15	12	02	08	45	00	20.36	31.36
15	12	02	09	00	00	20.35	31.34
15	12	02	09	15	00	20.35	31.31
15	12	02	09	30	00	20.35	32.31
15	12	02	09	45	00	20.33	32.31
15	12	02	10	00	00	20.32	32.33
15	12	02	10	15	00	20.35	32.34
15	12	02	10	30	00	20.36	32.36
15	12	02	10	45	00	20.36	32.36
15	12	02	11	00	00	20.33	32.31
15	12	02	11	15	00	20.36	32.38
15	12	02	11	30	00	20.37	32.34
15	12	02	11	45	00	20.39	33.38
15	12	02	12	00	00	20.42	33.38
15	12	02	12	15	00	20.44	34.35
15	12	02	12	30	00	20.42	33.36
15	12	02	12	45	00	20.37	33.31
15	12	02	13	00	00	20.32	34.33
15	12	02	13	15	00	20.26	34.30
15	12	02	13	30	00	20.32	33.38
15	12	02	13	45	00	20.37	34.30
15	12	02	14	00	00	20.42	34.38
15	12	02	14	15	00	20.43	33.36
15	12	02	14	30	00	20.40	32.36
15	12	02	14	45	00	20.42	33.38
15	12	02	15	00	00	20.44	34.31
15	12	02	15	15	00	20.47	33.36
15	12	02	15	30	00	20.46	33.36
15	12	02	15	45	00	20.42	33.36
15	12	02	16	00	00	20.47	34.30
15	12	02	16	15	00	20.46	34.36
15	12	02	16	30	00	20.44	34.38
15	12	02	16	45	00	20.44	33.35
15	12	02	17	00	00	20.43	33.31
15	12	02	17	15	00	20.46	34.30
15	12	02	17	30	00	20.44	33.38
15	12	02	17	45	00	20.48	34.38
15	12	02	18	00	00	20.46	34.30
15	12	02	18	15	00	20.50	34.33
15	12	02	18	30	00	20.54	34.33
15	12	02	18	45	00	20.57	34.35
15	12	02	19	00	00	20.57	34.37
15	12	02	19	15	00	20.61	35.33
15	12	02	19	30	00	20.62	34.30
15	12	02	19	45	00	20.61	34.35
15	12	02	20	00	00	20.61	34.32
15	12	02	20	15	00	20.62	34.35
15	12	02	20	30	00	20.62	33.36
15	12	02	20	45	00	20.61	33.33
15	12	02	21	00	00	20.61	33.36
15	12	02	21	15	00	20.61	33.36
15	12	02	21	30	00	20.59	33.36
15	12	02	21	45	00	20.61	33.38
15	12	02	22	00	00	20.61	32.33
15	12	02	22	15	00	20.62	32.38
15	12	02	22	30	00	20.64	34.30
15	12	02	22	45	00	20.64	33.38
15	12	02	23	00	00	20.62	33.36
15	12	02	23	15	00	20.64	32.38
15	12	02	23	30	00	20.64	32.36
15	12	02	23	45	00	20.62	32.31
15	12	03	00	00	00	20.62	32.38
15	12	03	00	15	00	20.62	31.39
15	12	03	00	30	00	20.62	31.36
15	12	03	00	45	00	20.61	31.34
15	12	03	01	00	00	20.61	30.36
15	12	03	01	15	00	20.59	30.34
15	12	03	01	30	00	20.59	30.39
15	12	03	01	45	00	20.59	30.36
15	12	03	02	00	00	20.61	30.36
15	12	03	02	15	00	20.59	31.31
15	12	03	02	30	00	20.61	31.34
15	12	03	02	45	00	20.59	31.31
15	12	03	03	00	00	20.61	31.36
15	12	03	03	15	00	20.61	31.31
15	12	03	03	30	00	20.59	31.39
15	12	03	03	45	00	20.59	31.36
15	12	03	04	00	00	20.61	31.34
15	12	03	04	15	00	20.61	31.36
15	12	03	04	30	00	20.61	31.31
15	12	03	04	45	00	20.59	31.36
15	12	03	05	00	00	20.59	31.39
15	12	03	05	15	00	20.58	31.34
15	12	03	05	30	00	20.59	31.36
15	12	03	05	45	00	20.58	31.36
15	12	03	06	00	00	20.58	30.39
15	12	03	06	15	00	20.58	30.36
15	12	03	06	30	00	20.58	31.31
15	12	03	06	45	00	20.57	30.39
15	12	03	07	00	00	20.57	30.34
15	12	03	07	15	00	20.51	30.31
15	12	03	07	30	00	20.46	30.34
15	12	03	07	45	00	20.40	30.36
15	12	03	08	00	00	20.36	31.39
15	12	03	08	15	00	20.36	31.38
15	12	03	08	30	00	20.33	31.39
15	12	03	08	45	00	20.31	31.31
15	12	03	09	00	00	20.32	32.38
15	12	03	09	15	00	20.33	33.31
15	12	03	09	30	00	20.33	33.36
15	12	03	09	45	00	20.33	33.33
15	12	03	10	00	00	20.32	33.33
15	12	03	10	15	00	20.32	33.36
15	12	03	10	30	00	20.33	33.30
15	12	03	10	45	00	20.35	34.30
15	12	03	11	00	00	20.37	33.33
15	12	03	11	15	00	20.40	35.39
15	12	03	11	30	00	20.50	38.33
15	12	03	11	45	00	20.47	40.45
15	12	03	12	00	00	20.47	41.49
15	12	03	12	15	00	20.53	43.43
15	12	03	12	30	00	20.48	42.47
15	12	03	12	45	00	20.50	43.46
15	12	03	13	00	00	20.48	44.40
15	12	03	13	15	00	20.50	45.48
15	12	03	13	30	00	20.50	45.49
15	12	03	13	45	00	20.51	47.48
15	12	03	14	00	00	20.50	48.48
15	12	03	14	15	00	20.50	49.43
15	12	03	14	30	00	20.51	50.51
15	12	03	14	45	00	20.48	50.52
15	12	03	15	00	00	20.51	50.54
15	12	03	15	15	00	20.51	50.53
15	12	03	15	30	00	20.48	50.50
15	12	03	15	45	00	20.47	50.53
15	12	03	16	00	00	20.48	49.44
15	12	03	16	15	00	20.50	49.47
15	12	03	16	30	00	20.48	48.48
15	12	03	16	45	00	20.47	48.48
15	12	03	17	00	00	20.44	48.48
15	12	03	17	15	00	20.46	48.44
15	12	03	17	30	00	20.44	48.41
15	12	03	17	45	00	20.46	48.47
15	12	03	18	00	00	20.46	48.40
15	12	03	18	15	00	20.50	47.48
15	12	03	18	30	00	20.54	47.44
15	12	03	18	45	00	20.55	47.43
15	12	03	19	00	00	20.57	47.41
15	12	03	19	15	00	20.59	47.44
15	12	03	19	30	00	20.58	46.40
15	12	03	19	45	00	20.59	46.40
15	12	03	20	00	00	20.62	47.48
15	12	03	20	15	00	20.62	46.45
15	12	03	20	30	00	20.61	45.42
15	12	03	20	45	00	20.61	45.45
15	12	03	21	00	00	20.61	44.49
15	12	03	21	15	00	20.61	44.40
15	12	03	21	30	00	20.59	43.45
15	12	03	21	45	00	20.59	43.41
15	12	03	22	00	00	20.58	43.44
15	12	03	22	15	00	20.58	43.49
15	12	03	22	30	00	20.57	42.42
15	12	03	22	45	00	20.57	42.42
15	12	03	23	00	00	20.57	42.42
15	12	03	23	15	00	20.55	42.40
15	12	03	23	30	00	20.55	42.43
15	12	03	23	45	00	20.54	42.40
15	12	04	00	00	00	20.54	41.41
15	12	04	00	15	00	20.54	41.49
15	12	04	00	30	00	20.53	40.42
15	12	04	00	45	00	20.51	40.47
15	12	04	01	00	00	20.51	40.42
15	12	04	01	15	00	20.50	40.43
15	12	04	01	30	00	20.51	39.38
15	12	04	01	45	00	20.50	39.31
15	12	04	02	00	00	20.50	39.39
15	12	04	02	15	00	20.50	39.30
15	12	04	02	30	00	20.48	38.39
15	12	04	02	45	00	20.48	38.34
15	12	04	03	00	00	20.47	39.39
15	12	04	03	15	00	20.47	39.36
15	12	04	03	30	00	20.47	39.34
15	12	04	03	45	00	20.46	39.34
15	12	04	04	00	00	20.46	39.34
15	12	04	04	15	00	20.46	39.39
15	12	04	04	30	00	20.46	39.36
15	12	04	04	45	00	20.46	39.38
15	12	04	05	00	00	20.46	40.41
15	12	04	05	15	00	20.46	39.36
15	12	04	05	30	00	20.44	39.30
15	12	04	05	45	00	20.44	39.37
15	12	04	06	00	00	20.44	39.37
15	12	04	06	15	00	20.43	38.32
15	12	04	06	30	00	20.43	38.32
15	12	04	06	45	00	20.43	38.32
15	12	04	07	00	00	20.42	38.35
15	12	04	07	15	00	20.39	38.30
15	12	04	07	30	00	20.32	37.30
15	12	04	07	45	00	20.28	37.30
15	12	04	08	00	00	20.25	38.35
15	12	04	08	15	00	20.24	38.34
15	12	04	08	30	00	20.21	39.39
15	12	04	08	45	00	20.20	40.43
15	12	04	09	00	00	20.18	40.47
15	12	04	09	15	00	20.15	41.44
15	12	04	09	30	00	20.17	42.40
15	12	04	09	45	00	20.18	43.46
15	12	04	10	00	00	20.21	44.43
15	12	04	10	15	00	20.22	46.44
15	12	04	10	30	00	20.26	47.40
15	12	04	10	45	00	20.32	48.42
15	12	04	11	00	00	20.43	49.43
15	12	04	11	15	00	20.44	50.57
15	12	04	11	30	00	20.46	50.57
15	12	04	11	45	00	20.46	49.44
15	12	04	12	00	00	20.42	48.43
15	12	04	12	15	00	20.40	47.43
15	12	04	12	30	00	20.37	45.47
15	12	04	12	45	00	20.36	44.44
15	12	04	13	00	00	20.35	44.40
15	12	04	13	15	00	20.33	43.46
15	12	04	13	30	00	20.31	43.45
