15	11	03	20	30	00	22.63	32.38
15	11	03	20	45	00	21.18	34.37
15	11	03	21	00	00	21.11	36.39
15	11	03	21	15	00	21.65	36.39
15	11	03	21	30	00	22.22	35.35
15	11	03	21	45	00	22.64	35.38
15	11	03	22	00	00	22.71	35.34
15	11	03	22	15	00	22.45	35.37
15	11	03	22	30	00	22.22	35.37
15	11	03	22	45	00	22.12	35.37
15	11	03	23	00	00	22.07	35.37
15	11	03	23	15	00	22.03	34.38
15	11	03	23	30	00	21.72	34.38
15	11	03	23	45	00	21.55	34.36
15	11	04	00	00	00	21.50	34.31
15	11	04	00	15	00	21.40	33.35
15	11	04	00	30	00	21.35	34.38
15	11	04	00	45	00	21.23	33.35
15	11	04	01	00	00	21.15	34.30
15	11	04	01	15	00	21.00	34.30
15	11	04	01	30	00	20.84	34.30
15	11	04	01	45	00	20.79	34.35
15	11	04	02	00	00	20.61	34.35
15	11	04	02	15	00	20.54	34.30
15	11	04	02	30	00	20.44	34.30
15	11	04	02	45	00	20.31	34.30
15	11	04	03	00	00	20.21	34.38
15	11	04	03	15	00	20.13	34.33
15	11	04	03	30	00	20.08	34.35
15	11	04	03	45	00	19.98	34.33
15	11	04	04	00	00	19.87	34.35
15	11	04	04	15	00	19.76	34.35
15	11	04	04	30	00	19.70	33.33
15	11	04	04	45	00	19.66	33.38
15	11	04	05	00	00	19.58	33.36
15	11	04	05	15	00	19.48	33.33
15	11	04	05	30	00	19.41	33.38
15	11	04	05	45	00	19.34	33.31
15	11	04	06	00	00	19.17	32.33
15	11	04	06	15	00	19.04	33.38
15	11	04	06	30	00	18.95	33.38
15	11	04	06	45	00	18.85	33.36
15	11	04	07	00	00	18.82	34.31
15	11	04	07	15	00	19.07	34.33
15	11	04	07	30	00	18.90	33.33
15	11	04	07	45	00	18.86	32.38
15	11	04	08	00	00	18.86	33.38
15	11	04	08	15	00	18.93	34.35
15	11	04	08	30	00	18.95	34.30
15	11	04	08	45	00	18.99	35.32
15	11	04	09	00	00	19.03	35.30
15	11	04	09	15	00	19.09	34.32
15	11	04	09	30	00	19.16	34.35
15	11	04	09	45	00	19.17	33.38
15	11	04	10	00	00	19.21	34.38
15	11	04	10	15	00	19.28	34.30
15	11	04	10	30	00	19.32	34.30
15	11	04	10	45	00	19.38	34.33
15	11	04	11	00	00	19.37	32.31
15	11	04	11	15	00	19.42	32.33
15	11	04	11	30	00	19.51	33.38
15	11	04	11	45	00	20.19	33.33
15	11	04	12	00	00	20.33	31.39
15	11	04	12	15	00	20.33	31.36
15	11	04	12	30	00	20.35	31.33
15	11	04	12	45	00	20.35	30.34
15	11	04	13	00	00	20.38	30.31
15	11	04	13	15	00	20.38	29.29
15	11	04	13	30	00	20.38	28.21
15	11	04	13	45	00	20.38	28.26
15	11	04	14	00	00	20.42	28.21
15	11	04	14	15	00	20.44	28.26
15	11	04	14	30	00	20.42	28.21
15	11	04	14	45	00	20.40	28.23
15	11	04	15	00	00	20.40	28.24
15	11	04	15	15	00	20.38	28.21
15	11	04	15	30	00	20.40	28.28
15	11	04	15	45	00	20.40	28.21
15	11	04	16	00	00	20.38	29.29
15	11	04	16	15	00	20.38	30.31
15	11	04	16	30	00	20.42	30.31
15	11	04	16	45	00	20.42	31.39
15	11	04	17	00	00	20.40	31.31
15	11	04	17	15	00	20.35	32.31
15	11	04	17	30	00	20.30	33.31
15	11	04	17	45	00	20.26	33.31
15	11	04	18	00	00	20.17	33.33
15	11	04	18	15	00	20.09	32.36
15	11	04	18	30	00	19.99	32.39
15	11	04	18	45	00	19.94	32.33
15	11	04	19	00	00	19.88	33.31
15	11	04	19	15	00	19.85	38.33
15	11	04	19	30	00	19.59	32.38
15	11	04	19	45	00	19.72	32.31
15	11	04	20	00	00	18.53	28.24
15	11	04	20	15	00	17.46	30.39
15	11	04	20	30	00	16.69	31.36
15	11	04	20	45	00	15.98	32.33
15	11	04	21	00	00	15.52	34.30
15	11	04	21	15	00	15.13	35.32
15	11	04	21	30	00	15.07	35.37
15	11	04	21	45	00	15.48	37.33
15	11	04	22	00	00	15.60	36.39
15	11	04	22	15	00	15.56	36.39
15	11	04	22	30	00	15.46	36.31
15	11	04	22	45	00	15.30	36.34
15	11	04	23	00	00	15.05	36.32
15	11	04	23	15	00	14.91	35.30
15	11	04	23	30	00	16.12	44.40
15	11	04	23	45	00	17.60	42.44
15	11	05	00	00	00	18.56	41.49
15	11	05	00	15	00	19.21	39.39
15	11	05	00	30	00	19.66	38.37
15	11	05	00	45	00	19.99	37.33
15	11	05	01	00	00	20.27	37.36
15	11	05	01	15	00	20.44	36.39
15	11	05	01	30	00	20.55	36.39
15	11	05	01	45	00	20.65	36.39
15	11	05	02	00	00	20.69	35.34
15	11	05	02	15	00	20.72	35.32
15	11	05	02	30	00	20.70	35.35
15	11	05	02	45	00	20.66	35.30
15	11	05	03	00	00	20.62	35.30
15	11	05	03	15	00	20.58	35.37
15	11	05	03	30	00	20.69	35.35
15	11	05	03	45	00	20.84	36.34
15	11	05	04	00	00	21.07	36.39
15	11	05	04	15	00	21.23	35.37
15	11	05	04	30	00	21.26	35.35
15	11	05	04	45	00	21.26	35.33
15	11	05	05	00	00	21.22	34.35
15	11	05	05	15	00	21.18	34.37
15	11	05	05	30	00	21.09	34.33
15	11	05	05	45	00	21.00	34.30
15	11	05	06	00	00	20.91	34.33
15	11	05	06	15	00	20.80	34.33
15	11	05	06	30	00	20.79	34.35
15	11	05	06	45	00	20.90	35.35
15	11	05	07	00	00	21.05	35.32
15	11	05	07	15	00	21.19	35.33
15	11	05	07	30	00	21.21	34.30
15	11	05	07	45	00	21.19	34.38
15	11	05	08	00	00	21.16	34.35
15	11	05	08	15	00	21.09	34.38
15	11	05	08	30	00	21.02	34.35
15	11	05	08	45	00	21.01	34.38
15	11	05	09	00	00	21.02	34.30
15	11	05	09	15	00	21.04	34.30
15	11	05	09	30	00	21.05	34.32
15	11	05	09	45	00	21.08	35.30
15	11	05	10	00	00	21.09	35.35
15	11	05	10	15	00	21.12	35.30
15	11	05	10	30	00	21.12	34.35
15	11	05	10	45	00	21.09	34.33
15	11	05	11	00	00	21.09	34.32
15	11	05	11	15	00	21.09	34.35
15	11	05	11	30	00	21.12	34.30
15	11	05	11	45	00	21.12	34.37
15	11	05	12	00	00	21.11	34.38
15	11	05	12	15	00	21.11	34.38
15	11	05	12	30	00	21.11	34.33
15	11	05	12	45	00	21.14	34.38
15	11	05	13	00	00	21.15	34.30
15	11	05	13	15	00	21.19	34.37
15	11	05	13	30	00	21.22	35.30
15	11	05	13	45	00	21.25	35.32
15	11	05	14	00	00	21.30	35.34
15	11	05	14	15	00	21.37	36.37
15	11	05	14	30	00	21.40	36.39
15	11	05	14	45	00	21.44	36.37
15	11	05	15	00	00	21.47	36.37
15	11	05	15	15	00	21.50	36.39
15	11	05	15	30	00	21.54	36.39
15	11	05	15	45	00	21.57	36.39
15	11	05	16	00	00	21.59	36.32
15	11	05	16	15	00	21.58	35.34
15	11	05	16	30	00	21.54	35.30
15	11	05	16	45	00	21.44	35.30
15	11	05	17	00	00	21.39	35.30
15	11	05	17	15	00	21.36	35.39
15	11	05	17	30	00	21.28	36.34
15	11	05	17	45	00	21.18	36.39
15	11	05	18	00	00	21.11	36.39
15	11	05	18	15	00	21.07	36.36
15	11	05	18	30	00	21.00	36.36
15	11	05	18	45	00	20.91	36.31
15	11	05	19	00	00	20.82	36.34
15	11	05	19	15	00	20.75	37.34
15	11	05	19	30	00	20.70	36.39
15	11	05	19	45	00	20.66	37.33
15	11	05	20	00	00	20.76	37.33
15	11	05	20	15	00	20.82	36.39
15	11	05	20	30	00	20.84	36.36
15	11	05	20	45	00	20.86	36.36
15	11	05	21	00	00	20.86	36.36
15	11	05	21	15	00	20.87	36.36
15	11	05	21	30	00	20.91	36.39
15	11	05	21	45	00	20.93	36.36
15	11	05	22	00	00	20.91	36.34
15	11	05	22	15	00	20.93	36.39
15	11	05	22	30	00	20.93	36.34
15	11	05	22	45	00	20.91	36.31
15	11	05	23	00	00	20.90	36.39
15	11	05	23	15	00	20.89	36.34
15	11	05	23	30	00	20.84	36.31
15	11	05	23	45	00	20.83	36.37
15	11	06	00	00	00	20.79	36.37
15	11	06	00	15	00	20.76	36.32
15	11	06	00	30	00	20.70	36.31
15	11	06	00	45	00	20.66	36.36
15	11	06	01	00	00	20.59	36.37
15	11	06	01	15	00	20.52	36.32
15	11	06	01	30	00	20.48	36.37
15	11	06	01	45	00	20.41	36.32
15	11	06	02	00	00	20.34	36.34
15	11	06	02	15	00	20.28	35.37
15	11	06	02	30	00	20.24	35.32
15	11	06	02	45	00	20.17	35.35
15	11	06	03	00	00	20.13	35.37
15	11	06	03	15	00	20.05	35.35
15	11	06	03	30	00	19.99	35.37
15	11	06	03	45	00	19.95	35.34
15	11	06	04	00	00	19.90	35.30
15	11	06	04	15	00	19.84	35.37
15	11	06	04	30	00	19.79	35.37
15	11	06	04	45	00	19.74	35.37
15	11	06	05	00	00	19.69	35.32
15	11	06	05	15	00	19.65	35.30
15	11	06	05	30	00	19.59	35.37
15	11	06	05	45	00	19.53	35.37
15	11	06	06	00	00	19.48	35.37
15	11	06	06	15	00	19.44	35.37
15	11	06	06	30	00	19.38	35.37
15	11	06	06	45	00	19.32	35.30
15	11	06	07	00	00	19.27	35.30
15	11	06	07	15	00	19.23	35.30
15	11	06	07	30	00	19.14	35.35
15	11	06	07	45	00	19.14	35.30
15	11	06	08	00	00	19.09	35.34
15	11	06	08	15	00	19.04	35.37
15	11	06	08	30	00	19.07	35.39
15	11	06	08	45	00	19.11	35.34
15	11	06	09	00	00	19.16	35.37
15	11	06	09	15	00	19.23	35.37
15	11	06	09	30	00	19.32	35.34
15	11	06	09	45	00	19.45	36.39
15	11	06	10	00	00	19.56	36.31
15	11	06	10	15	00	19.66	36.39
15	11	06	10	30	00	19.77	36.34
15	11	06	10	45	00	19.87	36.34
15	11	06	11	00	00	19.94	36.39
15	11	06	11	15	00	20.01	36.34
15	11	06	11	30	00	20.08	36.39
15	11	06	11	45	00	20.19	36.34
15	11	06	12	00	00	20.26	36.36
15	11	06	12	15	00	20.40	36.39
15	11	06	12	30	00	20.65	37.31
15	11	06	12	45	00	20.98	37.31
15	11	06	13	00	00	21.39	38.35
15	11	06	13	15	00	21.65	37.36
15	11	06	13	30	00	21.85	37.31
15	11	06	13	45	00	22.00	36.31
15	11	06	14	00	00	22.14	36.36
15	11	06	14	15	00	22.25	35.39
15	11	06	14	30	00	22.32	35.32
15	11	06	14	45	00	22.36	35.32
15	11	06	15	00	00	22.38	35.32
15	11	06	15	15	00	22.40	34.33
15	11	06	15	30	00	22.40	34.32
15	11	06	15	45	00	22.40	34.37
15	11	06	16	00	00	22.40	34.33
15	11	06	16	15	00	22.39	34.35
15	11	06	16	30	00	22.38	34.35
15	11	06	16	45	00	22.38	34.35
15	11	06	17	00	00	22.33	34.33
15	11	06	17	15	00	22.32	34.30
15	11	06	17	30	00	22.31	34.33
15	11	06	17	45	00	22.31	35.30
15	11	06	18	00	00	22.31	35.32
15	11	06	18	15	00	22.32	35.30
15	11	06	18	30	00	22.31	35.37
15	11	06	18	45	00	22.28	35.32
15	11	06	19	00	00	22.26	35.34
15	11	06	19	15	00	22.22	35.37
15	11	06	19	30	00	22.19	36.32
15	11	06	19	45	00	22.14	36.32
15	11	06	20	00	00	21.99	36.34
15	11	06	20	15	00	21.86	36.39
15	11	06	20	30	00	21.78	36.36
15	11	06	20	45	00	21.64	36.36
15	11	06	21	00	00	21.50	37.38
15	11	06	21	15	00	21.42	37.31
15	11	06	21	30	00	21.32	37.38
15	11	06	21	45	00	21.26	37.36
15	11	06	22	00	00	21.16	37.38
15	11	06	22	15	00	21.14	37.33
15	11	06	22	30	00	21.14	37.38
15	11	06	22	45	00	21.21	37.31
15	11	06	23	00	00	21.25	37.33
15	11	06	23	15	00	21.28	37.36
15	11	06	23	30	00	21.29	37.36
15	11	06	23	45	00	21.29	37.36
15	11	07	00	00	00	21.29	37.36
15	11	07	00	15	00	21.26	37.31
15	11	07	00	30	00	21.26	37.31
15	11	07	00	45	00	21.23	36.36
15	11	07	01	00	00	21.21	36.39
15	11	07	01	15	00	21.16	36.36
15	11	07	01	30	00	21.14	36.36
15	11	07	01	45	00	20.84	37.31
15	11	07	02	00	00	20.55	38.37
15	11	07	02	15	00	20.31	38.37
15	11	07	02	30	00	20.16	39.32
15	11	07	02	45	00	20.31	39.30
15	11	07	03	00	00	20.55	39.31
15	11	07	03	15	00	20.65	38.39
15	11	07	03	30	00	20.61	38.32
15	11	07	03	45	00	20.61	38.35
15	11	07	04	00	00	20.58	38.33
15	11	07	04	15	00	20.52	38.32
15	11	07	04	30	00	20.34	38.35
15	11	07	04	45	00	20.17	38.33
15	11	07	05	00	00	19.88	40.43
15	11	07	05	15	00	20.20	39.33
15	11	07	05	30	00	20.47	39.31
15	11	07	05	45	00	20.34	38.30
15	11	07	06	00	00	19.99	38.30
15	11	07	06	15	00	19.70	38.35
15	11	07	06	30	00	19.79	39.30
15	11	07	06	45	00	19.80	38.35
15	11	07	07	00	00	19.45	39.31
15	11	07	07	15	00	19.83	40.46
15	11	07	07	30	00	20.17	39.38
15	11	07	07	45	00	20.33	38.32
15	11	07	08	00	00	20.31	38.37
15	11	07	08	15	00	20.31	38.30
15	11	07	08	30	00	20.37	38.35
15	11	07	08	45	00	20.45	38.35
15	11	07	09	00	00	20.55	38.34
15	11	07	09	15	00	20.65	38.37
15	11	07	09	30	00	20.76	39.32
15	11	07	09	45	00	20.84	39.30
15	11	07	10	00	00	20.94	38.37
15	11	07	10	15	00	21.02	38.32
15	11	07	10	30	00	21.09	38.32
15	11	07	10	45	00	21.18	38.37
15	11	07	11	00	00	21.23	38.33
15	11	07	11	15	00	21.29	38.35
15	11	07	11	30	00	21.35	38.35
15	11	07	11	45	00	21.37	38.35
15	11	07	12	00	00	21.42	37.33
15	11	07	12	15	00	21.44	37.33
15	11	07	12	30	00	21.47	37.30
15	11	07	12	45	00	21.49	37.30
15	11	07	13	00	00	21.55	37.33
15	11	07	13	15	00	21.58	37.38
15	11	07	13	30	00	21.61	37.33
15	11	07	13	45	00	21.64	37.35
15	11	07	14	00	00	21.65	37.36
15	11	07	14	15	00	21.66	37.38
15	11	07	14	30	00	21.68	37.33
15	11	07	14	45	00	21.68	37.31
15	11	07	15	00	00	21.71	37.35
15	11	07	15	15	00	21.73	38.30
15	11	07	15	30	00	21.73	38.37
15	11	07	15	45	00	21.73	37.38
15	11	07	16	00	00	21.69	37.33
15	11	07	16	15	00	21.71	37.38
15	11	07	16	30	00	21.75	37.33
15	11	07	16	45	00	21.75	37.30
15	11	07	17	00	00	21.78	37.30
15	11	07	17	15	00	21.78	37.35
15	11	07	17	30	00	21.78	37.30
15	11	07	17	45	00	21.78	38.37
15	11	07	18	00	00	21.78	38.33
15	11	07	18	15	00	21.78	38.37
15	11	07	18	30	00	21.82	38.33
15	11	07	18	45	00	21.87	38.39
15	11	07	19	00	00	21.92	38.34
15	11	07	19	15	00	21.97	39.32
15	11	07	19	30	00	22.00	40.48
15	11	07	19	45	00	21.93	40.44
15	11	07	20	00	00	21.94	40.49
15	11	07	20	15	00	21.90	41.46
15	11	07	20	30	00	21.86	41.47
15	11	07	20	45	00	21.79	41.47
15	11	07	21	00	00	21.75	40.42
15	11	07	21	15	00	21.71	40.42
15	11	07	21	30	00	21.72	40.43
15	11	07	21	45	00	21.72	40.40
15	11	07	22	00	00	21.72	40.45
15	11	07	22	15	00	21.72	39.36
15	11	07	22	30	00	21.72	39.31
15	11	07	22	45	00	21.65	39.33
15	11	07	23	00	00	21.65	39.33
15	11	07	23	15	00	21.62	39.39
15	11	07	23	30	00	21.62	39.31
15	11	07	23	45	00	21.59	39.32
15	11	08	00	00	00	21.58	39.32
15	11	08	00	15	00	21.57	38.34
15	11	08	00	30	00	21.51	38.39
15	11	08	00	45	00	21.50	38.34
15	11	08	01	00	00	21.47	38.39
15	11	08	01	15	00	21.40	38.35
15	11	08	01	30	00	21.09	39.39
15	11	08	01	45	00	21.07	39.39
15	11	08	02	00	00	21.09	39.34
15	11	08	02	15	00	21.09	39.34
15	11	08	02	30	00	21.07	39.36
15	11	08	02	45	00	21.02	39.31
15	11	08	03	00	00	21.00	39.31
15	11	08	03	15	00	20.97	39.37
15	11	08	03	30	00	20.93	39.34
15	11	08	03	45	00	20.89	39.36
15	11	08	04	00	00	20.84	39.33
15	11	08	04	15	00	20.82	39.30
15	11	08	04	30	00	20.76	39.38
15	11	08	04	45	00	20.72	40.46
15	11	08	05	00	00	20.68	40.48
15	11	08	05	15	00	20.62	40.45
15	11	08	05	30	00	20.58	40.40
15	11	08	05	45	00	20.54	40.45
15	11	08	06	00	00	20.49	40.42
15	11	08	06	15	00	20.44	40.40
15	11	08	06	30	00	20.40	40.43
15	11	08	06	45	00	20.33	40.45
15	11	08	07	00	00	20.28	40.40
15	11	08	07	15	00	20.24	40.45
15	11	08	07	30	00	20.20	40.42
15	11	08	07	45	00	20.19	40.45
15	11	08	08	00	00	20.17	40.44
15	11	08	08	15	00	20.17	41.44
15	11	08	08	30	00	20.17	41.46
15	11	08	08	45	00	20.19	41.41
15	11	08	09	00	00	20.20	42.43
15	11	08	09	15	00	20.21	42.44
15	11	08	09	30	00	20.21	43.42
15	11	08	09	45	00	20.23	43.48
15	11	08	10	00	00	20.24	43.45
15	11	08	10	15	00	20.26	44.45
15	11	08	10	30	00	20.26	44.47
15	11	08	10	45	00	20.27	44.44
15	11	08	11	00	00	20.28	44.42
15	11	08	11	15	00	20.28	44.49
15	11	08	11	30	00	20.30	44.46
15	11	08	11	45	00	20.30	45.41
15	11	08	12	00	00	20.33	45.43
15	11	08	12	15	00	20.33	45.45
15	11	08	12	30	00	20.33	45.45
15	11	08	12	45	00	20.34	45.42
15	11	08	13	00	00	20.37	45.44
15	11	08	13	15	00	20.38	45.47
15	11	08	13	30	00	20.41	46.46
15	11	08	13	45	00	20.45	46.40
15	11	08	14	00	00	20.49	47.42
15	11	08	14	15	00	20.63	48.42
15	11	08	14	30	00	20.79	48.44
15	11	08	14	45	00	20.89	48.40
15	11	08	15	00	00	20.94	49.45
15	11	08	15	15	00	20.97	49.47
15	11	08	15	30	00	20.98	49.47
15	11	08	15	45	00	20.97	49.42
15	11	08	16	00	00	20.97	49.43
15	11	08	16	15	00	21.01	50.57
15	11	08	16	30	00	21.07	50.59
15	11	08	16	45	00	21.11	50.51
15	11	08	17	00	00	21.15	50.58
15	11	08	17	15	00	21.19	50.54
15	11	08	17	30	00	21.21	50.54
15	11	08	17	45	00	21.23	50.50
15	11	08	18	00	00	21.26	50.55
15	11	08	18	15	00	21.30	49.45
15	11	08	18	30	00	21.32	49.41
15	11	08	18	45	00	21.33	49.49
15	11	08	19	00	00	21.33	49.47
15	11	08	19	15	00	21.33	48.45
15	11	08	19	30	00	21.32	48.49
15	11	08	19	45	00	21.30	48.40
15	11	08	20	00	00	21.26	47.43
15	11	08	20	15	00	21.30	48.47
15	11	08	20	30	00	21.50	48.40
15	11	08	20	45	00	21.76	49.47
15	11	08	21	00	00	21.93	48.41
15	11	08	21	15	00	22.04	47.40
15	11	08	21	30	00	22.08	47.43
15	11	08	21	45	00	22.12	46.45
15	11	08	22	00	00	22.11	46.49
15	11	08	22	15	00	22.12	45.44
15	11	08	22	30	00	22.12	45.47
15	11	08	22	45	00	22.10	44.41
15	11	08	23	00	00	22.07	44.49
15	11	08	23	15	00	22.04	44.49
15	11	08	23	30	00	22.01	43.40
15	11	08	23	45	00	21.99	43.43
15	11	09	00	00	00	21.96	43.43
15	11	09	00	15	00	21.90	43.46
15	11	09	00	30	00	21.82	42.44
15	11	09	00	45	00	21.75	42.45
15	11	09	01	00	00	21.68	42.47
15	11	09	01	15	00	21.61	42.45
15	11	09	01	30	00	21.55	42.45
15	11	09	01	45	00	21.47	42.40
15	11	09	02	00	00	21.42	42.45
15	11	09	02	15	00	21.37	42.40
15	11	09	02	30	00	21.32	42.40
15	11	09	02	45	00	21.28	42.40
15	11	09	03	00	00	21.19	42.45
15	11	09	03	15	00	21.12	42.42
15	11	09	03	30	00	21.08	42.44
15	11	09	03	45	00	21.02	42.42
15	11	09	04	00	00	20.97	42.47
15	11	09	04	15	00	20.90	43.42
15	11	09	04	30	00	20.86	43.46
15	11	09	04	45	00	20.79	43.46
15	11	09	05	00	00	20.73	43.41
15	11	09	05	15	00	20.68	43.48
15	11	09	05	30	00	20.61	43.41
15	11	09	05	45	00	20.56	43.48
15	11	09	06	00	00	20.51	43.48
15	11	09	06	15	00	20.47	43.43
15	11	09	06	30	00	20.40	43.43
15	11	09	06	45	00	20.34	43.46
15	11	09	07	00	00	20.30	43.41
15	11	09	07	15	00	20.24	43.46
15	11	09	07	30	00	20.20	43.48
15	11	09	07	45	00	20.17	43.43
15	11	09	08	00	00	20.13	43.43
15	11	09	08	15	00	20.09	43.48
15	11	09	08	30	00	20.06	44.40
15	11	09	08	45	00	20.04	44.44
15	11	09	09	00	00	20.01	44.47
15	11	09	09	15	00	19.99	45.48
15	11	09	09	30	00	20.02	46.46
15	11	09	09	45	00	20.24	47.47
15	11	09	10	00	00	20.54	49.42
15	11	09	10	15	00	20.87	49.42
15	11	09	10	30	00	21.16	48.48
15	11	09	10	45	00	21.47	48.43
15	11	09	11	00	00	21.76	47.43
15	11	09	11	15	00	21.85	46.43
15	11	09	11	30	00	21.87	45.44
15	11	09	11	45	00	21.90	45.44
15	11	09	12	00	00	21.93	45.40
15	11	09	12	15	00	21.93	45.45
15	11	09	12	30	00	21.93	45.40
15	11	09	12	45	00	21.97	45.45
15	11	09	13	00	00	22.00	45.45
15	11	09	13	15	00	22.01	45.42
15	11	09	13	30	00	22.01	45.43
15	11	09	13	45	00	22.01	45.41
15	11	09	14	00	00	22.03	45.41
15	11	09	14	15	00	22.04	45.48
15	11	09	14	30	00	22.06	45.41
15	11	09	14	45	00	22.07	45.41
15	11	09	15	00	00	22.07	45.43
15	11	09	15	15	00	22.06	44.41
15	11	09	15	30	00	22.06	44.49
15	11	09	15	45	00	22.06	44.41
15	11	09	16	00	00	22.04	44.46
15	11	09	16	15	00	22.03	44.47
15	11	09	16	30	00	22.00	44.44
15	11	09	16	45	00	21.97	44.44
15	11	09	17	00	00	21.96	44.40
15	11	09	17	15	00	21.93	44.43
15	11	09	17	30	00	21.89	43.45
15	11	09	17	45	00	21.85	43.46
15	11	09	18	00	00	21.79	43.43
15	11	09	18	15	00	21.78	44.40
15	11	09	18	30	00	21.75	44.47
15	11	09	18	45	00	21.72	43.43
15	11	09	19	00	00	21.68	43.46
15	11	09	19	15	00	21.64	43.46
15	11	09	19	30	00	21.62	43.46
15	11	09	19	45	00	21.59	43.45
15	11	09	20	00	00	21.54	43.42
15	11	09	20	15	00	21.26	42.40
15	11	09	20	30	00	21.04	42.42
15	11	09	20	45	00	20.89	43.44
15	11	09	21	00	00	20.75	43.49
15	11	09	21	15	00	20.63	43.49
15	11	09	21	30	00	20.54	43.43
15	11	09	21	45	00	20.45	43.43
15	11	09	22	00	00	20.38	43.48
15	11	09	22	15	00	20.30	43.48
15	11	09	22	30	00	20.24	43.41
15	11	09	22	45	00	20.16	43.41
15	11	09	23	00	00	20.09	44.43
15	11	09	23	15	00	20.06	44.44
15	11	09	23	30	00	20.02	44.44
15	11	09	23	45	00	19.99	44.46
15	11	10	00	00	00	19.95	44.44
15	11	10	00	15	00	19.90	44.44
15	11	10	00	30	00	19.85	44.46
15	11	10	00	45	00	19.83	45.43
15	11	10	01	00	00	19.77	45.41
15	11	10	01	15	00	19.73	45.45
15	11	10	01	30	00	19.69	45.45
15	11	10	01	45	00	19.65	45.45
15	11	10	02	00	00	19.60	45.47
15	11	10	02	15	00	19.55	45.40
15	11	10	02	30	00	19.52	45.47
15	11	10	02	45	00	19.48	45.47
15	11	10	03	00	00	19.45	45.47
15	11	10	03	15	00	19.41	45.45
15	11	10	03	30	00	19.38	45.42
15	11	10	03	45	00	19.34	45.42
15	11	10	04	00	00	19.32	45.42
15	11	10	04	15	00	19.30	45.40
15	11	10	04	30	00	19.27	45.40
15	11	10	04	45	00	19.23	45.42
15	11	10	05	00	00	19.20	45.42
15	11	10	05	15	00	19.17	45.42
15	11	10	05	30	00	19.14	45.45
15	11	10	05	45	00	19.18	45.42
15	11	10	06	00	00	19.34	46.46
15	11	10	06	15	00	19.45	45.47
15	11	10	06	30	00	19.52	45.42
15	11	10	06	45	00	19.53	45.46
15	11	10	07	00	00	19.52	44.46
15	11	10	07	15	00	19.51	44.47
15	11	10	07	30	00	19.49	44.47
15	11	10	07	45	00	19.46	44.47
15	11	10	08	00	00	19.44	44.49
15	11	10	08	15	00	19.41	44.49
15	11	10	08	30	00	19.38	44.42
15	11	10	08	45	00	19.34	44.47
15	11	10	09	00	00	19.32	44.47
15	11	10	09	15	00	19.30	44.47
15	11	10	09	30	00	19.27	44.47
15	11	10	09	45	00	19.25	44.42
15	11	10	10	00	00	19.23	44.42
15	11	10	10	15	00	19.23	44.47
15	11	10	10	30	00	19.23	44.42
15	11	10	10	45	00	19.24	44.42
15	11	10	11	00	00	19.23	44.44
15	11	10	11	15	00	19.25	44.41
15	11	10	11	30	00	19.37	45.45
15	11	10	11	45	00	19.63	46.47
15	11	10	12	00	00	20.05	49.44
15	11	10	12	15	00	20.44	49.47
15	11	10	12	30	00	20.68	48.42
15	11	10	12	45	00	20.82	47.47
15	11	10	13	00	00	20.89	46.49
15	11	10	13	15	00	20.91	45.48
15	11	10	13	30	00	20.94	44.42
15	11	10	13	45	00	20.94	43.40
15	11	10	14	00	00	20.93	43.46
15	11	10	14	15	00	20.90	43.49
15	11	10	14	30	00	20.87	42.42
15	11	10	14	45	00	20.87	42.44
15	11	10	15	00	00	20.89	42.44
15	11	10	15	15	00	20.89	42.44
15	11	10	15	30	00	20.89	42.47
15	11	10	15	45	00	20.90	42.45
15	11	10	16	00	00	20.90	42.43
15	11	10	16	15	00	20.89	42.48
15	11	10	16	30	00	20.87	41.43
15	11	10	16	45	00	20.86	41.48
15	11	10	17	00	00	20.83	41.41
15	11	10	17	15	00	20.77	41.44
15	11	10	17	30	00	20.73	41.46
15	11	10	17	45	00	20.66	41.46
15	11	10	18	00	00	20.61	41.41
15	11	10	18	15	00	20.55	41.43
15	11	10	18	30	00	20.56	42.45
15	11	10	18	45	00	20.70	43.42
15	11	10	19	00	00	20.89	43.49
15	11	10	19	15	00	21.04	42.44
15	11	10	19	30	00	21.11	42.48
15	11	10	19	45	00	21.12	41.46
15	11	10	20	00	00	21.12	41.43
15	11	10	20	15	00	21.12	41.48
15	11	10	20	30	00	21.09	41.41
15	11	10	20	45	00	21.04	41.46
15	11	10	21	00	00	20.97	41.41
15	11	10	21	15	00	20.90	41.46
15	11	10	21	30	00	20.83	41.49
15	11	10	21	45	00	20.84	42.48
15	11	10	22	00	00	20.93	42.45
15	11	10	22	15	00	20.94	41.46
15	11	10	22	30	00	20.93	42.43
15	11	10	22	45	00	20.93	42.40
15	11	10	23	00	00	20.87	42.45
15	11	10	23	15	00	20.82	42.48
15	11	10	23	30	00	20.75	42.48
15	11	10	23	45	00	20.65	41.43
15	11	11	00	00	00	20.58	41.41
15	11	11	00	15	00	20.49	41.49
15	11	11	00	30	00	20.41	41.41
15	11	11	00	45	00	20.31	41.41
15	11	11	01	00	00	20.24	41.41
15	11	11	01	15	00	20.16	41.42
15	11	11	01	30	00	20.08	41.42
15	11	11	01	45	00	20.01	41.44
15	11	11	02	00	00	19.95	41.42
15	11	11	02	15	00	19.91	41.41
15	11	11	02	30	00	19.87	41.46
15	11	11	02	45	00	19.83	41.47
15	11	11	03	00	00	19.77	41.47
15	11	11	03	15	00	19.73	41.45
15	11	11	03	30	00	19.67	40.42
15	11	11	03	45	00	19.62	40.47
15	11	11	04	00	00	19.55	40.40
15	11	11	04	15	00	19.49	40.40
15	11	11	04	30	00	19.45	40.45
15	11	11	04	45	00	19.52	41.47
15	11	11	05	00	00	19.62	41.42
15	11	11	05	15	00	19.65	40.47
15	11	11	05	30	00	19.66	40.48
15	11	11	05	45	00	19.69	40.47
15	11	11	06	00	00	19.83	41.47
15	11	11	06	15	00	19.91	40.42
15	11	11	06	30	00	19.94	40.48
15	11	11	06	45	00	19.94	39.38
15	11	11	07	00	00	19.99	40.45
15	11	11	07	15	00	20.13	40.40
15	11	11	07	30	00	20.20	39.33
15	11	11	07	45	00	20.21	39.33
15	11	11	08	00	00	20.20	39.34
15	11	11	08	15	00	20.19	39.31
15	11	11	08	30	00	20.16	39.34
15	11	11	08	45	00	20.13	39.34
15	11	11	09	00	00	20.06	39.39
15	11	11	09	15	00	20.04	39.36
15	11	11	09	30	00	19.99	39.38
15	11	11	09	45	00	19.92	40.40
15	11	11	10	00	00	19.88	40.42
15	11	11	10	15	00	19.84	40.42
15	11	11	10	30	00	19.81	40.44
15	11	11	10	45	00	19.77	40.49
15	11	11	11	00	00	19.73	41.47
15	11	11	11	15	00	19.70	41.46
15	11	11	11	30	00	19.67	41.46
15	11	11	11	45	00	19.65	41.41
15	11	11	12	00	00	19.65	41.41
15	11	11	12	15	00	19.62	42.43
15	11	11	12	30	00	19.62	42.43
15	11	11	12	45	00	19.60	42.48
15	11	11	13	00	00	19.63	42.42
15	11	11	13	15	00	19.63	42.49
15	11	11	13	30	00	19.63	43.44
15	11	11	13	45	00	19.59	43.42
15	11	11	14	00	00	19.56	42.49
15	11	11	14	15	00	19.53	43.42
15	11	11	14	30	00	19.55	43.49
15	11	11	14	45	00	19.55	43.46
15	11	11	15	00	00	19.58	43.49
15	11	11	15	15	00	19.60	43.46
15	11	11	15	30	00	19.63	43.42
15	11	11	15	45	00	19.66	43.42
15	11	11	16	00	00	19.69	42.44
15	11	11	16	15	00	19.70	42.47
15	11	11	16	30	00	19.73	42.47
15	11	11	16	45	00	19.72	42.40
15	11	11	17	00	00	19.72	42.47
15	11	11	17	15	00	19.76	43.44
15	11	11	17	30	00	19.92	43.48
15	11	11	17	45	00	20.19	44.46
15	11	11	18	00	00	20.48	44.46
15	11	11	18	15	00	20.66	44.49
15	11	11	18	30	00	20.79	43.43
15	11	11	18	45	00	20.84	42.49
15	11	11	19	00	00	20.86	42.43
15	11	11	19	15	00	20.86	42.45
15	11	11	19	30	00	20.83	41.46
15	11	11	19	45	00	20.79	41.41
15	11	11	20	00	00	20.72	41.44
15	11	11	20	15	00	20.66	41.41
15	11	11	20	30	00	20.59	41.41
15	11	11	20	45	00	20.54	41.46
15	11	11	21	00	00	20.47	41.46
15	11	11	21	15	00	20.38	41.44
15	11	11	21	30	00	20.31	41.49
15	11	11	21	45	00	20.33	42.45
15	11	11	22	00	00	20.40	42.43
15	11	11	22	15	00	20.41	41.46
15	11	11	22	30	00	20.38	41.49
15	11	11	22	45	00	20.35	41.44
15	11	11	23	00	00	20.33	41.44
15	11	11	23	15	00	20.27	40.47
15	11	11	23	30	00	20.20	40.42
15	11	11	23	45	00	20.11	40.42
15	11	12	00	00	00	20.01	40.48
15	11	12	00	15	00	19.92	40.40
15	11	12	00	30	00	19.84	40.41
15	11	12	00	45	00	19.74	40.41
15	11	12	01	00	00	19.66	40.43
15	11	12	01	15	00	19.59	40.48
15	11	12	01	30	00	19.52	40.45
15	11	12	01	45	00	19.45	40.48
15	11	12	02	00	00	19.37	40.40
15	11	12	02	15	00	19.31	40.43
15	11	12	02	30	00	19.25	40.43
15	11	12	02	45	00	19.17	40.48
15	11	12	03	00	00	19.09	40.40
15	11	12	03	15	00	19.03	40.40
15	11	12	03	30	00	19.00	40.47
15	11	12	03	45	00	18.96	41.44
15	11	12	04	00	00	18.93	41.44
15	11	12	04	15	00	18.89	41.49
15	11	12	04	30	00	18.88	41.49
15	11	12	04	45	00	18.93	42.40
15	11	12	05	00	00	19.09	42.40
15	11	12	05	15	00	19.28	42.42
15	11	12	05	30	00	19.42	42.45
15	11	12	05	45	00	19.49	41.41
15	11	12	06	00	00	19.53	41.49
15	11	12	06	15	00	19.55	41.47
15	11	12	06	30	00	19.55	40.47
15	11	12	06	45	00	19.53	40.45
15	11	12	07	00	00	19.52	40.47
15	11	12	07	15	00	19.48	40.40
15	11	12	07	30	00	19.53	41.44
15	11	12	07	45	00	19.67	41.49
15	11	12	08	00	00	19.85	41.44
15	11	12	08	15	00	19.95	40.47
15	11	12	08	30	00	20.04	40.45
15	11	12	08	45	00	20.11	40.47
15	11	12	09	00	00	20.08	40.48
15	11	12	09	15	00	20.02	40.41
15	11	12	09	30	00	19.97	39.38
15	11	12	09	45	00	19.90	39.33
15	11	12	10	00	00	19.83	39.31
15	11	12	10	15	00	19.80	40.45
15	11	12	10	30	00	19.91	41.44
15	11	12	10	45	00	20.11	42.45
15	11	12	11	00	00	20.37	42.42
15	11	12	11	15	00	20.66	42.49
15	11	12	11	30	00	20.94	42.43
15	11	12	11	45	00	21.14	41.49
15	11	12	12	00	00	21.26	41.42
15	11	12	12	15	00	21.33	40.45
15	11	12	12	30	00	21.37	39.31
15	11	12	12	45	00	21.39	39.34
15	11	12	13	00	00	21.39	39.31
15	11	12	13	15	00	21.40	39.37
15	11	12	13	30	00	21.39	39.34
15	11	12	13	45	00	21.37	39.37
15	11	12	14	00	00	21.36	39.37
15	11	12	14	15	00	21.36	38.37
15	11	12	14	30	00	21.35	38.37
15	11	12	14	45	00	21.36	39.32
15	11	12	15	00	00	21.35	39.32
15	11	12	15	15	00	21.37	39.32
15	11	12	15	30	00	21.40	39.30
15	11	12	15	45	00	21.42	38.32
15	11	12	16	00	00	21.44	38.37
15	11	12	16	15	00	21.44	38.32
15	11	12	16	30	00	21.44	38.32
15	11	12	16	45	00	21.44	38.30
15	11	12	17	00	00	21.46	39.30
15	11	12	17	15	00	21.61	39.36
15	11	12	17	30	00	21.71	39.34
15	11	12	17	45	00	21.72	39.33
15	11	12	18	00	00	21.72	39.36
15	11	12	18	15	00	21.68	39.34
15	11	12	18	30	00	21.62	39.33
15	11	12	18	45	00	21.58	39.36
15	11	12	19	00	00	21.50	39.39
15	11	12	19	15	00	21.44	39.36
15	11	12	19	30	00	21.36	39.39
15	11	12	19	45	00	21.29	39.39
15	11	12	20	00	00	21.22	39.39
15	11	12	20	15	00	21.15	39.36
15	11	12	20	30	00	21.08	39.33
15	11	12	20	45	00	21.04	40.41
15	11	12	21	00	00	20.97	40.43
15	11	12	21	15	00	20.91	40.41
15	11	12	21	30	00	20.86	40.43
15	11	12	21	45	00	20.82	40.40
15	11	12	22	00	00	20.76	40.45
15	11	12	22	15	00	20.73	40.40
15	11	12	22	30	00	20.66	40.45
15	11	12	22	45	00	20.63	40.45
15	11	12	23	00	00	20.58	40.47
15	11	12	23	15	00	20.52	40.47
15	11	12	23	30	00	20.48	40.40
15	11	12	23	45	00	20.42	40.40
15	11	13	00	00	00	20.38	40.48
15	11	13	00	15	00	20.33	40.43
15	11	13	00	30	00	20.28	40.48
15	11	13	00	45	00	20.24	40.42
15	11	13	01	00	00	20.19	40.47
15	11	13	01	15	00	20.14	40.42
15	11	13	01	30	00	20.08	40.45
15	11	13	01	45	00	20.04	40.45
15	11	13	02	00	00	19.98	40.45
15	11	13	02	15	00	19.94	40.45
15	11	13	02	30	00	19.88	40.47
15	11	13	02	45	00	19.83	40.40
15	11	13	03	00	00	19.77	40.42
15	11	13	03	15	00	19.70	40.40
15	11	13	03	30	00	19.66	40.42
15	11	13	03	45	00	19.59	40.42
15	11	13	04	00	00	19.53	40.45
15	11	13	04	15	00	19.46	40.40
15	11	13	04	30	00	19.41	40.48
15	11	13	04	45	00	19.34	40.40
15	11	13	05	00	00	19.27	40.43
15	11	13	05	15	00	19.21	40.43
15	11	13	05	30	00	19.14	40.45
15	11	13	05	45	00	19.09	40.42
15	11	13	06	00	00	19.00	40.43
15	11	13	06	15	00	18.93	40.47
15	11	13	06	30	00	18.92	40.42
15	11	13	06	45	00	19.06	41.43
15	11	13	07	00	00	19.31	42.48
15	11	13	07	15	00	19.55	41.46
15	11	13	07	30	00	19.67	41.42
15	11	13	07	45	00	19.74	40.45
15	11	13	08	00	00	19.77	40.43
15	11	13	08	15	00	19.79	39.38
15	11	13	08	30	00	19.77	39.38
15	11	13	08	45	00	19.74	39.39
15	11	13	09	00	00	19.69	39.39
15	11	13	09	15	00	19.63	39.36
15	11	13	09	30	00	19.56	39.39
15	11	13	09	45	00	19.52	39.37
15	11	13	10	00	00	19.45	39.34
15	11	13	10	15	00	19.41	39.34
15	11	13	10	30	00	19.37	39.36
15	11	13	10	45	00	19.37	40.43
15	11	13	11	00	00	19.32	40.47
15	11	13	11	15	00	19.39	41.43
15	11	13	11	30	00	19.41	42.43
15	11	13	11	45	00	19.39	42.49
15	11	13	12	00	00	19.41	43.44
15	11	13	12	15	00	19.42	43.44
15	11	13	12	30	00	19.42	43.43
15	11	13	12	45	00	19.41	43.46
15	11	13	13	00	00	19.41	43.41
15	11	13	13	15	00	19.41	43.44
15	11	13	13	30	00	19.44	43.43
15	11	13	13	45	00	19.59	44.47
15	11	13	14	00	00	19.84	44.44
15	11	13	14	15	00	20.11	44.41
15	11	13	14	30	00	20.35	44.47
15	11	13	14	45	00	20.51	43.40
15	11	13	15	00	00	20.63	43.41
15	11	13	15	15	00	20.75	43.49
15	11	13	15	30	00	20.84	42.42
15	11	13	15	45	00	20.91	42.45
15	11	13	16	00	00	20.97	42.40
15	11	13	16	15	00	21.00	42.48
15	11	13	16	30	00	21.04	41.48
15	11	13	16	45	00	21.05	41.48
15	11	13	17	00	00	21.05	41.46
15	11	13	17	15	00	21.02	41.41
15	11	13	17	30	00	21.00	41.43
15	11	13	17	45	00	20.97	41.41
15	11	13	18	00	00	20.93	41.46
15	11	13	18	15	00	20.90	41.46
15	11	13	18	30	00	20.87	42.40
15	11	13	18	45	00	20.84	42.40
15	11	13	19	00	00	20.80	42.40
15	11	13	19	15	00	20.79	42.42
15	11	13	19	30	00	20.75	42.42
15	11	13	19	45	00	20.70	42.42
15	11	13	20	00	00	20.68	42.47
15	11	13	20	15	00	20.65	42.47
15	11	13	20	30	00	20.62	42.44
15	11	13	20	45	00	20.61	43.41
15	11	13	21	00	00	20.61	43.48
15	11	13	21	15	00	20.56	43.44
15	11	13	21	30	00	20.54	43.49
15	11	13	21	45	00	20.49	43.44
15	11	13	22	00	00	20.44	42.49
15	11	13	22	15	00	20.40	42.44
15	11	13	22	30	00	20.35	42.42
15	11	13	22	45	00	20.31	42.47
15	11	13	23	00	00	20.26	42.45
15	11	13	23	15	00	20.20	42.40
15	11	13	23	30	00	20.17	42.47
15	11	13	23	45	00	20.13	42.43
15	11	14	00	00	00	20.06	42.45
15	11	14	00	15	00	20.02	42.48
15	11	14	00	30	00	19.95	42.48
15	11	14	00	45	00	19.90	42.40
15	11	14	01	00	00	19.85	42.43
15	11	14	01	15	00	19.80	41.43
15	11	14	01	30	00	19.74	41.43
15	11	14	01	45	00	19.70	41.43
15	11	14	02	00	00	19.65	41.48
15	11	14	02	15	00	19.59	41.41
15	11	14	02	30	00	19.56	42.40
15	11	14	02	45	00	19.52	42.43
15	11	14	03	00	00	19.48	42.48
15	11	14	03	15	00	19.42	42.48
15	11	14	03	30	00	19.38	42.48
15	11	14	03	45	00	19.34	42.43
15	11	14	04	00	00	19.30	42.43
15	11	14	04	15	00	19.24	42.48
15	11	14	04	30	00	19.20	42.48
15	11	14	04	45	00	19.16	42.48
15	11	14	05	00	00	19.11	42.48
15	11	14	05	15	00	19.07	42.43
15	11	14	05	30	00	19.03	42.47
15	11	14	05	45	00	18.97	42.45
15	11	14	06	00	00	18.95	42.47
15	11	14	06	15	00	18.92	42.40
15	11	14	06	30	00	18.86	42.40
15	11	14	06	45	00	18.82	42.45
15	11	14	07	00	00	18.79	42.49
15	11	14	07	15	00	18.76	42.42
15	11	14	07	30	00	18.70	42.47
15	11	14	07	45	00	18.67	42.49
15	11	14	08	00	00	18.63	42.42
15	11	14	08	15	00	18.59	42.49
15	11	14	08	30	00	18.56	43.49
15	11	14	08	45	00	18.55	43.41
15	11	14	09	00	00	18.53	43.48
15	11	14	09	15	00	18.55	44.42
15	11	14	09	30	00	18.60	45.45
15	11	14	09	45	00	18.57	45.48
15	11	14	10	00	00	18.56	45.40
15	11	14	10	15	00	18.56	45.40
15	11	14	10	30	00	18.52	45.45
15	11	14	10	45	00	18.50	45.42
15	11	14	11	00	00	18.50	45.42
15	11	14	11	15	00	18.52	45.47
15	11	14	11	30	00	18.52	45.43
15	11	14	11	45	00	18.52	45.40
15	11	14	12	00	00	18.53	45.42
15	11	14	12	15	00	18.55	45.42
15	11	14	12	30	00	18.56	45.47
15	11	14	12	45	00	18.59	45.47
15	11	14	13	00	00	18.59	45.42
15	11	14	13	15	00	18.62	45.44
15	11	14	13	30	00	18.67	46.41
15	11	14	13	45	00	18.70	46.45
15	11	14	14	00	00	18.75	46.40
15	11	14	14	15	00	18.78	47.40
15	11	14	14	30	00	18.83	47.47
15	11	14	14	45	00	18.90	47.49
15	11	14	15	00	00	18.96	47.44
15	11	14	15	15	00	19.02	47.41
15	11	14	15	30	00	19.06	47.43
15	11	14	15	45	00	19.13	47.41
15	11	14	16	00	00	19.17	47.46
15	11	14	16	15	00	19.21	47.41
15	11	14	16	30	00	19.25	47.44
15	11	14	16	45	00	19.28	47.42
15	11	14	17	00	00	19.28	47.42
15	11	14	17	15	00	19.30	47.49
15	11	14	17	30	00	19.28	47.42
15	11	14	17	45	00	19.27	47.41
15	11	14	18	00	00	19.24	47.49
15	11	14	18	15	00	19.21	47.41
15	11	14	18	30	00	19.20	47.41
15	11	14	18	45	00	19.17	47.45
15	11	14	19	00	00	19.16	47.43
15	11	14	19	15	00	19.14	47.47
15	11	14	19	30	00	19.11	47.45
15	11	14	19	45	00	19.09	47.48
15	11	14	20	00	00	19.07	47.43
15	11	14	20	15	00	19.04	47.45
15	11	14	20	30	00	19.00	47.46
15	11	14	20	45	00	18.99	47.43
15	11	14	21	00	00	18.95	47.46
15	11	14	21	15	00	18.93	47.46
15	11	14	21	30	00	18.92	47.48
15	11	14	21	45	00	18.88	47.48
15	11	14	22	00	00	18.88	47.48
15	11	14	22	15	00	18.83	47.48
15	11	14	22	30	00	18.82	47.46
15	11	14	22	45	00	18.78	47.43
15	11	14	23	00	00	18.78	47.41
15	11	14	23	15	00	18.75	47.49
15	11	14	23	30	00	18.74	47.41
15	11	14	23	45	00	18.83	48.41
15	11	15	00	00	00	19.06	49.45
15	11	15	00	15	00	19.34	50.51
15	11	15	00	30	00	19.55	50.54
15	11	15	00	45	00	19.69	50.52
15	11	15	01	00	00	19.76	49.48
15	11	15	01	15	00	19.80	49.41
15	11	15	01	30	00	19.80	49.47
15	11	15	01	45	00	19.77	48.45
15	11	15	02	00	00	19.73	48.44
15	11	15	02	15	00	19.65	48.49
15	11	15	02	30	00	19.59	48.47
15	11	15	02	45	00	19.55	48.47
15	11	15	03	00	00	19.51	48.47
15	11	15	03	15	00	19.48	48.47
15	11	15	03	30	00	19.44	48.49
15	11	15	03	45	00	19.42	48.49
15	11	15	04	00	00	19.39	48.46
15	11	15	04	15	00	19.48	49.44
15	11	15	04	30	00	19.65	49.48
15	11	15	04	45	00	19.90	50.57
15	11	15	05	00	00	20.16	49.41
15	11	15	05	15	00	20.33	48.40
15	11	15	05	30	00	20.44	48.47
15	11	15	05	45	00	20.49	48.40
15	11	15	06	00	00	20.54	47.48
15	11	15	06	15	00	20.55	47.41
15	11	15	06	30	00	20.52	47.46
15	11	15	06	45	00	20.49	47.49
15	11	15	07	00	00	20.45	47.42
15	11	15	07	15	00	20.40	47.42
15	11	15	07	30	00	20.34	47.49
15	11	15	07	45	00	20.28	47.49
15	11	15	08	00	00	20.21	47.42
15	11	15	08	15	00	20.16	47.42
15	11	15	08	30	00	20.11	47.49
15	11	15	08	45	00	20.05	47.46
15	11	15	09	00	00	19.99	47.49
15	11	15	09	15	00	19.95	47.41
15	11	15	09	30	00	19.92	47.45
15	11	15	09	45	00	19.90	47.43
15	11	15	10	00	00	19.88	48.45
15	11	15	10	15	00	19.87	48.47
15	11	15	10	30	00	19.87	48.44
15	11	15	10	45	00	19.84	48.40
15	11	15	11	00	00	19.83	47.45
15	11	15	11	15	00	19.81	47.41
15	11	15	11	30	00	19.80	47.49
15	11	15	11	45	00	19.80	47.40
15	11	15	12	00	00	19.79	46.47
15	11	15	12	15	00	19.77	46.48
15	11	15	12	30	00	19.77	46.49
15	11	15	12	45	00	19.77	45.44
15	11	15	13	00	00	19.77	45.42
15	11	15	13	15	00	19.79	45.40
15	11	15	13	30	00	19.80	45.47
15	11	15	13	45	00	19.80	45.48
15	11	15	14	00	00	19.80	44.41
15	11	15	14	15	00	19.80	44.42
15	11	15	14	30	00	19.81	44.40
15	11	15	14	45	00	19.84	43.45
15	11	15	15	00	00	19.85	43.48
15	11	15	15	15	00	19.98	44.40
15	11	15	15	30	00	20.20	44.42
15	11	15	15	45	00	20.41	44.42
15	11	15	16	00	00	20.55	43.40
15	11	15	16	15	00	20.63	42.49
15	11	15	16	30	00	20.69	41.48
15	11	15	16	45	00	20.70	41.47
15	11	15	17	00	00	20.70	40.42
15	11	15	17	15	00	20.69	40.45
15	11	15	17	30	00	20.66	40.46
15	11	15	17	45	00	20.61	39.31
15	11	15	18	00	00	20.55	39.36
15	11	15	18	15	00	20.48	39.31
15	11	15	18	30	00	20.47	39.31
15	11	15	18	45	00	20.55	40.41
15	11	15	19	00	00	20.73	40.47
15	11	15	19	15	00	20.96	40.40
15	11	15	19	30	00	21.08	39.38
15	11	15	19	45	00	21.16	39.36
15	11	15	20	00	00	21.19	38.30
15	11	15	20	15	00	21.21	38.38
15	11	15	20	30	00	21.16	37.38
15	11	15	20	45	00	21.12	37.30
15	11	15	21	00	00	21.05	37.31
15	11	15	21	15	00	20.98	37.33
15	11	15	21	30	00	20.90	37.31
15	11	15	21	45	00	20.93	37.31
15	11	15	22	00	00	21.04	38.33
15	11	15	22	15	00	21.14	37.33
15	11	15	22	30	00	21.19	37.38
15	11	15	22	45	00	21.21	36.39
15	11	15	23	00	00	21.19	36.39
15	11	15	23	15	00	21.15	36.34
15	11	15	23	30	00	21.11	36.36
15	11	15	23	45	00	21.07	36.31
15	11	16	00	00	00	21.01	36.39
15	11	16	00	15	00	20.96	36.31
15	11	16	00	30	00	20.89	36.31
15	11	16	00	45	00	20.82	36.32
15	11	16	01	00	00	20.73	36.34
15	11	16	01	15	00	20.65	36.31
15	11	16	01	30	00	20.55	36.36
15	11	16	01	45	00	20.47	36.39
15	11	16	02	00	00	20.38	36.36
15	11	16	02	15	00	20.30	36.39
15	11	16	02	30	00	20.20	36.39
15	11	16	02	45	00	20.08	36.34
15	11	16	03	00	00	19.99	36.32
15	11	16	03	15	00	19.91	35.37
15	11	16	03	30	00	19.83	35.39
15	11	16	03	45	00	19.76	35.39
15	11	16	04	00	00	19.69	35.39
15	11	16	04	15	00	19.62	35.39
15	11	16	04	30	00	19.55	35.39
15	11	16	04	45	00	19.48	35.30
15	11	16	05	00	00	19.39	35.32
15	11	16	05	15	00	19.34	35.30
15	11	16	05	30	00	19.27	35.35
15	11	16	05	45	00	19.20	35.37
15	11	16	06	00	00	19.16	35.39
15	11	16	06	15	00	19.10	35.32
15	11	16	06	30	00	19.03	35.32
15	11	16	06	45	00	18.96	35.35
15	11	16	07	00	00	18.90	35.30
15	11	16	07	15	00	18.95	35.32
15	11	16	07	30	00	19.09	35.39
15	11	16	07	45	00	19.13	35.35
15	11	16	08	00	00	19.14	35.35
15	11	16	08	15	00	19.14	34.32
15	11	16	08	30	00	19.13	34.33
15	11	16	08	45	00	19.13	35.34
15	11	16	09	00	00	19.13	35.32
15	11	16	09	15	00	19.07	34.32
15	11	16	09	30	00	19.00	34.38
15	11	16	09	45	00	18.95	34.33
15	11	16	10	00	00	18.88	33.36
15	11	16	10	15	00	18.82	33.33
15	11	16	10	30	00	18.78	33.31
15	11	16	10	45	00	18.76	33.30
15	11	16	11	00	00	18.76	34.31
15	11	16	11	15	00	18.74	34.35
15	11	16	11	30	00	18.74	34.35
15	11	16	11	45	00	18.70	33.35
15	11	16	12	00	00	18.67	33.33
15	11	16	12	15	00	18.66	33.31
15	11	16	12	30	00	18.67	33.33
15	11	16	12	45	00	18.82	34.33
15	11	16	13	00	00	19.06	34.35
15	11	16	13	15	00	19.27	34.30
15	11	16	13	30	00	19.39	33.35
15	11	16	13	45	00	19.46	32.36
15	11	16	14	00	00	19.55	32.39
15	11	16	14	15	00	19.59	32.31
15	11	16	14	30	00	19.62	31.31
15	11	16	14	45	00	19.65	31.31
15	11	16	15	00	00	19.67	31.36
15	11	16	15	15	00	19.73	31.34
15	11	16	15	30	00	19.77	32.36
15	11	16	15	45	00	19.80	31.31
15	11	16	16	00	00	19.81	31.34
15	11	16	16	15	00	19.84	31.31
15	11	16	16	30	00	19.81	31.34
15	11	16	16	45	00	19.79	30.34
15	11	16	17	00	00	19.80	30.31
15	11	16	17	15	00	19.87	30.34
15	11	16	17	30	00	19.91	29.29
15	11	16	17	45	00	19.88	29.26
15	11	16	18	00	00	19.88	28.21
15	11	16	18	15	00	19.85	28.29
15	11	16	18	30	00	19.81	28.21
15	11	16	18	45	00	19.80	28.28
15	11	16	19	00	00	19.77	29.21
15	11	16	19	15	00	19.79	29.29
15	11	16	19	30	00	19.74	29.29
15	11	16	19	45	00	19.70	29.21
15	11	16	20	00	00	19.67	29.24
15	11	16	20	15	00	19.72	30.36
15	11	16	20	30	00	19.83	30.36
15	11	16	20	45	00	19.99	30.36
15	11	16	21	00	00	20.26	31.39
15	11	16	21	15	00	20.54	31.31
15	11	16	21	30	00	20.80	31.36
15	11	16	21	45	00	21.09	31.39
15	11	16	22	00	00	21.37	31.31
15	11	16	22	15	00	21.55	30.34
15	11	16	22	30	00	21.62	29.24
15	11	16	22	45	00	21.66	29.24
15	11	16	23	00	00	21.64	29.29
15	11	16	23	15	00	21.58	28.29
15	11	16	23	30	00	21.49	28.26
15	11	16	23	45	00	21.42	28.21
15	11	17	00	00	00	21.30	28.21
15	11	17	00	15	00	21.21	28.29
15	11	17	00	30	00	21.14	28.26
15	11	17	00	45	00	21.21	29.24
15	11	17	01	00	00	21.39	29.24
15	11	17	01	15	00	21.64	30.34
15	11	17	01	30	00	21.94	31.31
15	11	17	01	45	00	22.26	31.36
15	11	17	02	00	00	22.61	31.38
15	11	17	02	15	00	22.88	31.34
15	11	17	02	30	00	23.02	30.39
15	11	17	02	45	00	23.06	30.36
15	11	17	03	00	00	23.06	30.39
15	11	17	03	15	00	23.00	29.26
15	11	17	03	30	00	22.95	29.29
15	11	17	03	45	00	22.84	29.26
15	11	17	04	00	00	22.74	29.22
15	11	17	04	15	00	22.61	29.26
15	11	17	04	30	00	22.49	29.26
15	11	17	04	45	00	22.38	29.24
15	11	17	05	00	00	22.25	29.28
15	11	17	05	15	00	22.14	29.21
15	11	17	05	30	00	22.04	29.23
15	11	17	05	45	00	21.93	29.29
15	11	17	06	00	00	21.83	30.31
15	11	17	06	15	00	21.73	30.39
15	11	17	06	30	00	21.65	30.34
15	11	17	06	45	00	21.57	30.31
15	11	17	07	00	00	21.47	30.39
15	11	17	07	15	00	21.39	30.34
15	11	17	07	30	00	21.30	30.31
15	11	17	07	45	00	21.22	31.34
15	11	17	08	00	00	21.15	31.34
15	11	17	08	15	00	21.09	31.31
15	11	17	08	30	00	21.04	31.36
15	11	17	08	45	00	20.98	31.31
15	11	17	09	00	00	20.93	31.38
15	11	17	09	15	00	20.90	32.31
15	11	17	09	30	00	20.87	32.36
15	11	17	09	45	00	20.83	32.34
15	11	17	10	00	00	20.77	32.31
15	11	17	10	15	00	20.72	32.31
15	11	17	10	30	00	20.66	32.36
15	11	17	10	45	00	20.63	32.31
15	11	17	11	00	00	20.61	32.34
15	11	17	11	15	00	20.59	32.36
15	11	17	11	30	00	20.62	33.31
15	11	17	11	45	00	20.65	33.30
15	11	17	12	00	00	20.62	33.36
15	11	17	12	15	00	20.62	34.36
15	11	17	12	30	00	20.61	34.38
15	11	17	12	45	00	20.63	34.38
15	11	17	13	00	00	20.65	34.38
15	11	17	13	15	00	20.65	34.35
15	11	17	13	30	00	20.66	34.38
15	11	17	13	45	00	20.69	34.32
15	11	17	14	00	00	20.70	35.35
15	11	17	14	15	00	20.72	35.30
15	11	17	14	30	00	20.73	35.37
15	11	17	14	45	00	20.76	35.32
15	11	17	15	00	00	20.80	35.32
15	11	17	15	15	00	20.83	35.32
15	11	17	15	30	00	20.89	35.37
15	11	17	15	45	00	20.91	35.32
15	11	17	16	00	00	20.94	35.35
15	11	17	16	15	00	20.97	35.35
15	11	17	16	30	00	20.97	35.30
15	11	17	16	45	00	20.97	35.30
15	11	17	17	00	00	20.96	35.32
15	11	17	17	15	00	20.94	35.30
15	11	17	17	30	00	20.94	35.37
15	11	17	17	45	00	21.04	35.39
15	11	17	18	00	00	21.26	36.31
15	11	17	18	15	00	21.68	37.39
15	11	17	18	30	00	22.04	36.39
15	11	17	18	45	00	22.22	36.34
15	11	17	19	00	00	22.33	36.32
15	11	17	19	15	00	22.38	35.30
15	11	17	19	30	00	22.38	35.30
15	11	17	19	45	00	22.36	35.35
15	11	17	20	00	00	22.32	35.34
15	11	17	20	15	00	22.26	35.37
15	11	17	20	30	00	22.19	35.35
15	11	17	20	45	00	22.08	35.33
15	11	17	21	00	00	22.15	36.32
15	11	17	21	15	00	22.35	36.37
15	11	17	21	30	00	22.45	35.39
15	11	17	21	45	00	22.42	35.30
15	11	17	22	00	00	22.32	35.32
15	11	17	22	15	00	22.18	35.32
15	11	17	22	30	00	22.10	35.35
15	11	17	22	45	00	21.97	35.35
15	11	17	23	00	00	22.03	36.34
15	11	17	23	15	00	22.14	36.31
15	11	17	23	30	00	22.18	35.32
15	11	17	23	45	00	22.08	35.39
15	11	18	00	00	00	21.96	35.34
15	11	18	00	15	00	21.90	36.37
15	11	18	00	30	00	22.22	36.39
15	11	18	00	45	00	22.46	36.31
15	11	18	01	00	00	22.66	36.34
15	11	18	01	15	00	22.80	35.37
15	11	18	01	30	00	22.88	35.37
15	11	18	01	45	00	22.96	35.30
15	11	18	02	00	00	22.99	34.37
15	11	18	02	15	00	23.00	34.37
15	11	18	02	30	00	23.10	35.35
15	11	18	02	45	00	23.20	35.38
15	11	18	03	00	00	23.25	34.30
15	11	18	03	15	00	23.27	34.33
15	11	18	03	30	00	23.32	34.38
15	11	18	03	45	00	23.42	34.35
15	11	18	04	00	00	23.49	34.38
15	11	18	04	15	00	23.52	34.33
15	11	18	04	30	00	23.53	33.35
15	11	18	04	45	00	23.63	34.38
15	11	18	05	00	00	23.71	34.38
15	11	18	05	15	00	23.74	33.33
15	11	18	05	30	00	23.76	33.35
15	11	18	05	45	00	23.81	33.35
15	11	18	06	00	00	23.90	33.31
15	11	18	06	15	00	23.92	33.31
15	11	18	06	30	00	23.92	32.31
15	11	18	06	45	00	23.98	33.36
15	11	18	07	00	00	24.05	33.31
15	11	18	07	15	00	24.08	32.33
15	11	18	07	30	00	24.09	32.31
15	11	18	07	45	00	24.09	32.34
15	11	18	08	00	00	24.15	32.38
15	11	18	08	15	00	24.31	33.31
15	11	18	08	30	00	21.46	32.31
15	11	18	08	45	00	19.94	40.47
15	11	18	09	00	00	20.45	38.30
15	11	18	09	15	00	20.72	36.36
15	11	18	09	30	00	20.69	36.32
15	11	18	09	45	00	20.49	34.33
15	11	18	10	00	00	19.95	40.45
15	11	18	10	15	00	21.99	35.39
15	11	18	10	30	00	21.87	35.32
15	11	18	10	45	00	22.12	35.32
15	11	18	11	00	00	22.28	35.35
15	11	18	11	15	00	22.31	35.35
15	11	18	11	30	00	22.35	35.37
15	11	18	11	45	00	22.45	35.35
15	11	18	12	00	00	22.53	35.35
15	11	18	12	15	00	22.63	35.32
15	11	18	12	30	00	22.68	35.30
15	11	18	12	45	00	22.77	35.35
15	11	18	13	00	00	22.97	35.30
15	11	18	13	15	00	23.03	35.32
15	11	18	13	30	00	23.03	35.32
15	11	18	13	45	00	23.03	35.35
15	11	18	14	00	00	23.04	35.30
15	11	18	14	15	00	23.07	36.37
15	11	18	14	30	00	23.10	36.31
15	11	18	14	45	00	23.22	36.37
15	11	18	15	00	00	23.39	35.32
15	11	18	15	15	00	23.46	35.37
15	11	18	15	30	00	23.39	35.32
15	11	18	15	45	00	23.53	35.32
15	11	18	16	00	00	23.56	35.30
15	11	18	16	15	00	23.50	35.30
15	11	18	16	30	00	23.48	35.37
15	11	18	16	45	00	23.48	36.39
15	11	18	17	00	00	23.46	36.39
15	11	18	17	15	00	23.35	36.34
15	11	18	17	30	00	23.02	36.31
15	11	18	17	45	00	22.96	36.37
15	11	18	18	00	00	22.91	36.34
15	11	18	18	15	00	22.85	36.39
15	11	18	18	30	00	22.75	37.30
15	11	18	18	45	00	22.67	37.38
15	11	18	19	00	00	22.50	37.31
15	11	18	19	15	00	22.38	37.38
15	11	18	19	30	00	22.45	37.36
15	11	18	19	45	00	22.50	36.36
15	11	18	20	00	00	22.54	36.39
15	11	18	20	15	00	22.50	36.34
15	11	18	20	30	00	22.50	36.36
15	11	18	20	45	00	22.59	36.34
15	11	18	21	00	00	22.59	36.32
15	11	18	21	15	00	22.63	35.35
15	11	18	21	30	00	22.67	35.32
15	11	18	21	45	00	22.66	35.32
15	11	18	22	00	00	22.67	35.37
15	11	18	22	15	00	22.63	35.32
15	11	18	22	30	00	22.64	35.30
15	11	18	22	45	00	22.63	35.34
15	11	18	23	00	00	22.63	35.34
15	11	18	23	15	00	22.59	35.39
15	11	18	23	30	00	22.60	35.37
15	11	18	23	45	00	22.57	35.37
15	11	19	00	00	00	22.46	35.37
15	11	19	00	15	00	22.50	36.34
15	11	19	00	30	00	22.45	35.32
15	11	19	00	45	00	22.40	35.32
15	11	19	01	00	00	22.40	35.34
15	11	19	01	15	00	22.40	35.34
15	11	19	01	30	00	22.38	35.32
15	11	19	01	45	00	22.38	35.32
15	11	19	02	00	00	22.38	35.30
15	11	19	02	15	00	22.35	35.30
15	11	19	02	30	00	22.32	34.35
15	11	19	02	45	00	22.29	34.32
15	11	19	03	00	00	22.28	34.37
15	11	19	03	15	00	22.25	34.37
15	11	19	03	30	00	22.21	35.32
15	11	19	03	45	00	22.18	35.32
15	11	19	04	00	00	22.14	34.30
15	11	19	04	15	00	22.11	34.38
15	11	19	04	30	00	22.08	34.37
15	11	19	04	45	00	22.06	34.30
15	11	19	05	00	00	22.01	34.35
15	11	19	05	15	00	21.99	34.30
15	11	19	05	30	00	21.96	34.33
15	11	19	05	45	00	21.93	34.33
15	11	19	06	00	00	21.90	34.38
15	11	19	06	15	00	21.87	34.38
15	11	19	06	30	00	21.85	34.35
15	11	19	06	45	00	21.76	34.38
15	11	19	07	00	00	21.82	34.38
15	11	19	07	15	00	21.75	34.30
15	11	19	07	30	00	21.69	34.33
15	11	19	07	45	00	21.57	34.35
15	11	19	08	00	00	21.64	34.37
15	11	19	08	15	00	21.51	35.37
15	11	19	08	30	00	21.58	35.37
15	11	19	08	45	00	21.58	36.39
15	11	19	09	00	00	21.50	36.36
15	11	19	09	15	00	21.51	37.38
15	11	19	09	30	00	21.59	37.36
15	11	19	09	45	00	21.66	37.33
15	11	19	10	00	00	21.78	37.35
15	11	19	10	15	00	21.87	37.38
15	11	19	10	30	00	21.99	37.30
15	11	19	10	45	00	22.10	38.35
15	11	19	11	00	00	22.19	38.32
15	11	19	11	15	00	22.31	38.35
15	11	19	11	30	00	22.43	38.32
15	11	19	11	45	00	22.54	38.37
15	11	19	12	00	00	22.73	38.32
15	11	19	12	15	00	22.73	38.38
15	11	19	12	30	00	22.78	37.38
15	11	19	12	45	00	22.87	37.30
15	11	19	13	00	00	22.95	37.36
15	11	19	13	15	00	23.02	37.38
15	11	19	13	30	00	23.07	37.38
15	11	19	13	45	00	23.11	37.30
15	11	19	14	00	00	23.14	37.33
15	11	19	14	15	00	23.21	38.30
15	11	19	14	30	00	23.22	37.38
15	11	19	14	45	00	23.25	37.38
15	11	19	15	00	00	23.28	37.36
15	11	19	15	15	00	23.35	37.33
15	11	19	15	30	00	23.29	37.38
15	11	19	15	45	00	23.27	37.30
15	11	19	16	00	00	23.28	37.33
15	11	19	16	15	00	23.29	37.35
15	11	19	16	30	00	23.31	37.30
15	11	19	16	45	00	23.32	37.38
15	11	19	17	00	00	23.34	38.38
15	11	19	17	15	00	23.34	38.34
15	11	19	17	30	00	23.29	39.34
15	11	19	17	45	00	23.21	39.31
15	11	19	18	00	00	23.18	39.33
15	11	19	18	15	00	23.17	39.36
15	11	19	18	30	00	23.18	39.34
15	11	19	18	45	00	23.16	39.32
15	11	19	19	00	00	23.16	39.34
15	11	19	19	15	00	23.18	38.37
15	11	19	19	30	00	23.13	38.37
15	11	19	19	45	00	23.14	38.39
15	11	19	20	00	00	23.17	38.33
15	11	19	20	15	00	23.20	38.30
15	11	19	20	30	00	23.17	38.35
15	11	19	20	45	00	23.17	38.30
15	11	19	21	00	00	23.17	38.38
15	11	19	21	15	00	23.18	38.35
15	11	19	21	30	00	23.18	37.33
15	11	19	21	45	00	23.18	37.33
15	11	19	22	00	00	23.17	37.36
15	11	19	22	15	00	23.14	37.35
15	11	19	22	30	00	22.96	37.33
15	11	19	22	45	00	22.91	37.30
15	11	19	23	00	00	22.96	37.35
15	11	19	23	15	00	22.99	37.36
15	11	19	23	30	00	22.97	37.39
15	11	19	23	45	00	23.00	37.33
15	11	20	00	00	00	22.99	37.34
15	11	20	00	15	00	22.97	36.39
15	11	20	00	30	00	22.97	37.36
15	11	20	00	45	00	22.96	36.31
15	11	20	01	00	00	22.88	36.31
15	11	20	01	15	00	22.87	36.31
15	11	20	01	30	00	22.84	36.39
15	11	20	01	45	00	22.82	36.39
15	11	20	02	00	00	22.81	36.39
15	11	20	02	15	00	22.73	36.39
15	11	20	02	30	00	22.73	36.36
15	11	20	02	45	00	22.71	36.36
15	11	20	03	00	00	22.71	36.39
15	11	20	03	15	00	22.68	36.36
15	11	20	03	30	00	22.67	36.31
15	11	20	03	45	00	22.66	36.32
15	11	20	04	00	00	22.63	36.37
15	11	20	04	15	00	22.61	36.34
15	11	20	04	30	00	22.60	36.34
15	11	20	04	45	00	22.59	36.36
15	11	20	05	00	00	22.57	36.39
15	11	20	05	15	00	22.54	36.34
15	11	20	05	30	00	22.53	36.31
15	11	20	05	45	00	22.50	36.39
15	11	20	06	00	00	22.50	36.36
15	11	20	06	15	00	22.47	36.34
15	11	20	06	30	00	22.45	36.39
15	11	20	06	45	00	22.38	36.36
15	11	20	07	00	00	22.38	36.39
15	11	20	07	15	00	22.40	36.36
15	11	20	07	30	00	22.24	37.36
15	11	20	07	45	00	22.19	37.38
15	11	20	08	00	00	22.17	37.30
15	11	20	08	15	00	22.18	38.30
15	11	20	08	30	00	22.21	38.39
15	11	20	08	45	00	22.22	38.37
15	11	20	09	00	00	22.26	39.31
15	11	20	09	15	00	22.26	40.41
15	11	20	09	30	00	22.32	40.40
15	11	20	09	45	00	22.36	40.47
15	11	20	10	00	00	22.40	41.42
15	11	20	10	15	00	22.46	41.49
15	11	20	10	30	00	22.52	40.42
15	11	20	10	45	00	22.64	40.42
15	11	20	11	00	00	22.85	40.40
15	11	20	11	15	00	22.80	40.42
15	11	20	11	30	00	22.84	40.45
15	11	20	11	45	00	22.97	41.45
15	11	20	12	00	00	23.21	40.44
15	11	20	12	15	00	23.29	40.40
15	11	20	12	30	00	23.25	40.49
15	11	20	12	45	00	23.28	40.42
15	11	20	13	00	00	23.32	40.40
15	11	20	13	15	00	23.35	40.45
15	11	20	13	30	00	23.36	40.46
15	11	20	13	45	00	23.36	40.41
15	11	20	14	00	00	23.38	40.46
15	11	20	14	15	00	23.41	40.48
15	11	20	14	30	00	23.56	40.45
15	11	20	14	45	00	23.77	40.40
15	11	20	15	00	00	23.69	39.31
15	11	20	15	15	00	23.66	38.32
15	11	20	15	30	00	23.81	39.32
15	11	20	15	45	00	23.97	38.30
15	11	20	16	00	00	23.84	37.33
15	11	20	16	15	00	23.78	37.30
15	11	20	16	30	00	23.76	37.33
15	11	20	16	45	00	23.71	37.36
15	11	20	17	00	00	23.67	36.34
15	11	20	17	15	00	23.69	37.38
15	11	20	17	30	00	23.84	37.36
15	11	20	17	45	00	23.66	38.30
15	11	20	18	00	00	23.60	38.38
15	11	20	18	15	00	23.57	38.33
15	11	20	18	30	00	23.59	38.37
15	11	20	18	45	00	23.56	38.37
15	11	20	19	00	00	23.57	38.39
15	11	20	19	15	00	23.55	38.37
15	11	20	19	30	00	23.55	38.39
15	11	20	19	45	00	23.50	38.37
15	11	20	20	00	00	23.50	38.35
15	11	20	20	15	00	23.45	38.39
15	11	20	20	30	00	23.45	38.30
15	11	20	20	45	00	23.43	38.39
15	11	20	21	00	00	23.42	38.32
15	11	20	21	15	00	23.39	38.30
15	11	20	21	30	00	23.36	38.39
15	11	20	21	45	00	23.31	38.30
15	11	20	22	00	00	23.27	38.32
15	11	20	22	15	00	23.27	38.33
15	11	20	22	30	00	23.17	38.37
15	11	20	22	45	00	23.21	38.35
15	11	20	23	00	00	23.20	38.32
15	11	20	23	15	00	23.20	38.39
15	11	20	23	30	00	23.18	38.30
15	11	20	23	45	00	23.20	38.37
15	11	21	00	00	00	23.20	41.41
15	11	21	00	15	00	23.11	39.39
15	11	21	00	30	00	23.00	39.30
15	11	21	00	45	00	22.97	38.34
15	11	21	01	00	00	22.95	38.37
15	11	21	01	15	00	22.91	38.37
15	11	21	01	30	00	22.84	39.32
15	11	21	01	45	00	22.84	38.37
15	11	21	02	00	00	22.80	39.37
15	11	21	02	15	00	22.78	38.32
15	11	21	02	30	00	22.77	38.32
15	11	21	02	45	00	22.74	38.32
15	11	21	03	00	00	22.73	38.39
15	11	21	03	15	00	22.68	38.32
15	11	21	03	30	00	22.66	38.37
15	11	21	03	45	00	22.64	38.37
15	11	21	04	00	00	22.63	38.30
15	11	21	04	15	00	22.60	38.32
15	11	21	04	30	00	22.57	38.39
15	11	21	04	45	00	22.54	38.34
15	11	21	05	00	00	22.53	38.37
15	11	21	05	15	00	22.50	39.32
15	11	21	05	30	00	22.47	39.32
15	11	21	05	45	00	22.45	39.32
15	11	21	06	00	00	22.42	39.39
15	11	21	06	15	00	22.42	39.39
15	11	21	06	30	00	22.38	38.32
15	11	21	06	45	00	22.36	38.35
15	11	21	07	00	00	22.35	38.35
15	11	21	07	15	00	22.36	38.39
15	11	21	07	30	00	22.32	38.37
15	11	21	07	45	00	22.31	38.32
15	11	21	08	00	00	22.33	38.34
15	11	21	08	15	00	22.31	39.39
15	11	21	08	30	00	22.28	39.31
15	11	21	08	45	00	22.35	39.33
15	11	21	09	00	00	22.31	40.48
15	11	21	09	15	00	22.33	40.47
15	11	21	09	30	00	22.39	40.42
15	11	21	09	45	00	22.43	41.47
15	11	21	10	00	00	22.47	40.42
15	11	21	10	15	00	22.49	41.49
15	11	21	10	30	00	22.54	41.46
15	11	21	10	45	00	22.57	42.45
15	11	21	11	00	00	22.60	41.43
15	11	21	11	15	00	22.64	41.46
15	11	21	11	30	00	22.67	41.44
15	11	21	11	45	00	22.71	41.46
15	11	21	12	00	00	22.75	41.43
15	11	21	12	15	00	22.81	41.46
15	11	21	12	30	00	22.85	41.41
15	11	21	12	45	00	22.87	40.40
15	11	21	13	00	00	22.89	39.38
15	11	21	13	15	00	22.95	39.34
15	11	21	13	30	00	22.97	38.37
15	11	21	13	45	00	23.02	37.31
15	11	21	14	00	00	23.02	36.31
15	11	21	14	15	00	23.02	35.32
15	11	21	14	30	00	23.04	34.33
15	11	21	14	45	00	23.04	33.36
15	11	21	15	00	00	23.04	33.35
15	11	21	15	15	00	23.04	32.31
15	11	21	15	30	00	23.03	32.36
15	11	21	15	45	00	23.03	32.34
15	11	21	16	00	00	23.03	32.36
15	11	21	16	15	00	23.04	31.36
15	11	21	16	30	00	23.04	31.31
15	11	21	16	45	00	23.02	31.34
15	11	21	17	00	00	23.00	31.36
15	11	21	17	15	00	23.00	31.38
15	11	21	17	30	00	23.02	31.31
15	11	21	17	45	00	23.02	31.39
15	11	21	18	00	00	22.99	31.33
15	11	21	18	15	00	22.95	31.31
15	11	21	18	30	00	22.89	31.36
15	11	21	18	45	00	22.89	31.36
15	11	21	19	00	00	22.91	32.39
15	11	21	19	15	00	22.91	32.36
15	11	21	19	30	00	22.93	32.36
15	11	21	19	45	00	22.91	32.36
15	11	21	20	00	00	22.89	32.38
15	11	21	20	15	00	22.89	32.31
15	11	21	20	30	00	22.85	32.33
15	11	21	20	45	00	22.84	32.36
15	11	21	21	00	00	22.84	32.33
15	11	21	21	15	00	22.81	31.39
15	11	21	21	30	00	22.80	31.34
15	11	21	21	45	00	22.77	31.36
15	11	21	22	00	00	22.71	31.39
15	11	21	22	15	00	22.71	31.38
15	11	21	22	30	00	22.68	31.39
15	11	21	22	45	00	22.66	31.39
15	11	21	23	00	00	22.63	31.39
15	11	21	23	15	00	22.61	31.36
15	11	21	23	30	00	22.61	31.34
15	11	21	23	45	00	22.52	31.39
15	11	22	00	00	00	22.52	31.34
15	11	22	00	15	00	22.52	31.39
15	11	22	00	30	00	22.50	31.34
15	11	22	00	45	00	22.49	31.31
15	11	22	01	00	00	22.45	31.36
15	11	22	01	15	00	22.45	31.31
15	11	22	01	30	00	22.43	30.39
15	11	22	01	45	00	22.42	30.34
15	11	22	02	00	00	22.42	30.36
15	11	22	02	15	00	22.38	30.36
15	11	22	02	30	00	22.35	31.31
15	11	22	02	45	00	22.35	31.34
15	11	22	03	00	00	22.32	31.31
15	11	22	03	15	00	22.29	31.39
15	11	22	03	30	00	22.26	31.36
15	11	22	03	45	00	22.22	31.31
15	11	22	04	00	00	22.22	31.36
15	11	22	04	15	00	22.19	30.31
15	11	22	04	30	00	22.17	30.34
15	11	22	04	45	00	22.15	30.31
15	11	22	05	00	00	22.12	30.39
15	11	22	05	15	00	22.10	30.31
15	11	22	05	30	00	22.08	30.32
15	11	22	05	45	00	22.04	30.39
15	11	22	06	00	00	22.03	31.34
15	11	22	06	15	00	22.01	31.33
15	11	22	06	30	00	22.01	31.31
15	11	22	06	45	00	22.00	31.39
15	11	22	07	00	00	22.00	31.31
15	11	22	07	15	00	21.97	31.36
15	11	22	07	30	00	22.03	31.31
15	11	22	07	45	00	22.06	32.36
15	11	22	08	00	00	22.08	32.38
15	11	22	08	15	00	22.10	32.39
15	11	22	08	30	00	22.11	32.36
15	11	22	08	45	00	22.07	33.31
15	11	22	09	00	00	22.11	33.33
15	11	22	09	15	00	22.14	33.30
15	11	22	09	30	00	22.19	33.36
15	11	22	09	45	00	22.22	34.30
15	11	22	10	00	00	22.24	34.35
15	11	22	10	15	00	22.29	34.30
15	11	22	10	30	00	22.33	34.38
15	11	22	10	45	00	22.39	34.38
15	11	22	11	00	00	22.45	34.32
15	11	22	11	15	00	22.50	34.35
15	11	22	11	30	00	22.54	34.32
15	11	22	11	45	00	22.60	34.35
15	11	22	12	00	00	22.64	34.35
15	11	22	12	15	00	22.68	34.37
15	11	22	12	30	00	22.74	34.35
15	11	22	12	45	00	22.81	34.35
15	11	22	13	00	00	22.84	34.37
15	11	22	13	15	00	22.87	35.32
15	11	22	13	30	00	22.88	35.30
15	11	22	13	45	00	22.89	35.32
15	11	22	14	00	00	22.93	36.32
15	11	22	14	15	00	22.95	36.31
15	11	22	14	30	00	22.96	36.39
15	11	22	14	45	00	22.97	37.36
15	11	22	15	00	00	22.99	37.33
15	11	22	15	15	00	23.00	37.35
15	11	22	15	30	00	23.00	38.37
15	11	22	15	45	00	23.00	38.37
15	11	22	16	00	00	23.00	38.39
15	11	22	16	15	00	23.02	39.34
15	11	22	16	30	00	23.00	39.31
15	11	22	16	45	00	23.00	39.36
15	11	22	17	00	00	22.99	39.31
15	11	22	17	15	00	22.97	39.38
15	11	22	17	30	00	22.96	39.38
15	11	22	17	45	00	22.85	40.44
15	11	22	18	00	00	22.88	39.30
15	11	22	18	15	00	22.88	39.30
15	11	22	18	30	00	22.89	39.36
15	11	22	18	45	00	22.91	39.36
15	11	22	19	00	00	22.89	39.30
15	11	22	19	15	00	22.84	40.48
15	11	22	19	30	00	22.78	40.41
15	11	22	19	45	00	22.77	40.43
15	11	22	20	00	00	22.77	39.36
15	11	22	20	15	00	22.80	39.31
15	11	22	20	30	00	22.78	39.34
15	11	22	20	45	00	22.80	39.37
15	11	22	21	00	00	22.78	39.31
15	11	22	21	15	00	22.75	38.32
15	11	22	21	30	00	22.75	38.35
15	11	22	21	45	00	22.66	38.37
15	11	22	22	00	00	22.67	37.35
15	11	22	22	15	00	22.67	37.31
15	11	22	22	30	00	22.67	37.33
15	11	22	22	45	00	22.66	36.31
15	11	22	23	00	00	22.64	36.37
15	11	22	23	15	00	22.63	36.39
15	11	22	23	30	00	22.60	35.34
15	11	22	23	45	00	22.60	35.37
15	11	23	00	00	00	22.57	35.37
15	11	23	00	15	00	22.54	35.32
15	11	23	00	30	00	22.53	35.30
15	11	23	00	45	00	22.50	35.35
15	11	23	01	00	00	22.49	34.32
15	11	23	01	15	00	22.47	34.35
15	11	23	01	30	00	22.45	34.35
15	11	23	01	45	00	22.43	34.30
15	11	23	02	00	00	22.40	34.35
15	11	23	02	15	00	22.39	34.38
15	11	23	02	30	00	22.38	34.38
15	11	23	02	45	00	22.35	34.30
15	11	23	03	00	00	22.33	34.30
15	11	23	03	15	00	22.31	34.30
15	11	23	03	30	00	22.29	34.30
15	11	23	03	45	00	22.28	34.35
15	11	23	04	00	00	22.25	34.30
15	11	23	04	15	00	22.22	34.38
15	11	23	04	30	00	22.22	34.33
15	11	23	04	45	00	22.21	34.30
15	11	23	05	00	00	22.21	34.38
15	11	23	05	15	00	22.18	34.33
15	11	23	05	30	00	22.15	34.38
15	11	23	05	45	00	22.14	34.38
15	11	23	06	00	00	22.12	34.35
15	11	23	06	15	00	22.11	34.37
15	11	23	06	30	00	22.03	35.30
15	11	23	06	45	00	22.01	35.35
15	11	23	07	00	00	21.97	35.30
15	11	23	07	15	00	21.82	35.30
15	11	23	07	30	00	21.79	35.32
15	11	23	07	45	00	21.73	35.37
15	11	23	08	00	00	21.73	35.32
15	11	23	08	15	00	21.59	35.32
15	11	23	08	30	00	21.62	35.32
15	11	23	08	45	00	21.61	36.32
15	11	23	09	00	00	21.62	36.34
15	11	23	09	15	00	21.71	36.34
15	11	23	09	30	00	21.76	36.34
15	11	23	09	45	00	21.83	36.34
15	11	23	10	00	00	21.90	36.39
15	11	23	10	15	00	21.94	36.31
15	11	23	10	30	00	22.04	36.36
15	11	23	10	45	00	22.12	36.39
15	11	23	11	00	00	22.24	37.34
15	11	23	11	15	00	22.33	37.33
15	11	23	11	30	00	22.45	37.31
15	11	23	11	45	00	22.52	37.35
15	11	23	12	00	00	22.61	38.35
15	11	23	12	15	00	22.68	38.35
15	11	23	12	30	00	22.77	38.37
15	11	23	12	45	00	22.81	37.38
15	11	23	13	00	00	22.88	37.33
15	11	23	13	15	00	22.97	38.32
15	11	23	13	30	00	23.00	38.30
15	11	23	13	45	00	23.03	37.38
15	11	23	14	00	00	23.09	38.35
15	11	23	14	15	00	23.10	39.37
15	11	23	14	30	00	23.13	39.34
15	11	23	14	45	00	23.18	39.36
15	11	23	15	00	00	23.18	39.33
15	11	23	15	15	00	23.18	39.30
15	11	23	15	30	00	23.18	40.48
15	11	23	15	45	00	23.17	40.45
15	11	23	16	00	00	23.18	40.43
15	11	23	16	15	00	23.10	41.48
15	11	23	16	30	00	23.06	41.48
15	11	23	16	45	00	22.93	42.48
15	11	23	17	00	00	22.93	42.48
15	11	23	17	15	00	22.78	42.40
15	11	23	17	30	00	22.61	42.45
15	11	23	17	45	00	22.43	42.47
15	11	23	18	00	00	22.32	42.44
15	11	23	18	15	00	22.35	42.47
15	11	23	18	30	00	22.36	42.40
15	11	23	18	45	00	22.42	41.44
15	11	23	19	00	00	22.42	41.46
15	11	23	19	15	00	22.43	40.40
15	11	23	19	30	00	22.40	40.45
15	11	23	19	45	00	22.39	40.41
15	11	23	20	00	00	22.47	39.38
15	11	23	20	15	00	22.47	39.36
15	11	23	20	30	00	22.52	39.33
15	11	23	20	45	00	22.57	39.34
15	11	23	21	00	00	22.57	39.32
15	11	23	21	15	00	22.52	39.32
15	11	23	21	30	00	22.56	39.32
15	11	23	21	45	00	22.46	39.39
15	11	23	22	00	00	22.52	39.32
15	11	23	22	15	00	22.54	38.34
15	11	23	22	30	00	22.54	38.37
15	11	23	22	45	00	22.56	38.33
15	11	23	23	00	00	22.46	38.30
15	11	23	23	15	00	22.50	38.35
15	11	23	23	30	00	22.49	38.32
15	11	23	23	45	00	22.49	38.35
15	11	24	00	00	00	22.50	38.32
15	11	24	00	15	00	22.50	38.35
15	11	24	00	30	00	22.49	38.35
15	11	24	00	45	00	22.46	38.37
15	11	24	01	00	00	22.47	38.33
15	11	24	01	15	00	22.45	38.35
15	11	24	01	30	00	22.43	37.30
15	11	24	01	45	00	22.36	37.33
15	11	24	02	00	00	22.38	37.36
15	11	24	02	15	00	22.39	36.39
15	11	24	02	30	00	22.39	36.36
15	11	24	02	45	00	22.39	36.31
15	11	24	03	00	00	22.39	36.37
15	11	24	03	15	00	22.38	36.34
15	11	24	03	30	00	22.36	36.36
15	11	24	03	45	00	22.36	37.33
15	11	24	04	00	00	22.29	38.30
15	11	24	04	15	00	22.31	38.30
15	11	24	04	30	00	22.31	38.34
15	11	24	04	45	00	22.31	39.39
15	11	24	05	00	00	22.32	39.31
15	11	24	05	15	00	22.31	39.39
15	11	24	05	30	00	22.29	39.34
15	11	24	05	45	00	22.29	39.37
15	11	24	06	00	00	22.29	39.34
15	11	24	06	15	00	22.28	39.39
15	11	24	06	30	00	22.26	38.32
15	11	24	06	45	00	22.18	39.34
15	11	24	07	00	00	22.17	39.31
15	11	24	07	15	00	22.12	40.41
15	11	24	07	30	00	21.99	40.44
15	11	24	07	45	00	21.85	41.44
15	11	24	08	00	00	21.69	41.48
15	11	24	08	15	00	21.57	42.47
15	11	24	08	30	00	21.39	42.47
15	11	24	08	45	00	21.35	42.47
15	11	24	09	00	00	21.19	43.48
15	11	24	09	15	00	21.07	44.46
15	11	24	09	30	00	21.09	44.42
15	11	24	09	45	00	21.04	44.43
15	11	24	10	00	00	20.93	46.46
15	11	24	10	15	00	21.00	46.45
15	11	24	10	30	00	21.05	46.46
15	11	24	10	45	00	21.15	46.48
15	11	24	11	00	00	21.09	47.45
15	11	24	11	15	00	21.11	48.47
15	11	24	11	30	00	21.07	48.48
15	11	24	11	45	00	21.30	47.40
15	11	24	12	00	00	21.72	44.44
15	11	24	12	15	00	21.97	42.47
15	11	24	12	30	00	21.90	41.46
15	11	24	12	45	00	21.86	40.47
15	11	24	13	00	00	21.93	38.37
15	11	24	13	15	00	21.93	36.39
15	11	24	13	30	00	21.94	34.32
15	11	24	13	45	00	21.93	33.33
15	11	24	14	00	00	21.93	32.31
15	11	24	14	15	00	21.96	32.31
15	11	24	14	30	00	22.04	32.36
15	11	24	14	45	00	22.21	32.36
15	11	24	15	00	00	22.35	31.36
15	11	24	15	15	00	22.38	28.24
15	11	24	15	30	00	22.57	30.34
15	11	24	15	45	00	22.57	28.24
15	11	24	16	00	00	22.63	29.24
15	11	24	16	15	00	22.63	26.23
15	11	24	16	30	00	22.43	27.26
15	11	24	16	45	00	22.26	27.21
15	11	24	17	00	00	22.12	26.28
15	11	24	17	15	00	21.90	27.23
15	11	24	17	30	00	21.61	28.23
15	11	24	17	45	00	21.59	28.21
15	11	24	18	00	00	21.55	28.29
15	11	24	18	15	00	21.49	28.23
15	11	24	18	30	00	21.50	28.29
15	11	24	18	45	00	21.59	28.24
15	11	24	19	00	00	21.68	29.26
15	11	24	19	15	00	21.73	29.26
15	11	24	19	30	00	21.75	28.26
15	11	24	19	45	00	21.76	29.26
15	11	24	20	00	00	21.83	29.29
15	11	24	20	15	00	21.79	28.21
15	11	24	20	30	00	21.80	29.26
15	11	24	20	45	00	21.85	28.21
15	11	24	21	00	00	21.86	28.21
15	11	24	21	15	00	21.68	28.29
15	11	24	21	30	00	21.76	28.26
15	11	24	21	45	00	21.78	28.24
15	11	24	22	00	00	21.82	28.29
15	11	24	22	15	00	21.69	28.21
15	11	24	22	30	00	21.73	29.24
15	11	24	22	45	00	21.76	29.24
15	11	24	23	00	00	21.78	29.26
15	11	24	23	15	00	21.83	29.21
15	11	24	23	30	00	21.83	29.21
15	11	24	23	45	00	21.85	29.21
15	11	25	00	00	00	21.86	29.21
15	11	25	00	15	00	21.79	29.28
15	11	25	00	30	00	21.79	29.26
15	11	25	00	45	00	21.71	29.22
15	11	25	01	00	00	21.72	29.26
15	11	25	01	15	00	21.71	29.24
15	11	25	01	30	00	21.62	29.26
15	11	25	01	45	00	21.61	29.21
15	11	25	02	00	00	21.61	28.26
15	11	25	02	15	00	21.58	28.21
15	11	25	02	30	00	21.55	28.29
15	11	25	02	45	00	21.50	28.26
15	11	25	03	00	00	21.47	28.21
15	11	25	03	15	00	21.43	28.21
15	11	25	03	30	00	21.40	28.29
15	11	25	03	45	00	21.37	28.26
15	11	25	04	00	00	21.35	28.24
15	11	25	04	15	00	21.30	28.29
15	11	25	04	30	00	21.28	28.26
15	11	25	04	45	00	21.25	28.26
15	11	25	05	00	00	21.22	28.24
15	11	25	05	15	00	21.21	28.26
15	11	25	05	30	00	21.19	28.26
15	11	25	05	45	00	21.16	28.26
15	11	25	06	00	00	21.15	28.28
15	11	25	06	15	00	21.14	28.24
15	11	25	06	30	00	21.02	28.21
15	11	25	06	45	00	21.05	28.28
15	11	25	07	00	00	21.12	27.28
15	11	25	07	15	00	21.04	27.26
15	11	25	07	30	00	21.04	27.28
15	11	25	07	45	00	20.94	27.28
15	11	25	08	00	00	21.02	27.26
15	11	25	08	15	00	20.73	27.26
15	11	25	08	30	00	20.68	26.21
15	11	25	08	45	00	20.73	27.23
15	11	25	09	00	00	20.59	27.26
15	11	25	09	15	00	20.63	27.24
15	11	25	09	30	00	21.04	28.28
15	11	25	09	45	00	21.33	28.26
15	11	25	10	00	00	21.04	27.28
15	11	25	10	15	00	21.00	27.21
15	11	25	10	30	00	21.04	26.26
15	11	25	10	45	00	21.05	26.21
15	11	25	11	00	00	21.40	28.21
15	11	25	11	15	00	21.54	26.25
15	11	25	11	30	00	21.46	26.23
15	11	25	11	45	00	21.73	27.23
15	11	25	12	00	00	21.94	26.25
15	11	25	12	15	00	21.83	25.23
15	11	25	12	30	00	21.86	26.21
15	11	25	12	45	00	21.89	25.25
15	11	25	13	00	00	21.90	25.22
15	11	25	13	15	00	21.92	25.20
15	11	25	13	30	00	21.94	25.22
15	11	25	13	45	00	22.19	26.20
15	11	25	14	00	00	22.21	26.28
15	11	25	14	15	00	22.10	25.20
15	11	25	14	30	00	22.12	26.20
15	11	25	14	45	00	22.12	26.28
15	11	25	15	00	00	22.08	25.25
15	11	25	15	15	00	22.12	24.22
15	11	25	15	30	00	22.17	24.22
15	11	25	15	45	00	22.19	23.24
15	11	25	16	00	00	22.15	22.21
15	11	25	16	15	00	22.26	24.29
15	11	25	16	30	00	22.38	23.23
15	11	25	16	45	00	22.25	25.23
15	11	25	17	00	00	22.14	26.23
15	11	25	17	15	00	22.04	27.28
15	11	25	17	30	00	21.90	27.21
15	11	25	17	45	00	21.76	27.26
15	11	25	18	00	00	21.78	28.26
15	11	25	18	15	00	21.78	28.21
15	11	25	18	30	00	21.79	32.34
15	11	25	18	45	00	21.80	28.21
15	11	25	19	00	00	21.80	28.21
15	11	25	19	15	00	21.71	31.36
15	11	25	19	30	00	21.54	36.39
15	11	25	19	45	00	21.54	30.36
15	11	25	20	00	00	21.59	28.29
15	11	25	20	15	00	21.61	28.28
15	11	25	20	30	00	21.62	28.23
15	11	25	20	45	00	21.61	28.24
15	11	25	21	00	00	21.59	27.26
15	11	25	21	15	00	21.59	27.23
15	11	25	21	30	00	21.36	27.23
15	11	25	21	45	00	21.46	26.28
15	11	25	22	00	00	21.47	26.23
15	11	25	22	15	00	21.49	26.25
15	11	25	22	30	00	21.49	25.25
15	11	25	22	45	00	21.49	25.23
15	11	25	23	00	00	21.49	25.28
15	11	25	23	15	00	21.49	25.20
15	11	25	23	30	00	21.40	24.22
15	11	25	23	45	00	21.36	24.29
15	11	26	00	00	00	21.26	24.22
15	11	26	00	15	00	21.30	24.27
15	11	26	00	30	00	21.30	24.27
15	11	26	00	45	00	21.29	24.27
15	11	26	01	00	00	21.29	24.22
15	11	26	01	15	00	21.26	24.22
15	11	26	01	30	00	21.23	24.29
15	11	26	01	45	00	21.22	24.27
15	11	26	02	00	00	21.19	24.20
15	11	26	02	15	00	21.18	24.29
15	11	26	02	30	00	21.15	24.22
15	11	26	02	45	00	21.14	24.25
15	11	26	03	00	00	21.09	24.22
15	11	26	03	15	00	21.05	24.24
15	11	26	03	30	00	21.02	24.29
15	11	26	03	45	00	21.00	24.22
15	11	26	04	00	00	20.97	23.29
15	11	26	04	15	00	20.96	23.29
15	11	26	04	30	00	20.94	23.24
15	11	26	04	45	00	20.94	23.24
15	11	26	05	00	00	20.91	23.26
15	11	26	05	15	00	20.90	23.29
15	11	26	05	30	00	20.86	23.26
15	11	26	05	45	00	20.86	22.23
15	11	26	06	00	00	20.84	22.23
15	11	26	06	15	00	20.80	22.28
15	11	26	06	30	00	20.75	22.20
15	11	26	06	45	00	20.77	22.22
15	11	26	07	00	00	20.79	21.20
15	11	26	07	15	00	20.87	21.27
15	11	26	07	30	00	20.93	21.29
15	11	26	07	45	00	20.93	20.29
15	11	26	08	00	00	20.87	20.28
15	11	26	08	15	00	20.90	20.26
15	11	26	08	30	00	20.93	20.28
15	11	26	08	45	00	20.96	20.20
15	11	26	09	00	00	21.00	19.18
15	11	26	09	15	00	20.97	19.17
15	11	26	09	30	00	21.01	20.23
15	11	26	09	45	00	21.08	20.23
15	11	26	10	00	00	21.08	19.17
15	11	26	10	15	00	21.09	19.10
15	11	26	10	30	00	21.12	20.20
15	11	26	10	45	00	21.16	19.15
15	11	26	11	00	00	21.23	19.15
15	11	26	11	15	00	21.30	19.10
15	11	26	11	30	00	21.36	19.13
15	11	26	11	45	00	21.37	19.13
15	11	26	12	00	00	21.46	19.10
15	11	26	12	15	00	21.54	19.18
15	11	26	12	30	00	21.61	19.15
15	11	26	12	45	00	21.66	19.15
15	11	26	13	00	00	21.76	19.14
15	11	26	13	15	00	21.83	19.14
15	11	26	13	30	00	21.90	19.19
15	11	26	13	45	00	21.94	19.14
15	11	26	14	00	00	22.00	18.19
15	11	26	14	15	00	22.04	18.11
15	11	26	14	30	00	22.06	19.12
15	11	26	14	45	00	22.07	18.17
15	11	26	15	00	00	22.10	18.11
15	11	26	15	15	00	22.14	18.17
15	11	26	15	30	00	22.15	18.17
15	11	26	15	45	00	22.18	19.14
15	11	26	16	00	00	22.22	18.11
15	11	26	16	15	00	22.21	18.11
15	11	26	16	30	00	22.19	19.14
15	11	26	16	45	00	22.19	18.16
15	11	26	17	00	00	22.19	18.11
15	11	26	17	15	00	22.14	18.11
15	11	26	17	30	00	22.06	18.16
15	11	26	17	45	00	22.04	18.18
15	11	26	18	00	00	22.01	18.11
15	11	26	18	15	00	21.99	18.11
15	11	26	18	30	00	21.94	18.18
15	11	26	18	45	00	21.82	18.11
15	11	26	19	00	00	21.83	18.11
15	11	26	19	15	00	21.80	18.19
15	11	26	19	30	00	21.76	19.14
15	11	26	19	45	00	21.68	19.16
15	11	26	20	00	00	21.65	19.12
15	11	26	20	15	00	21.58	19.16
15	11	26	20	30	00	21.58	19.19
15	11	26	20	45	00	21.57	19.12
15	11	26	21	00	00	21.54	19.19
15	11	26	21	15	00	21.51	19.14
15	11	26	21	30	00	21.47	19.17
15	11	26	21	45	00	21.44	19.12
15	11	26	22	00	00	21.37	19.12
15	11	26	22	15	00	21.37	19.19
15	11	26	22	30	00	21.35	19.19
15	11	26	22	45	00	21.30	19.17
15	11	26	23	00	00	21.23	18.19
15	11	26	23	15	00	21.22	19.14
15	11	26	23	30	00	21.21	18.19
15	11	26	23	45	00	21.19	18.14
15	11	27	00	00	00	21.18	18.19
15	11	27	00	15	00	21.16	18.11
15	11	27	00	30	00	21.14	18.11
15	11	27	00	45	00	21.12	18.17
15	11	27	01	00	00	21.09	18.11
15	11	27	01	15	00	21.08	18.16
15	11	27	01	30	00	21.05	18.11
15	11	27	01	45	00	21.02	18.19
15	11	27	02	00	00	21.02	18.19
15	11	27	02	15	00	21.01	18.11
15	11	27	02	30	00	20.98	18.18
15	11	27	02	45	00	20.98	18.18
15	11	27	03	00	00	20.96	18.11
15	11	27	03	15	00	20.97	18.13
15	11	27	03	30	00	20.94	17.18
15	11	27	03	45	00	20.91	17.18
15	11	27	04	00	00	20.90	17.17
15	11	27	04	15	00	20.87	17.13
15	11	27	04	30	00	20.86	17.17
15	11	27	04	45	00	20.84	17.15
15	11	27	05	00	00	20.80	17.14
15	11	27	05	15	00	20.77	17.12
15	11	27	05	30	00	20.75	17.14
15	11	27	05	45	00	20.75	17.14
15	11	27	06	00	00	20.73	17.14
15	11	27	06	15	00	20.73	17.14
15	11	27	06	30	00	20.70	16.16
15	11	27	06	45	00	20.69	17.14
15	11	27	07	00	00	20.77	17.11
15	11	27	07	15	00	20.84	17.19
15	11	27	07	30	00	20.91	16.16
15	11	27	07	45	00	20.94	16.14
15	11	27	08	00	00	21.00	16.16
15	11	27	08	15	00	21.02	16.19
15	11	27	08	30	00	21.08	16.18
15	11	27	08	45	00	21.11	16.16
15	11	27	09	00	00	21.16	16.11
15	11	27	09	15	00	21.14	16.18
15	11	27	09	30	00	21.19	16.13
15	11	27	09	45	00	21.23	16.11
15	11	27	10	00	00	21.29	16.11
15	11	27	10	15	00	21.32	16.11
15	11	27	10	30	00	21.37	16.13
15	11	27	10	45	00	21.40	16.13
15	11	27	11	00	00	21.44	16.13
15	11	27	11	15	00	21.47	16.10
15	11	27	11	30	00	21.51	16.13
15	11	27	11	45	00	21.57	16.18
15	11	27	12	00	00	21.64	16.13
15	11	27	12	15	00	21.71	16.10
15	11	27	12	30	00	21.75	16.15
15	11	27	12	45	00	21.82	16.15
15	11	27	13	00	00	21.86	16.12
15	11	27	13	15	00	21.92	15.10
15	11	27	13	30	00	22.00	15.15
15	11	27	13	45	00	22.01	15.14
15	11	27	14	00	00	22.06	15.14
15	11	27	14	15	00	22.08	15.14
15	11	27	14	30	00	22.11	15.11
15	11	27	14	45	00	22.12	15.14
15	11	27	15	00	00	22.28	16.13
15	11	27	15	15	00	22.36	15.19
15	11	27	15	30	00	22.33	15.16
15	11	27	15	45	00	22.33	15.11
15	11	27	16	00	00	22.35	15.11
15	11	27	16	15	00	22.35	15.14
15	11	27	16	30	00	22.35	15.11
15	11	27	16	45	00	22.35	15.16
15	11	27	17	00	00	22.26	15.16
15	11	27	17	15	00	22.24	15.12
15	11	27	17	30	00	22.19	15.12
15	11	27	17	45	00	22.19	15.12
15	11	27	18	00	00	22.18	15.14
15	11	27	18	15	00	22.14	15.12
15	11	27	18	30	00	22.14	15.16
15	11	27	18	45	00	22.08	15.13
15	11	27	19	00	00	22.01	15.11
15	11	27	19	15	00	22.00	15.16
15	11	27	19	30	00	21.97	15.14
15	11	27	19	45	00	21.86	15.19
15	11	27	20	00	00	21.85	15.17
15	11	27	20	15	00	21.82	15.17
15	11	27	20	30	00	21.80	16.10
15	11	27	20	45	00	21.76	16.13
15	11	27	21	00	00	21.68	16.18
15	11	27	21	15	00	21.65	16.13
15	11	27	21	30	00	21.65	16.18
15	11	27	21	45	00	21.62	16.18
15	11	27	22	00	00	21.54	16.18
15	11	27	22	15	00	21.49	16.18
15	11	27	22	30	00	21.47	16.13
15	11	27	22	45	00	21.44	16.10
15	11	27	23	00	00	21.32	16.13
15	11	27	23	15	00	21.32	16.13
15	11	27	23	30	00	21.32	16.15
15	11	27	23	45	00	21.28	16.13
15	11	28	00	00	00	21.23	16.10
15	11	28	00	15	00	21.22	16.12
15	11	28	00	30	00	21.23	15.17
15	11	28	00	45	00	21.22	15.10
15	11	28	01	00	00	21.19	15.12
15	11	28	01	15	00	21.16	15.16
15	11	28	01	30	00	21.14	15.12
15	11	28	01	45	00	21.12	15.19
15	11	28	02	00	00	21.11	15.14
15	11	28	02	15	00	21.08	15.14
15	11	28	02	30	00	21.04	15.12
15	11	28	02	45	00	21.05	15.19
15	11	28	03	00	00	21.04	15.14
15	11	28	03	15	00	21.01	15.12
15	11	28	03	30	00	21.01	15.17
15	11	28	03	45	00	21.00	15.19
15	11	28	04	00	00	20.98	16.12
15	11	28	04	15	00	20.97	16.17
15	11	28	04	30	00	20.97	16.10
15	11	28	04	45	00	20.93	16.15
15	11	28	05	00	00	20.90	16.15
15	11	28	05	15	00	20.90	16.10
15	11	28	05	30	00	20.86	16.15
15	11	28	05	45	00	20.83	15.17
15	11	28	06	00	00	20.82	15.17
15	11	28	06	15	00	20.80	15.15
15	11	28	06	30	00	20.79	15.15
15	11	28	06	45	00	20.79	15.17
15	11	28	07	00	00	20.84	15.19
15	11	28	07	15	00	20.90	15.14
15	11	28	07	30	00	20.93	15.16
15	11	28	07	45	00	20.97	15.14
15	11	28	08	00	00	20.97	15.14
15	11	28	08	15	00	20.98	15.16
15	11	28	08	30	00	20.97	15.16
15	11	28	08	45	00	21.01	15.19
15	11	28	09	00	00	21.05	15.14
15	11	28	09	15	00	21.04	15.19
15	11	28	09	30	00	21.09	15.14
15	11	28	09	45	00	21.12	15.14
15	11	28	10	00	00	21.18	15.14
15	11	28	10	15	00	21.18	15.18
15	11	28	10	30	00	21.18	15.16
15	11	28	10	45	00	21.23	15.17
15	11	28	11	00	00	21.30	15.17
15	11	28	11	15	00	21.39	15.14
15	11	28	11	30	00	21.46	15.12
15	11	28	11	45	00	21.49	15.17
15	11	28	12	00	00	21.57	15.14
15	11	28	12	15	00	21.61	15.19
15	11	28	12	30	00	21.68	15.11
15	11	28	12	45	00	21.75	15.17
15	11	28	13	00	00	21.82	15.19
15	11	28	13	15	00	21.83	15.16
15	11	28	13	30	00	21.89	15.14
15	11	28	13	45	00	21.93	15.11
15	11	28	14	00	00	21.99	15.11
15	11	28	14	15	00	22.03	15.11
15	11	28	14	30	00	22.03	15.16
15	11	28	14	45	00	22.04	15.15
15	11	28	15	00	00	22.06	14.18
15	11	28	15	15	00	22.10	14.15
15	11	28	15	30	00	22.12	14.15
15	11	28	15	45	00	22.14	14.12
15	11	28	16	00	00	22.17	14.18
15	11	28	16	15	00	22.17	14.12
15	11	28	16	30	00	22.17	14.18
15	11	28	16	45	00	22.17	14.17
15	11	28	17	00	00	22.15	14.18
15	11	28	17	15	00	22.01	15.16
15	11	28	17	30	00	21.97	15.15
15	11	28	17	45	00	21.96	14.18
15	11	28	18	00	00	21.85	14.13
15	11	28	18	15	00	21.83	14.15
15	11	28	18	30	00	21.86	14.10
15	11	28	18	45	00	21.79	15.18
15	11	28	19	00	00	21.73	14.18
15	11	28	19	15	00	21.65	14.18
15	11	28	19	30	00	21.68	14.13
15	11	28	19	45	00	21.61	15.13
15	11	28	20	00	00	21.64	14.13
15	11	28	20	15	00	21.61	14.10
15	11	28	20	30	00	21.61	14.10
15	11	28	20	45	00	21.61	14.16
15	11	28	21	00	00	21.58	14.13
15	11	28	21	15	00	21.55	14.18
15	11	28	21	30	00	21.51	14.18
15	11	28	21	45	00	21.39	14.15
15	11	28	22	00	00	21.42	14.18
15	11	28	22	15	00	21.40	14.10
15	11	28	22	30	00	21.37	14.18
15	11	28	22	45	00	21.33	14.15
15	11	28	23	00	00	21.32	14.15
15	11	28	23	15	00	21.15	14.18
15	11	28	23	30	00	21.19	14.13
15	11	28	23	45	00	21.18	14.15
15	11	29	00	00	00	21.12	14.15
15	11	29	00	15	00	21.14	14.18
15	11	29	00	30	00	21.11	14.10
15	11	29	00	45	00	21.08	14.15
15	11	29	01	00	00	21.04	14.18
15	11	29	01	15	00	21.01	14.18
15	11	29	01	30	00	20.98	14.13
15	11	29	01	45	00	20.97	14.18
15	11	29	02	00	00	20.94	15.13
15	11	29	02	15	00	20.90	15.11
15	11	29	02	30	00	20.87	14.16
15	11	29	02	45	00	20.87	14.10
15	11	29	03	00	00	20.83	14.10
15	11	29	03	15	00	20.80	14.18
15	11	29	03	30	00	20.77	15.18
15	11	29	03	45	00	20.73	15.14
15	11	29	04	00	00	20.70	15.19
15	11	29	04	15	00	20.68	15.14
15	11	29	04	30	00	20.66	15.19
15	11	29	04	45	00	20.63	15.11
15	11	29	05	00	00	20.61	15.11
15	11	29	05	15	00	20.58	15.11
15	11	29	05	30	00	20.55	15.16
15	11	29	05	45	00	20.55	15.16
15	11	29	06	00	00	20.52	15.19
15	11	29	06	15	00	20.51	15.19
15	11	29	06	30	00	20.49	15.11
15	11	29	06	45	00	20.48	15.16
15	11	29	07	00	00	20.59	15.11
15	11	29	07	15	00	20.69	15.16
15	11	29	07	30	00	20.66	15.18
15	11	29	07	45	00	20.73	15.14
15	11	29	08	00	00	20.77	15.11
15	11	29	08	15	00	20.77	15.16
15	11	29	08	30	00	20.83	15.16
15	11	29	08	45	00	20.87	15.11
15	11	29	09	00	00	20.84	15.11
15	11	29	09	15	00	20.87	15.11
15	11	29	09	30	00	20.82	15.14
15	11	29	09	45	00	20.91	15.11
15	11	29	10	00	00	21.00	15.17
15	11	29	10	15	00	21.05	15.11
15	11	29	10	30	00	21.11	15.16
15	11	29	10	45	00	21.19	15.19
15	11	29	11	00	00	21.28	15.14
15	11	29	11	15	00	21.35	15.14
15	11	29	11	30	00	21.37	15.19
15	11	29	11	45	00	21.42	15.14
15	11	29	12	00	00	21.47	15.14
15	11	29	12	15	00	21.58	15.19
15	11	29	12	30	00	21.65	15.19
15	11	29	12	45	00	21.71	15.19
15	11	29	13	00	00	21.80	15.12
15	11	29	13	15	00	21.87	15.19
15	11	29	13	30	00	21.92	15.14
15	11	29	13	45	00	21.99	15.19
15	11	29	14	00	00	22.00	15.11
15	11	29	14	15	00	22.03	15.11
15	11	29	14	30	00	22.06	15.11
15	11	29	14	45	00	22.08	15.17
15	11	29	15	00	00	22.12	15.14
15	11	29	15	15	00	22.14	15.14
15	11	29	15	30	00	22.15	15.19
15	11	29	15	45	00	22.18	15.19
15	11	29	16	00	00	22.19	15.17
15	11	29	16	15	00	22.19	15.14
15	11	29	16	30	00	22.22	15.19
15	11	29	16	45	00	22.21	15.14
15	11	29	17	00	00	22.22	15.14
15	11	29	17	15	00	22.07	16.18
15	11	29	17	30	00	21.82	16.18
15	11	29	17	45	00	21.86	16.18
15	11	29	18	00	00	21.89	16.13
15	11	29	18	15	00	21.83	16.10
15	11	29	18	30	00	21.85	16.18
15	11	29	18	45	00	21.83	16.18
15	11	29	19	00	00	21.72	16.16
15	11	29	19	15	00	21.75	16.19
15	11	29	19	30	00	21.72	16.14
15	11	29	19	45	00	21.69	16.11
15	11	29	20	00	00	21.69	16.19
15	11	29	20	15	00	21.59	17.17
15	11	29	20	30	00	21.61	16.14
15	11	29	20	45	00	21.58	16.16
15	11	29	21	00	00	21.58	16.13
15	11	29	21	15	00	21.57	16.13
15	11	29	21	30	00	21.54	16.15
15	11	29	21	45	00	21.50	16.15
15	11	29	22	00	00	21.46	16.18
15	11	29	22	15	00	21.44	16.10
15	11	29	22	30	00	21.43	16.12
15	11	29	22	45	00	21.40	16.12
15	11	29	23	00	00	21.37	16.10
15	11	29	23	15	00	21.35	16.18
15	11	29	23	30	00	21.32	16.15
15	11	29	23	45	00	21.08	16.15
15	11	30	00	00	00	21.14	16.18
15	11	30	00	15	00	21.14	16.12
15	11	30	00	30	00	21.14	16.15
15	11	30	00	45	00	21.11	16.15
15	11	30	01	00	00	21.07	16.10
15	11	30	01	15	00	21.04	16.18
15	11	30	01	30	00	21.01	16.15
15	11	30	01	45	00	20.98	16.15
15	11	30	02	00	00	20.97	16.13
15	11	30	02	15	00	20.94	16.14
15	11	30	02	30	00	20.93	17.11
15	11	30	02	45	00	20.90	17.19
15	11	30	03	00	00	20.87	17.16
15	11	30	03	15	00	20.86	17.14
15	11	30	03	30	00	20.83	17.19
15	11	30	03	45	00	20.79	17.19
15	11	30	04	00	00	20.75	17.11
15	11	30	04	15	00	20.75	16.19
15	11	30	04	30	00	20.72	16.16
15	11	30	04	45	00	20.69	16.13
15	11	30	05	00	00	20.65	16.19
15	11	30	05	15	00	20.63	16.13
15	11	30	05	30	00	20.59	16.19
15	11	30	05	45	00	20.56	17.11
15	11	30	06	00	00	20.55	17.19
15	11	30	06	15	00	20.54	17.14
15	11	30	06	30	00	20.51	17.12
15	11	30	06	45	00	20.38	17.14
15	11	30	07	00	00	20.54	17.17
15	11	30	07	15	00	20.52	17.10
15	11	30	07	30	00	20.33	18.11
15	11	30	07	45	00	20.04	18.16
15	11	30	08	00	00	20.20	18.13
15	11	30	08	15	00	19.98	19.17
15	11	30	08	30	00	20.01	19.15
15	11	30	08	45	00	19.85	19.10
15	11	30	09	00	00	19.74	20.28
15	11	30	09	15	00	19.72	20.21
15	11	30	09	30	00	19.80	20.26
15	11	30	09	45	00	19.94	20.23
15	11	30	10	00	00	19.95	20.29
15	11	30	10	15	00	20.28	21.24
15	11	30	10	30	00	20.49	20.26
15	11	30	10	45	00	20.45	21.24
15	11	30	11	00	00	20.86	20.29
15	11	30	11	15	00	20.76	21.22
15	11	30	11	30	00	20.66	22.23
15	11	30	11	45	00	20.72	23.28
15	11	30	12	00	00	20.65	24.22
15	11	30	12	15	00	20.69	23.24
15	11	30	12	30	00	20.72	22.28
15	11	30	12	45	00	20.73	22.23
15	11	30	13	00	00	21.00	22.28
15	11	30	13	15	00	21.19	21.20
15	11	30	13	30	00	21.25	22.28
15	11	30	13	45	00	21.57	21.22
15	11	30	14	00	00	21.58	21.22
15	11	30	14	15	00	21.37	21.27
15	11	30	14	30	00	21.36	21.22
15	11	30	14	45	00	21.32	21.27
15	11	30	15	00	00	21.33	21.27
15	11	30	15	15	00	21.36	21.22
15	11	30	15	30	00	21.39	21.24
15	11	30	15	45	00	21.40	22.20
15	11	30	16	00	00	21.43	22.20
15	11	30	16	15	00	21.69	22.28
15	11	30	16	30	00	21.94	22.26
15	11	30	16	45	00	21.96	22.23
15	11	30	17	00	00	21.54	23.21
15	11	30	17	15	00	21.07	23.28
15	11	30	17	30	00	21.00	23.24
15	11	30	17	45	00	20.70	23.29
15	11	30	18	00	00	20.59	23.26
15	11	30	18	15	00	20.63	23.24
15	11	30	18	30	00	20.68	23.23
15	11	30	18	45	00	20.72	22.20
15	11	30	19	00	00	20.70	22.20
15	11	30	19	15	00	20.59	22.28
15	11	30	19	30	00	20.66	22.25
15	11	30	19	45	00	20.76	22.28
15	11	30	20	00	00	20.77	22.23
15	11	30	20	15	00	20.84	22.23
15	11	30	20	30	00	20.87	22.23
15	11	30	20	45	00	20.82	22.28
15	11	30	21	00	00	20.84	22.27
15	11	30	21	15	00	20.90	21.27
15	11	30	21	30	00	20.91	21.27
15	11	30	21	45	00	20.93	21.24
15	11	30	22	00	00	20.93	21.24
15	11	30	22	15	00	20.93	21.22
15	11	30	22	30	00	20.87	21.27
15	11	30	22	45	00	20.79	21.27
15	11	30	23	00	00	20.91	21.29
15	11	30	23	15	00	20.93	21.29
15	11	30	23	30	00	20.97	21.24
15	11	30	23	45	00	20.94	21.24
15	12	01	00	00	00	20.94	28.24
15	12	01	00	15	00	20.93	22.23
15	12	01	00	30	00	20.90	21.25
15	12	01	00	45	00	20.89	21.29
15	12	01	01	00	00	20.87	21.27
15	12	01	01	15	00	20.83	21.24
15	12	01	01	30	00	20.77	21.27
15	12	01	01	45	00	20.77	21.24
15	12	01	02	00	00	20.77	21.24
15	12	01	02	15	00	20.75	21.22
15	12	01	02	30	00	20.75	21.24
15	12	01	02	45	00	20.72	21.29
15	12	01	03	00	00	20.70	21.29
15	12	01	03	15	00	20.68	21.25
15	12	01	03	30	00	20.66	21.27
15	12	01	03	45	00	20.66	21.29
15	12	01	04	00	00	20.65	21.27
15	12	01	04	15	00	20.62	21.22
15	12	01	04	30	00	20.61	21.29
15	12	01	04	45	00	20.61	21.27
15	12	01	05	00	00	20.58	21.22
15	12	01	05	15	00	20.58	21.29
15	12	01	05	30	00	20.55	21.29
15	12	01	05	45	00	20.55	21.25
15	12	01	06	00	00	20.28	22.25
15	12	01	06	15	00	20.19	22.25
15	12	01	06	30	00	20.28	22.23
15	12	01	06	45	00	20.31	21.28
15	12	01	07	00	00	20.40	21.20
15	12	01	07	15	00	20.33	22.27
15	12	01	07	30	00	20.13	22.28
15	12	01	07	45	00	20.05	22.20
15	12	01	08	00	00	20.09	22.23
15	12	01	08	15	00	20.14	23.26
15	12	01	08	30	00	20.21	23.29
15	12	01	08	45	00	20.08	23.28
15	12	01	09	00	00	20.11	23.29
15	12	01	09	15	00	20.13	24.26
15	12	01	09	30	00	20.24	23.29
15	12	01	09	45	00	20.24	24.22
15	12	01	10	00	00	20.34	24.27
15	12	01	10	15	00	20.42	24.27
15	12	01	10	30	00	20.54	24.29
15	12	01	10	45	00	20.80	24.27
15	12	01	11	00	00	21.07	24.22
15	12	01	11	15	00	21.09	24.29
15	12	01	11	30	00	21.21	23.22
15	12	01	11	45	00	21.36	23.29
15	12	01	12	00	00	21.44	24.24
15	12	01	12	15	00	21.59	24.29
15	12	01	12	30	00	21.72	24.26
15	12	01	12	45	00	21.78	24.27
15	12	01	13	00	00	21.87	24.29
15	12	01	13	15	00	22.03	24.22
15	12	01	13	30	00	22.21	24.29
15	12	01	13	45	00	22.39	24.24
15	12	01	14	00	00	22.52	23.22
15	12	01	14	15	00	22.49	23.26
15	12	01	14	30	00	22.52	23.24
15	12	01	14	45	00	22.53	23.29
15	12	01	15	00	00	22.63	24.29
15	12	01	15	15	00	22.71	24.26
15	12	01	15	30	00	22.68	23.24
15	12	01	15	45	00	22.68	23.21
15	12	01	16	00	00	22.68	23.27
15	12	01	16	15	00	22.67	23.24
15	12	01	16	30	00	22.73	24.27
15	12	01	16	45	00	22.80	24.22
15	12	01	17	00	00	22.56	25.27
15	12	01	17	15	00	22.18	25.28
15	12	01	17	30	00	21.99	25.23
15	12	01	17	45	00	21.83	26.25
15	12	01	18	00	00	21.85	25.20
15	12	01	18	15	00	21.78	25.28
15	12	01	18	30	00	21.73	25.25
15	12	01	18	45	00	21.61	26.21
15	12	01	19	00	00	21.58	26.21
15	12	01	19	15	00	21.65	25.20
15	12	01	19	30	00	21.71	25.23
15	12	01	19	45	00	21.66	26.20
15	12	01	20	00	00	21.68	25.23
15	12	01	20	15	00	21.69	25.25
15	12	01	20	30	00	21.66	25.20
15	12	01	20	45	00	21.72	25.27
15	12	01	21	00	00	21.46	26.28
15	12	01	21	15	00	21.44	26.20
15	12	01	21	30	00	21.50	25.25
15	12	01	21	45	00	21.51	25.27
15	12	01	22	00	00	21.51	25.23
15	12	01	22	15	00	21.44	25.23
15	12	01	22	30	00	21.46	26.21
15	12	01	22	45	00	21.42	25.25
15	12	01	23	00	00	21.46	25.28
15	12	01	23	15	00	21.46	25.28
15	12	01	23	30	00	21.44	27.21
15	12	01	23	45	00	21.51	28.29
15	12	02	00	00	00	21.62	26.28
15	12	02	00	15	00	21.62	25.23
15	12	02	00	30	00	21.62	25.20
15	12	02	00	45	00	21.62	25.23
15	12	02	01	00	00	21.64	26.25
15	12	02	01	15	00	21.62	26.23
15	12	02	01	30	00	21.61	26.23
15	12	02	01	45	00	21.61	26.23
15	12	02	02	00	00	21.61	26.23
15	12	02	02	15	00	21.59	26.28
15	12	02	02	30	00	21.59	26.25
15	12	02	02	45	00	21.59	26.20
15	12	02	03	00	00	21.59	26.26
15	12	02	03	15	00	21.58	26.28
15	12	02	03	30	00	21.57	26.20
15	12	02	03	45	00	21.58	26.20
15	12	02	04	00	00	21.58	26.28
15	12	02	04	15	00	21.57	26.26
15	12	02	04	30	00	21.55	26.26
15	12	02	04	45	00	21.55	26.21
15	12	02	05	00	00	21.55	26.23
15	12	02	05	15	00	21.54	26.28
15	12	02	05	30	00	21.51	26.28
15	12	02	05	45	00	21.51	26.21
15	12	02	06	00	00	21.50	26.21
15	12	02	06	15	00	21.44	26.28
15	12	02	06	30	00	21.46	26.23
15	12	02	06	45	00	21.42	27.21
15	12	02	07	00	00	21.39	27.21
15	12	02	07	15	00	21.44	27.29
15	12	02	07	30	00	21.46	27.26
15	12	02	07	45	00	21.37	28.29
15	12	02	08	00	00	21.37	28.23
15	12	02	08	15	00	21.29	28.26
15	12	02	08	30	00	21.35	28.28
15	12	02	08	45	00	21.37	29.24
15	12	02	09	00	00	21.40	29.29
15	12	02	09	15	00	21.39	29.26
15	12	02	09	30	00	21.37	29.26
15	12	02	09	45	00	21.42	29.29
15	12	02	10	00	00	21.47	29.21
15	12	02	10	15	00	21.47	29.23
15	12	02	10	30	00	21.54	29.26
15	12	02	10	45	00	21.83	29.28
15	12	02	11	00	00	21.82	29.24
15	12	02	11	15	00	21.78	29.24
15	12	02	11	30	00	21.76	29.21
15	12	02	11	45	00	21.82	29.23
15	12	02	12	00	00	21.86	29.29
15	12	02	12	15	00	21.87	29.26
15	12	02	12	30	00	21.92	29.24
15	12	02	12	45	00	21.93	29.22
15	12	02	13	00	00	22.12	29.24
15	12	02	13	15	00	22.36	29.24
15	12	02	13	30	00	22.57	29.29
15	12	02	13	45	00	22.77	29.24
15	12	02	14	00	00	22.84	28.26
15	12	02	14	15	00	22.97	28.21
15	12	02	14	30	00	22.93	27.28
15	12	02	14	45	00	22.78	28.24
15	12	02	15	00	00	22.73	28.24
15	12	02	15	15	00	22.74	28.26
15	12	02	15	30	00	22.95	28.21
15	12	02	15	45	00	22.93	27.26
15	12	02	16	00	00	22.80	28.26
15	12	02	16	15	00	22.73	28.21
15	12	02	16	30	00	22.67	28.23
15	12	02	16	45	00	22.85	28.23
15	12	02	17	00	00	22.78	28.24
15	12	02	17	15	00	22.26	30.31
15	12	02	17	30	00	22.14	30.31
15	12	02	17	45	00	21.92	30.37
15	12	02	18	00	00	22.00	30.34
15	12	02	18	15	00	21.85	30.34
15	12	02	18	30	00	21.86	30.39
15	12	02	18	45	00	21.69	30.31
15	12	02	19	00	00	21.64	30.36
15	12	02	19	15	00	21.71	30.31
15	12	02	19	30	00	21.78	30.39
15	12	02	19	45	00	21.69	30.36
15	12	02	20	00	00	21.76	29.21
15	12	02	20	15	00	21.69	30.39
15	12	02	20	30	00	21.73	29.24
15	12	02	20	45	00	21.76	29.24
15	12	02	21	00	00	21.79	29.21
15	12	02	21	15	00	21.80	29.29
15	12	02	21	30	00	21.82	29.26
15	12	02	21	45	00	21.82	29.26
15	12	02	22	00	00	21.62	29.29
15	12	02	22	15	00	21.62	29.21
15	12	02	22	30	00	21.68	29.26
15	12	02	22	45	00	21.66	29.21
15	12	02	23	00	00	21.68	29.24
15	12	02	23	15	00	21.68	29.21
15	12	02	23	30	00	21.68	28.26
15	12	02	23	45	00	21.68	28.24
15	12	03	00	00	00	21.58	29.26
15	12	03	00	15	00	21.55	34.33
15	12	03	00	30	00	21.55	31.36
15	12	03	00	45	00	21.50	29.29
15	12	03	01	00	00	21.47	29.26
15	12	03	01	15	00	21.44	29.21
15	12	03	01	30	00	21.43	28.24
15	12	03	01	45	00	21.39	28.29
15	12	03	02	00	00	21.30	29.24
15	12	03	02	15	00	21.32	29.21
15	12	03	02	30	00	21.30	28.26
15	12	03	02	45	00	21.30	28.26
15	12	03	03	00	00	21.28	28.28
15	12	03	03	15	00	21.29	28.28
15	12	03	03	30	00	21.28	29.24
15	12	03	03	45	00	21.28	29.26
15	12	03	04	00	00	21.28	29.26
15	12	03	04	15	00	21.26	29.21
15	12	03	04	30	00	21.25	29.21
15	12	03	04	45	00	21.23	29.24
15	12	03	05	00	00	21.23	29.21
15	12	03	05	15	00	21.21	29.29
15	12	03	05	30	00	21.21	29.29
15	12	03	05	45	00	21.19	29.26
15	12	03	06	00	00	21.18	29.21
15	12	03	06	15	00	21.16	29.21
15	12	03	06	30	00	21.07	29.26
15	12	03	06	45	00	20.91	29.29
15	12	03	07	00	00	20.94	29.29
15	12	03	07	15	00	20.82	29.29
15	12	03	07	30	00	20.77	29.27
15	12	03	07	45	00	20.72	29.29
15	12	03	08	00	00	20.49	30.34
15	12	03	08	15	00	20.48	30.34
15	12	03	08	30	00	20.51	30.39
15	12	03	08	45	00	20.42	31.31
15	12	03	09	00	00	20.16	32.31
15	12	03	09	15	00	20.14	32.31
15	12	03	09	30	00	20.19	32.31
15	12	03	09	45	00	20.17	32.34
15	12	03	10	00	00	20.13	32.38
15	12	03	10	15	00	20.20	32.33
15	12	03	10	30	00	20.19	32.38
15	12	03	10	45	00	20.51	32.31
15	12	03	11	00	00	20.90	31.33
15	12	03	11	15	00	20.83	32.34
15	12	03	11	30	00	20.76	34.33
15	12	03	11	45	00	21.14	34.35
15	12	03	12	00	00	21.18	36.32
15	12	03	12	15	00	21.07	37.35
15	12	03	12	30	00	21.16	37.33
15	12	03	12	45	00	21.54	35.39
15	12	03	13	00	00	21.62	37.38
15	12	03	13	15	00	21.36	39.30
15	12	03	13	30	00	21.40	39.34
15	12	03	13	45	00	21.78	38.35
15	12	03	14	00	00	22.01	41.41
15	12	03	14	15	00	21.76	42.48
15	12	03	14	30	00	21.65	43.45
15	12	03	14	45	00	21.64	42.49
15	12	03	15	00	00	21.54	44.41
15	12	03	15	15	00	21.47	44.42
15	12	03	15	30	00	21.50	44.49
15	12	03	15	45	00	21.49	44.47
15	12	03	16	00	00	21.43	44.46
15	12	03	16	15	00	21.33	44.49
15	12	03	16	30	00	21.37	43.43
15	12	03	16	45	00	21.73	41.46
15	12	03	17	00	00	21.50	43.46
15	12	03	17	15	00	21.32	44.44
15	12	03	17	30	00	21.09	45.45
15	12	03	17	45	00	21.05	43.45
15	12	03	18	00	00	21.08	43.48
15	12	03	18	15	00	21.11	43.48
15	12	03	18	30	00	21.07	43.46
15	12	03	18	45	00	20.97	43.48
15	12	03	19	00	00	21.08	42.42
15	12	03	19	15	00	21.12	42.49
15	12	03	19	30	00	21.16	42.47
15	12	03	19	45	00	21.11	42.44
15	12	03	20	00	00	21.18	42.48
15	12	03	20	15	00	21.08	42.45
15	12	03	20	30	00	21.12	41.41
15	12	03	20	45	00	21.16	41.46
15	12	03	21	00	00	21.16	41.41
15	12	03	21	15	00	21.21	40.45
15	12	03	21	30	00	21.23	40.40
15	12	03	21	45	00	21.12	41.45
15	12	03	22	00	00	21.18	41.49
15	12	03	22	15	00	21.22	40.40
15	12	03	22	30	00	21.21	40.40
15	12	03	22	45	00	21.23	39.36
15	12	03	23	00	00	21.28	39.39
15	12	03	23	15	00	21.14	40.40
15	12	03	23	30	00	21.08	39.30
15	12	03	23	45	00	21.11	39.34
15	12	04	00	00	00	21.19	45.40
15	12	04	00	15	00	21.15	39.36
15	12	04	00	30	00	21.16	38.32
15	12	04	00	45	00	21.16	38.35
15	12	04	01	00	00	21.15	38.35
15	12	04	01	15	00	21.14	38.35
15	12	04	01	30	00	21.12	37.38
15	12	04	01	45	00	21.12	37.30
15	12	04	02	00	00	21.11	37.33
15	12	04	02	15	00	21.09	37.31
15	12	04	02	30	00	21.08	37.38
15	12	04	02	45	00	21.05	37.36
15	12	04	03	00	00	21.04	37.38
15	12	04	03	15	00	21.04	37.33
15	12	04	03	30	00	21.04	37.33
15	12	04	03	45	00	21.01	37.33
15	12	04	04	00	00	21.01	37.36
15	12	04	04	15	00	21.01	37.31
15	12	04	04	30	00	21.00	37.31
15	12	04	04	45	00	20.98	37.31
15	12	04	05	00	00	20.98	37.38
15	12	04	05	15	00	20.97	37.31
15	12	04	05	30	00	20.97	37.31
15	12	04	05	45	00	20.97	37.31
15	12	04	06	00	00	20.96	37.33
15	12	04	06	15	00	20.96	37.31
15	12	04	06	30	00	20.94	37.34
15	12	04	06	45	00	20.83	37.31
15	12	04	07	00	00	20.87	37.31
15	12	04	07	15	00	20.86	37.36
15	12	04	07	30	00	20.76	37.34
15	12	04	07	45	00	20.70	36.34
15	12	04	08	00	00	20.62	37.36
15	12	04	08	15	00	20.65	37.31
15	12	04	08	30	00	20.65	38.38
15	12	04	08	45	00	20.63	38.30
15	12	04	09	00	00	20.47	39.36
15	12	04	09	15	00	20.52	39.38
15	12	04	09	30	00	20.63	40.48
15	12	04	09	45	00	20.79	41.47
15	12	04	10	00	00	21.00	41.46
15	12	04	10	15	00	21.36	41.47
15	12	04	10	30	00	21.59	40.47
15	12	04	10	45	00	21.51	42.43
15	12	04	11	00	00	21.55	42.42
15	12	04	11	15	00	21.58	43.43
15	12	04	11	30	00	21.66	43.44
15	12	04	11	45	00	21.78	43.44
15	12	04	12	00	00	21.82	43.47
15	12	04	12	15	00	21.92	42.45
15	12	04	12	30	00	22.17	41.44
15	12	04	12	45	00	22.25	40.48
15	12	04	13	00	00	22.32	39.31
15	12	04	13	15	00	22.50	39.32
