15	10	28	20	45	00	25.40	41.43
15	10	28	21	00	00	24.56	44.49
15	10	28	21	15	00	24.25	44.44
15	10	28	21	30	00	24.15	44.46
15	10	28	21	45	00	24.00	44.42
15	10	28	22	00	00	23.95	46.43
15	10	28	22	15	00	24.15	44.47
15	10	28	22	30	00	24.11	43.48
15	10	28	22	45	00	23.63	43.46
15	10	28	23	00	00	22.49	46.48
15	10	28	23	15	00	22.43	46.47
15	10	28	23	30	00	22.39	47.42
15	10	28	23	45	00	22.24	47.43
15	10	29	00	00	00	22.16	47.47
15	10	29	00	15	00	21.87	47.48
15	10	29	00	30	00	21.85	47.43
15	10	29	00	45	00	21.74	47.48
15	10	29	01	00	00	21.62	47.43
15	10	29	01	15	00	21.48	48.49
15	10	29	01	30	00	21.43	48.49
15	10	29	01	45	00	21.22	48.41
15	10	29	02	00	00	21.10	49.42
15	10	29	02	15	00	21.07	49.44
15	10	29	02	30	00	20.99	49.46
15	10	29	02	45	00	20.99	50.59
15	10	29	03	00	00	20.85	50.53
15	10	29	03	15	00	20.77	50.53
15	10	29	03	30	00	20.65	51.58
15	10	29	03	45	00	20.64	51.50
15	10	29	04	00	00	20.64	50.59
15	10	29	04	15	00	20.64	49.46
15	10	29	04	30	00	20.59	49.44
15	10	29	04	45	00	20.54	48.43
15	10	29	05	00	00	20.56	48.49
15	10	29	05	15	00	20.46	48.45
15	10	29	05	30	00	20.35	48.49
15	10	29	05	45	00	20.27	48.46
15	10	29	06	00	00	20.27	49.42
15	10	29	06	15	00	20.25	48.48
15	10	29	06	30	00	20.20	48.45
15	10	29	06	45	00	20.09	48.49
15	10	29	07	00	00	20.05	47.43
15	10	29	07	15	00	19.94	47.42
15	10	29	07	30	00	19.73	47.47
15	10	29	07	45	00	19.65	46.45
15	10	29	08	00	00	19.69	45.47
15	10	29	08	15	00	19.84	45.45
15	10	29	08	30	00	20.28	43.48
15	10	29	08	45	00	20.79	42.49
15	10	29	09	00	00	21.81	42.45
15	10	29	09	15	00	22.39	41.49
15	10	29	09	30	00	22.87	39.31
15	10	29	09	45	00	23.31	39.38
15	10	29	10	00	00	23.74	40.40
15	10	29	10	15	00	24.04	36.31
15	10	29	10	30	00	24.18	39.32
15	10	29	10	45	00	24.36	38.30
15	10	29	11	00	00	24.36	37.30
15	10	29	11	15	00	24.34	37.39
15	10	29	11	30	00	24.33	36.39
15	10	29	11	45	00	24.30	35.37
15	10	29	12	00	00	24.22	35.39
15	10	29	12	15	00	24.22	33.33
15	10	29	12	30	00	24.19	33.33
15	10	29	12	45	00	24.24	32.36
15	10	29	13	00	00	24.25	32.39
15	10	29	13	15	00	24.30	32.34
15	10	29	13	30	00	24.30	31.34
15	10	29	13	45	00	24.28	31.34
15	10	29	14	00	00	24.26	32.31
15	10	29	14	15	00	24.48	33.31
15	10	29	14	30	00	24.44	35.35
15	10	29	14	45	00	24.48	31.34
15	10	29	15	00	00	24.47	33.35
15	10	29	15	15	00	24.41	33.38
15	10	29	15	30	00	24.40	33.38
15	10	29	15	45	00	24.37	32.36
15	10	29	16	00	00	24.36	32.34
15	10	29	16	15	00	24.36	32.33
15	10	29	16	30	00	24.34	32.31
15	10	29	16	45	00	24.30	31.36
15	10	29	17	00	00	24.28	31.38
15	10	29	17	15	00	24.24	32.38
15	10	29	17	30	00	24.19	32.38
15	10	29	17	45	00	24.17	32.34
15	10	29	18	00	00	24.11	32.38
15	10	29	18	15	00	24.19	32.38
15	10	29	18	30	00	24.29	33.30
15	10	29	18	45	00	24.22	33.33
15	10	29	19	00	00	24.12	33.31
15	10	29	19	15	00	24.03	33.31
15	10	29	19	30	00	23.92	33.33
15	10	29	19	45	00	23.86	33.33
15	10	29	20	00	00	23.81	33.36
15	10	29	20	15	00	23.72	34.33
15	10	29	20	30	00	23.67	34.33
15	10	29	20	45	00	23.63	34.33
15	10	29	21	00	00	23.64	34.37
15	10	29	21	15	00	23.63	34.35
15	10	29	21	30	00	23.56	34.35
15	10	29	21	45	00	23.50	34.33
15	10	29	22	00	00	23.50	35.35
15	10	29	22	15	00	23.55	34.35
15	10	29	22	30	00	23.60	34.32
15	10	29	22	45	00	23.79	34.35
15	10	29	23	00	00	23.71	35.35
15	10	29	23	15	00	23.64	36.32
15	10	29	23	30	00	23.53	35.34
15	10	29	23	45	00	23.46	36.39
15	10	30	00	00	00	23.48	36.31
15	10	30	00	15	00	23.43	36.39
15	10	30	00	30	00	23.35	36.37
15	10	30	00	45	00	23.37	36.36
15	10	30	01	00	00	23.38	36.34
15	10	30	01	15	00	23.38	36.34
15	10	30	01	30	00	23.38	36.36
15	10	30	01	45	00	23.35	37.33
15	10	30	02	00	00	23.24	38.32
15	10	30	02	15	00	23.13	39.30
15	10	30	02	30	00	23.09	40.43
15	10	30	02	45	00	23.09	39.33
15	10	30	03	00	00	22.99	41.41
15	10	30	03	15	00	22.89	41.41
15	10	30	03	30	00	22.87	39.33
15	10	30	03	45	00	22.87	40.42
15	10	30	04	00	00	22.78	40.47
15	10	30	04	15	00	22.72	39.37
15	10	30	04	30	00	22.72	38.39
15	10	30	04	45	00	22.68	40.46
15	10	30	05	00	00	22.60	39.36
15	10	30	05	15	00	22.56	38.37
15	10	30	05	30	00	22.56	38.33
15	10	30	05	45	00	22.47	39.34
15	10	30	06	00	00	22.38	39.36
15	10	30	06	15	00	22.35	38.32
15	10	30	06	30	00	22.33	38.32
15	10	30	06	45	00	22.25	38.34
15	10	30	07	00	00	22.16	38.35
15	10	30	07	15	00	22.16	37.36
15	10	30	07	30	00	22.10	38.37
15	10	30	07	45	00	22.02	38.34
15	10	30	08	00	00	22.00	38.37
15	10	30	08	15	00	22.13	38.37
15	10	30	08	30	00	22.21	38.30
15	10	30	08	45	00	22.56	36.39
15	10	30	09	00	00	23.16	35.34
15	10	30	09	15	00	23.42	35.30
15	10	30	09	30	00	23.79	34.38
15	10	30	09	45	00	23.85	34.31
15	10	30	10	00	00	22.61	35.37
15	10	30	10	15	00	23.16	35.33
15	10	30	10	30	00	23.68	34.30
15	10	30	10	45	00	23.93	33.33
15	10	30	11	00	00	24.15	33.36
15	10	30	11	15	00	24.06	33.38
15	10	30	11	30	00	22.62	36.39
15	10	30	11	45	00	23.75	33.36
15	10	30	12	00	00	23.72	35.30
15	10	30	12	15	00	23.88	35.30
15	10	30	12	30	00	23.99	35.34
15	10	30	12	45	00	22.78	34.30
15	10	30	13	00	00	22.95	36.32
15	10	30	13	15	00	23.90	32.31
15	10	30	13	30	00	23.85	34.38
15	10	30	13	45	00	22.43	36.31
15	10	30	14	00	00	23.10	34.35
15	10	30	14	15	00	23.26	34.35
15	10	30	14	30	00	23.39	34.30
15	10	30	14	45	00	23.50	33.38
15	10	30	15	00	00	22.47	33.35
15	10	30	15	15	00	22.35	34.30
15	10	30	15	30	00	22.83	33.36
15	10	30	15	45	00	23.09	33.38
15	10	30	16	00	00	23.38	32.34
15	10	30	16	15	00	22.87	32.36
15	10	30	16	30	00	22.24	34.38
15	10	30	16	45	00	22.69	33.33
15	10	30	17	00	00	23.01	33.35
15	10	30	17	15	00	23.21	33.31
15	10	30	17	30	00	23.71	32.38
15	10	30	17	45	00	23.52	29.26
15	10	30	18	00	00	22.31	33.33
15	10	30	18	15	00	22.85	32.38
15	10	30	18	30	00	23.17	32.39
15	10	30	18	45	00	23.32	32.33
15	10	30	19	00	00	23.53	33.36
15	10	30	19	15	00	23.49	33.38
15	10	30	19	30	00	22.20	35.39
15	10	30	19	45	00	22.58	35.37
15	10	30	20	00	00	22.79	36.37
15	10	30	20	15	00	22.86	36.39
15	10	30	20	30	00	22.87	37.36
15	10	30	20	45	00	22.87	37.31
15	10	30	21	00	00	22.86	38.37
15	10	30	21	15	00	22.85	37.35
15	10	30	21	30	00	22.83	37.33
15	10	30	21	45	00	22.82	37.38
15	10	30	22	00	00	22.83	38.37
15	10	30	22	15	00	22.83	38.35
15	10	30	22	30	00	21.88	36.37
15	10	30	22	45	00	21.66	38.32
15	10	30	23	00	00	21.84	38.34
15	10	30	23	15	00	21.95	38.39
15	10	30	23	30	00	22.06	38.34
15	10	30	23	45	00	21.96	39.34
15	10	31	00	00	00	22.00	39.33
15	10	31	00	15	00	21.96	39.33
15	10	31	00	30	00	21.91	39.36
15	10	31	00	45	00	21.85	40.40
15	10	31	01	00	00	21.67	40.44
15	10	31	01	15	00	21.40	39.34
15	10	31	01	30	00	21.14	39.39
15	10	31	01	45	00	21.30	41.46
15	10	31	02	00	00	21.03	40.42
15	10	31	02	15	00	21.11	40.40
15	10	31	02	30	00	20.88	40.47
15	10	31	02	45	00	20.92	40.43
15	10	31	03	00	00	20.85	40.45
15	10	31	03	15	00	20.52	41.41
15	10	31	03	30	00	20.49	42.45
15	10	31	03	45	00	20.35	42.47
15	10	31	04	00	00	20.56	42.49
15	10	31	04	15	00	20.68	42.47
15	10	31	04	30	00	20.53	43.46
15	10	31	04	45	00	20.46	43.46
15	10	31	05	00	00	20.41	44.40
15	10	31	05	15	00	20.32	44.47
15	10	31	05	30	00	20.27	45.43
15	10	31	05	45	00	20.48	44.46
15	10	31	06	00	00	20.38	44.49
15	10	31	06	15	00	20.46	44.44
15	10	31	06	30	00	20.24	44.43
15	10	31	06	45	00	20.32	44.41
15	10	31	07	00	00	20.20	45.45
15	10	31	07	15	00	20.14	45.40
15	10	31	07	30	00	19.91	46.43
15	10	31	07	45	00	19.95	46.47
15	10	31	08	00	00	19.87	47.44
15	10	31	08	15	00	19.94	47.48
15	10	31	08	30	00	20.42	46.45
15	10	31	08	45	00	20.75	46.43
15	10	31	09	00	00	21.37	46.40
15	10	31	09	15	00	22.14	45.40
15	10	31	09	30	00	22.73	43.42
15	10	31	09	45	00	22.95	42.42
15	10	31	10	00	00	23.05	42.40
15	10	31	10	15	00	23.50	41.46
15	10	31	10	30	00	23.86	41.46
15	10	31	10	45	00	24.08	41.49
15	10	31	11	00	00	24.11	41.49
15	10	31	11	15	00	24.29	40.47
15	10	31	11	30	00	23.02	39.30
15	10	31	11	45	00	23.27	41.46
15	10	31	12	00	00	23.50	41.46
15	10	31	12	15	00	23.71	41.48
15	10	31	12	30	00	23.85	42.45
15	10	31	12	45	00	23.49	39.31
15	10	31	13	00	00	22.61	42.40
15	10	31	13	15	00	23.31	40.45
15	10	31	13	30	00	23.53	40.44
15	10	31	13	45	00	23.81	40.40
15	10	31	14	00	00	24.00	40.47
15	10	31	14	15	00	23.01	37.30
15	10	31	14	30	00	22.25	40.49
15	10	31	14	45	00	22.80	40.42
15	10	31	15	00	00	23.49	40.48
15	10	31	15	15	00	23.84	40.41
15	10	31	15	30	00	24.12	39.30
15	10	31	15	45	00	23.63	37.35
15	10	31	16	00	00	22.90	41.42
15	10	31	16	15	00	23.48	39.38
15	10	31	16	30	00	23.86	39.38
15	10	31	16	45	00	24.26	39.31
15	10	31	17	00	00	23.75	40.40
15	10	31	17	15	00	23.41	38.37
15	10	31	17	30	00	22.85	39.38
15	10	31	17	45	00	23.23	40.43
15	10	31	18	00	00	23.42	40.47
15	10	31	18	15	00	23.56	40.40
15	10	31	18	30	00	23.53	40.47
15	10	31	18	45	00	23.52	41.46
15	10	31	19	00	00	22.51	41.44
15	10	31	19	15	00	22.78	41.48
15	10	31	19	30	00	23.05	44.47
15	10	31	19	45	00	23.16	43.43
15	10	31	20	00	00	23.17	43.49
15	10	31	20	15	00	23.06	41.46
15	10	31	20	30	00	21.95	43.41
15	10	31	20	45	00	22.13	43.44
15	10	31	21	00	00	22.17	43.41
15	10	31	21	15	00	22.32	44.45
15	10	31	21	30	00	22.28	44.42
15	10	31	21	45	00	22.22	44.44
15	10	31	22	00	00	22.27	45.48
15	10	31	22	15	00	22.20	47.40
15	10	31	22	30	00	22.10	48.43
15	10	31	22	45	00	21.06	44.47
15	10	31	23	00	00	21.39	49.42
15	10	31	23	15	00	21.78	48.46
15	10	31	23	30	00	21.89	49.44
15	10	31	23	45	00	21.95	49.49
15	11	01	00	00	00	21.96	49.42
15	11	01	00	15	00	21.92	49.42
15	11	01	00	30	00	21.89	49.47
15	11	01	00	45	00	21.91	49.47
15	11	01	01	00	00	21.91	48.41
15	11	01	01	15	00	21.87	48.46
15	11	01	01	30	00	21.81	48.46
15	11	01	01	45	00	21.84	48.41
15	11	01	02	00	00	21.76	49.46
15	11	01	02	15	00	21.10	52.57
15	11	01	02	30	00	20.79	54.57
15	11	01	02	45	00	20.37	55.58
15	11	01	03	00	00	20.57	55.56
15	11	01	03	15	00	20.57	55.50
15	11	01	03	30	00	20.52	56.51
15	11	01	03	45	00	20.54	56.57
15	11	01	04	00	00	20.49	56.52
15	11	01	04	15	00	20.43	57.54
15	11	01	04	30	00	20.38	57.55
15	11	01	04	45	00	20.52	57.53
15	11	01	05	00	00	20.56	56.50
15	11	01	05	15	00	20.39	57.51
15	11	01	05	30	00	20.39	56.54
15	11	01	05	45	00	20.38	57.52
15	11	01	06	00	00	20.37	57.59
15	11	01	06	15	00	20.31	57.55
15	11	01	06	30	00	20.28	57.59
15	11	01	06	45	00	20.38	57.50
15	11	01	07	00	00	20.45	56.57
15	11	01	07	15	00	20.34	57.52
15	11	01	07	30	00	20.31	57.57
15	11	01	07	45	00	20.31	56.58
15	11	01	08	00	00	20.25	57.54
15	11	01	08	15	00	20.20	58.54
15	11	01	08	30	00	20.23	58.52
15	11	01	08	45	00	20.48	57.57
15	11	01	09	00	00	20.70	58.55
15	11	01	09	15	00	20.75	57.51
15	11	01	09	30	00	20.78	57.57
15	11	01	09	45	00	20.88	58.50
15	11	01	10	00	00	21.00	57.58
15	11	01	10	15	00	20.99	57.54
15	11	01	10	30	00	21.10	57.57
15	11	01	10	45	00	21.18	57.55
15	11	01	11	00	00	21.53	55.50
15	11	01	11	15	00	21.67	54.50
15	11	01	11	30	00	21.66	57.52
15	11	01	11	45	00	21.58	58.56
15	11	01	12	00	00	21.62	59.51
15	11	01	12	15	00	21.63	59.56
15	11	01	12	30	00	20.88	60.63
15	11	01	12	45	00	20.74	56.59
15	11	01	13	00	00	21.04	60.67
15	11	01	13	15	00	21.03	61.66
15	11	01	13	30	00	21.53	57.55
15	11	01	13	45	00	21.76	56.51
15	11	01	14	00	00	21.84	58.57
15	11	01	14	15	00	21.98	57.50
15	11	01	14	30	00	22.13	56.59
15	11	01	14	45	00	22.28	58.56
15	11	01	15	00	00	22.58	60.61
15	11	01	15	15	00	22.79	59.56
15	11	01	15	30	00	22.80	57.56
15	11	01	15	45	00	22.73	55.52
15	11	01	16	00	00	22.68	56.54
15	11	01	16	15	00	22.67	56.59
15	11	01	16	30	00	22.79	59.53
15	11	01	16	45	00	22.56	61.68
15	11	01	17	00	00	22.43	66.65
15	11	01	17	15	00	22.42	65.63
15	11	01	17	30	00	22.45	63.66
15	11	01	17	45	00	22.45	62.64
15	11	01	18	00	00	22.40	62.68
15	11	01	18	15	00	22.83	57.57
15	11	01	18	30	00	22.94	57.56
15	11	01	18	45	00	22.91	57.59
15	11	01	19	00	00	22.86	57.54
15	11	01	19	15	00	22.90	57.55
15	11	01	19	30	00	22.90	57.57
15	11	01	19	45	00	22.27	63.65
15	11	01	20	00	00	22.09	64.69
15	11	01	20	15	00	22.02	64.67
15	11	01	20	30	00	22.03	65.62
15	11	01	20	45	00	22.07	64.68
15	11	01	21	00	00	22.18	64.60
15	11	01	21	15	00	21.89	67.69
15	11	01	21	30	00	21.78	68.66
15	11	01	21	45	00	21.76	69.64
15	11	01	22	00	00	21.89	68.60
15	11	01	22	15	00	21.93	66.69
15	11	01	22	30	00	22.06	66.68
15	11	01	22	45	00	22.10	66.61
15	11	01	23	00	00	21.58	68.62
15	11	01	23	15	00	21.98	66.65
15	11	01	23	30	00	21.66	63.68
15	11	01	23	45	00	21.44	63.62
15	11	02	00	00	00	21.25	64.60
15	11	02	00	15	00	21.06	63.66
15	11	02	00	30	00	20.82	63.67
15	11	02	00	45	00	20.65	63.65
15	11	02	01	00	00	20.71	62.66
15	11	02	01	15	00	20.65	62.61
15	11	02	01	30	00	20.41	63.68
15	11	02	01	45	00	20.02	64.62
15	11	02	02	00	00	19.93	63.60
15	11	02	02	15	00	19.84	63.66
15	11	02	02	30	00	19.68	64.61
15	11	02	02	45	00	19.75	64.62
15	11	02	03	00	00	19.75	64.61
15	11	02	03	15	00	19.82	63.63
15	11	02	03	30	00	19.71	64.66
15	11	02	03	45	00	19.57	64.69
15	11	02	04	00	00	19.47	64.63
15	11	02	04	15	00	19.50	64.62
15	11	02	04	30	00	19.57	64.62
15	11	02	04	45	00	19.39	64.66
15	11	02	05	00	00	19.28	64.65
15	11	02	05	15	00	19.29	65.61
15	11	02	05	30	00	19.38	64.62
15	11	02	05	45	00	19.31	65.62
15	11	02	06	00	00	19.13	65.68
15	11	02	06	15	00	19.04	66.66
15	11	02	06	30	00	19.06	66.68
15	11	02	06	45	00	19.09	65.62
15	11	02	07	00	00	18.96	66.68
15	11	02	07	15	00	18.88	66.66
15	11	02	07	30	00	18.78	66.60
15	11	02	07	45	00	20.50	59.53
15	11	02	08	00	00	20.82	57.51
15	11	02	08	15	00	20.90	57.52
15	11	02	08	30	00	20.90	56.59
15	11	02	08	45	00	20.96	56.54
15	11	02	09	00	00	20.61	58.57
15	11	02	09	15	00	20.79	57.56
15	11	02	09	30	00	20.82	57.54
15	11	02	09	45	00	21.10	64.64
15	11	02	10	00	00	21.23	58.56
15	11	02	10	15	00	21.25	56.58
15	11	02	10	30	00	20.09	60.68
15	11	02	10	45	00	19.25	63.69
15	11	02	11	00	00	18.93	64.66
15	11	02	11	15	00	18.82	64.66
15	11	02	11	30	00	18.80	63.65
15	11	02	11	45	00	19.39	62.62
15	11	02	12	00	00	20.49	57.51
15	11	02	12	15	00	20.92	57.52
15	11	02	12	30	00	21.11	55.54
15	11	02	12	45	00	20.28	56.52
15	11	02	13	00	00	20.93	55.57
15	11	02	13	15	00	21.17	54.52
15	11	02	13	30	00	21.29	54.52
15	11	02	13	45	00	21.40	53.56
15	11	02	14	00	00	21.53	53.54
15	11	02	14	15	00	21.60	53.58
15	11	02	14	30	00	21.63	52.53
15	11	02	14	45	00	21.60	52.53
15	11	02	15	00	00	21.62	53.51
15	11	02	15	15	00	21.66	53.55
15	11	02	15	30	00	21.64	52.56
15	11	02	15	45	00	21.58	53.59
15	11	02	16	00	00	21.64	66.60
15	11	02	16	15	00	25.07	54.50
15	11	02	16	30	00	27.37	46.44
15	11	02	16	45	00	28.58	42.48
15	11	02	17	00	00	27.30	43.43
15	11	02	17	15	00	25.43	46.40
15	11	02	17	30	00	24.63	48.41
15	11	02	17	45	00	24.11	49.49
15	11	02	18	00	00	23.93	50.55
15	11	02	18	15	00	23.71	50.58
15	11	02	18	30	00	23.53	49.43
15	11	02	18	45	00	23.17	50.58
15	11	02	19	00	00	23.17	49.41
15	11	02	19	15	00	22.95	50.53
15	11	02	19	30	00	22.79	50.50
15	11	02	19	45	00	22.68	49.43
15	11	02	20	00	00	22.60	50.53
15	11	02	20	15	00	22.53	50.56
15	11	02	20	30	00	22.38	50.57
15	11	02	20	45	00	22.25	50.59
15	11	02	21	00	00	22.21	50.57
15	11	02	21	15	00	22.11	50.59
15	11	02	21	30	00	22.09	49.49
15	11	02	21	45	00	22.00	49.45
15	11	02	22	00	00	21.88	49.41
15	11	02	22	15	00	21.33	50.55
15	11	02	22	30	00	21.63	49.46
15	11	02	22	45	00	21.67	49.40
15	11	02	23	00	00	21.59	49.47
15	11	02	23	15	00	21.48	49.40
15	11	02	23	30	00	21.41	48.45
15	11	02	23	45	00	21.41	48.46
15	11	03	00	00	00	21.36	48.46
15	11	03	00	15	00	21.30	48.46
15	11	03	00	30	00	21.25	48.40
15	11	03	00	45	00	21.25	47.44
15	11	03	01	00	00	18.77	51.53
15	11	03	01	15	00	18.08	54.50
15	11	03	01	30	00	17.87	54.54
15	11	03	01	45	00	17.75	53.56
15	11	03	02	00	00	17.76	53.54
15	11	03	02	15	00	17.86	52.57
15	11	03	02	30	00	17.75	52.57
15	11	03	02	45	00	17.65	51.52
15	11	03	03	00	00	17.56	51.57
15	11	03	03	15	00	17.52	50.50
15	11	03	03	30	00	17.47	50.53
15	11	03	03	45	00	17.31	50.56
15	11	03	04	00	00	17.22	50.58
15	11	03	04	15	00	17.05	50.57
15	11	03	04	30	00	17.26	49.47
15	11	03	04	45	00	20.31	43.46
15	11	03	05	00	00	21.74	40.40
15	11	03	05	15	00	18.92	47.49
15	11	03	05	30	00	17.99	48.44
15	11	03	05	45	00	17.53	49.40
15	11	03	06	00	00	17.24	49.47
15	11	03	06	15	00	16.90	49.44
15	11	03	06	30	00	16.65	49.48
15	11	03	06	45	00	17.70	47.46
15	11	03	07	00	00	20.02	41.46
15	11	03	07	15	00	19.51	42.40
15	11	03	07	30	00	17.52	47.43
15	11	03	07	45	00	16.90	48.48
15	11	03	08	00	00	16.73	49.47
15	11	03	08	15	00	16.58	49.43
15	11	03	08	30	00	16.91	48.44
15	11	03	08	45	00	17.87	46.46
15	11	03	09	00	00	18.92	44.42
15	11	03	09	15	00	19.65	42.43
15	11	03	09	30	00	20.25	41.44
15	11	03	09	45	00	20.72	41.42
15	11	03	10	00	00	20.93	39.36
15	11	03	10	15	00	21.17	39.38
15	11	03	10	30	00	21.88	40.40
15	11	03	10	45	00	22.36	40.48
15	11	03	11	00	00	22.49	39.31
15	11	03	11	15	00	22.49	38.37
15	11	03	11	30	00	22.43	39.30
15	11	03	11	45	00	22.32	38.35
15	11	03	12	00	00	21.85	37.36
15	11	03	12	15	00	21.98	38.35
15	11	03	12	30	00	21.98	38.37
15	11	03	12	45	00	22.06	38.37
15	11	03	13	00	00	22.04	38.32
15	11	03	13	15	00	22.02	38.37
15	11	03	13	30	00	22.00	37.35
15	11	03	13	45	00	21.98	38.30
15	11	03	14	00	00	21.95	38.33
15	11	03	14	15	00	21.93	38.38
15	11	03	14	30	00	21.93	37.30
15	11	03	14	45	00	21.89	37.31
15	11	03	15	00	00	21.88	37.31
15	11	03	15	15	00	21.82	36.36
15	11	03	15	30	00	21.78	37.31
15	11	03	15	45	00	21.74	36.39
15	11	03	16	00	00	21.67	36.34
15	11	03	16	15	00	21.64	37.31
15	11	03	16	30	00	21.64	37.36
15	11	03	16	45	00	21.66	37.36
15	11	03	17	00	00	21.60	37.31
15	11	03	17	15	00	21.56	37.36
15	11	03	17	30	00	21.53	37.36
15	11	03	17	45	00	21.53	37.38
15	11	03	18	00	00	21.47	37.38
15	11	03	18	15	00	21.43	49.44
15	11	03	18	30	00	21.73	42.48
15	11	03	18	45	00	21.74	40.40
15	11	03	19	00	00	21.62	41.45
15	11	03	19	15	00	21.50	41.49
15	11	03	19	30	00	21.34	40.42
15	11	03	19	45	00	21.23	40.44
15	11	03	20	00	00	21.21	40.40
15	11	03	20	15	00	21.18	40.40
15	11	03	20	30	00	21.08	40.40
15	11	03	20	45	00	19.68	38.32
15	11	03	21	00	00	18.77	40.42
15	11	03	21	15	00	18.88	40.42
15	11	03	21	30	00	19.21	38.33
15	11	03	21	45	00	19.71	41.44
15	11	03	22	00	00	22.31	37.31
15	11	03	22	15	00	25.24	32.31
15	11	03	22	30	00	26.75	30.34
15	11	03	22	45	00	27.74	29.29
15	11	03	23	00	00	25.76	32.31
15	11	03	23	15	00	24.26	34.35
15	11	03	23	30	00	23.55	35.37
15	11	03	23	45	00	23.10	36.36
15	11	04	00	00	00	22.78	36.32
15	11	04	00	15	00	22.51	36.34
15	11	04	00	30	00	22.27	36.39
15	11	04	00	45	00	22.10	36.34
15	11	04	01	00	00	22.00	36.39
15	11	04	01	15	00	21.93	35.39
15	11	04	01	30	00	21.76	36.34
15	11	04	01	45	00	21.63	36.34
15	11	04	02	00	00	21.53	36.31
15	11	04	02	15	00	21.47	36.34
15	11	04	02	30	00	21.34	36.32
15	11	04	02	45	00	21.18	36.31
15	11	04	03	00	00	21.03	36.37
15	11	04	03	15	00	20.99	36.32
15	11	04	03	30	00	20.92	36.34
15	11	04	03	45	00	20.79	36.32
15	11	04	04	00	00	20.68	36.39
15	11	04	04	15	00	20.63	36.36
15	11	04	04	30	00	20.63	36.34
15	11	04	04	45	00	20.53	36.31
15	11	04	05	00	00	20.43	36.31
15	11	04	05	15	00	20.35	36.32
15	11	04	05	30	00	20.34	35.32
15	11	04	05	45	00	20.28	35.34
15	11	04	06	00	00	20.17	35.37
15	11	04	06	15	00	20.09	35.32
15	11	04	06	30	00	20.05	35.35
15	11	04	06	45	00	20.07	35.30
15	11	04	07	00	00	19.95	36.37
15	11	04	07	15	00	19.82	36.39
15	11	04	07	30	00	19.72	35.39
15	11	04	07	45	00	19.68	35.35
15	11	04	08	00	00	19.94	35.30
15	11	04	08	15	00	20.60	34.37
15	11	04	08	30	00	20.16	34.32
15	11	04	08	45	00	20.13	34.38
15	11	04	09	00	00	20.32	32.34
15	11	04	09	15	00	20.74	32.33
15	11	04	09	30	00	21.04	31.38
15	11	04	09	45	00	21.37	31.39
15	11	04	10	00	00	21.66	31.39
15	11	04	10	15	00	21.85	31.31
15	11	04	10	30	00	21.10	30.34
15	11	04	10	45	00	20.94	30.31
15	11	04	11	00	00	21.43	31.34
15	11	04	11	15	00	21.67	31.36
15	11	04	11	30	00	21.70	31.39
15	11	04	11	45	00	21.63	31.36
15	11	04	12	00	00	21.51	30.34
15	11	04	12	15	00	21.37	30.37
15	11	04	12	30	00	21.50	33.33
15	11	04	12	45	00	24.55	28.24
15	11	04	13	00	00	23.16	29.26
15	11	04	13	15	00	22.42	30.31
15	11	04	13	30	00	22.09	30.39
15	11	04	13	45	00	21.89	30.31
15	11	04	14	00	00	21.84	30.34
15	11	04	14	15	00	21.77	30.34
15	11	04	14	30	00	21.63	29.21
15	11	04	14	45	00	21.56	29.26
15	11	04	15	00	00	21.51	29.26
15	11	04	15	15	00	21.48	29.21
15	11	04	15	30	00	21.33	29.26
15	11	04	15	45	00	21.19	29.21
15	11	04	16	00	00	21.12	29.21
15	11	04	16	15	00	21.06	29.26
15	11	04	16	30	00	21.06	29.24
15	11	04	16	45	00	21.01	29.26
15	11	04	17	00	00	21.08	30.36
15	11	04	17	15	00	21.10	31.39
15	11	04	17	30	00	21.11	32.36
15	11	04	17	45	00	21.14	31.31
15	11	04	18	00	00	21.17	31.34
15	11	04	18	15	00	21.15	31.33
15	11	04	18	30	00	21.12	32.38
15	11	04	18	45	00	21.11	32.38
15	11	04	19	00	00	21.06	32.31
15	11	04	19	15	00	20.89	31.31
15	11	04	19	30	00	20.78	32.38
15	11	04	19	45	00	20.68	32.36
15	11	04	20	00	00	20.60	32.31
15	11	04	20	15	00	20.49	33.31
15	11	04	20	30	00	20.52	33.38
15	11	04	20	45	00	20.53	33.35
15	11	04	21	00	00	20.53	33.30
15	11	04	21	15	00	20.52	33.38
15	11	04	21	30	00	20.50	33.33
15	11	04	21	45	00	20.49	33.33
15	11	04	22	00	00	20.48	33.33
15	11	04	22	15	00	20.45	33.31
15	11	04	22	30	00	20.41	33.31
15	11	04	22	45	00	20.37	33.31
15	11	04	23	00	00	19.73	33.31
15	11	04	23	15	00	19.51	33.34
15	11	04	23	30	00	19.32	33.38
15	11	04	23	45	00	19.44	33.33
15	11	05	00	00	00	20.16	33.31
15	11	05	00	15	00	20.68	32.38
15	11	05	00	30	00	21.21	32.38
15	11	05	00	45	00	21.78	33.33
15	11	05	01	00	00	22.00	33.31
15	11	05	01	15	00	21.96	32.38
15	11	05	01	30	00	21.91	32.39
15	11	05	01	45	00	21.87	33.36
15	11	05	02	00	00	21.81	33.38
15	11	05	02	15	00	21.71	33.31
15	11	05	02	30	00	21.60	33.33
15	11	05	02	45	00	21.50	33.35
15	11	05	03	00	00	21.41	33.38
15	11	05	03	15	00	21.30	33.30
15	11	05	03	30	00	21.14	33.33
15	11	05	03	45	00	21.01	33.38
15	11	05	04	00	00	20.90	34.35
15	11	05	04	15	00	21.11	35.33
15	11	05	04	30	00	21.47	35.37
15	11	05	04	45	00	21.76	34.32
15	11	05	05	00	00	22.10	34.38
15	11	05	05	15	00	22.21	32.36
15	11	05	05	30	00	21.98	32.31
15	11	05	05	45	00	21.81	32.38
15	11	05	06	00	00	21.64	32.33
15	11	05	06	15	00	21.50	33.36
15	11	05	06	30	00	21.33	33.35
15	11	05	06	45	00	21.17	33.33
15	11	05	07	00	00	21.01	33.35
15	11	05	07	15	00	20.88	33.38
15	11	05	07	30	00	21.30	34.35
15	11	05	07	45	00	21.59	34.35
15	11	05	08	00	00	21.91	34.38
15	11	05	08	15	00	22.00	33.38
15	11	05	08	30	00	21.81	33.33
15	11	05	08	45	00	21.69	33.36
15	11	05	09	00	00	21.51	33.38
15	11	05	09	15	00	21.40	33.38
15	11	05	09	30	00	21.30	34.38
15	11	05	09	45	00	21.36	34.37
15	11	05	10	00	00	21.36	34.32
15	11	05	10	15	00	21.37	35.30
15	11	05	10	30	00	21.37	35.38
15	11	05	10	45	00	21.37	35.30
15	11	05	11	00	00	21.39	35.30
15	11	05	11	15	00	21.39	35.32
15	11	05	11	30	00	21.34	34.37
15	11	05	11	45	00	21.32	35.30
15	11	05	12	00	00	21.33	35.35
15	11	05	12	15	00	21.30	34.35
15	11	05	12	30	00	21.34	35.32
15	11	05	12	45	00	21.34	34.30
15	11	05	13	00	00	21.33	34.35
15	11	05	13	15	00	21.33	34.38
15	11	05	13	30	00	21.34	34.33
15	11	05	13	45	00	21.36	34.30
15	11	05	14	00	00	21.37	35.35
15	11	05	14	15	00	21.41	35.32
15	11	05	14	30	00	21.44	35.39
15	11	05	14	45	00	21.48	36.39
15	11	05	15	00	00	21.55	38.39
15	11	05	15	15	00	21.60	38.30
15	11	05	15	30	00	21.64	37.38
15	11	05	15	45	00	21.67	37.33
15	11	05	16	00	00	21.70	37.38
15	11	05	16	15	00	21.70	36.31
15	11	05	16	30	00	21.74	37.34
15	11	05	16	45	00	21.77	36.36
15	11	05	17	00	00	21.80	36.32
15	11	05	17	15	00	21.74	36.34
15	11	05	17	30	00	21.73	35.39
15	11	05	17	45	00	21.67	35.32
15	11	05	18	00	00	21.63	35.35
15	11	05	18	15	00	21.59	36.36
15	11	05	18	30	00	21.51	36.39
15	11	05	18	45	00	21.43	36.34
15	11	05	19	00	00	21.41	36.36
15	11	05	19	15	00	21.36	37.31
15	11	05	19	30	00	21.29	37.38
15	11	05	19	45	00	21.21	37.36
15	11	05	20	00	00	21.12	37.31
15	11	05	20	15	00	21.07	37.31
15	11	05	20	30	00	21.03	37.38
15	11	05	20	45	00	21.01	37.39
15	11	05	21	00	00	21.14	37.31
15	11	05	21	15	00	21.15	37.34
15	11	05	21	30	00	21.15	37.38
15	11	05	21	45	00	21.15	37.31
15	11	05	22	00	00	21.11	36.36
15	11	05	22	15	00	21.14	37.33
15	11	05	22	30	00	21.15	37.31
15	11	05	22	45	00	21.17	36.39
15	11	05	23	00	00	21.12	37.31
15	11	05	23	15	00	21.14	37.33
15	11	05	23	30	00	21.12	37.30
15	11	05	23	45	00	21.11	37.30
15	11	06	00	00	00	21.06	37.33
15	11	06	00	15	00	21.04	37.38
15	11	06	00	30	00	21.00	37.33
15	11	06	00	45	00	20.94	36.31
15	11	06	01	00	00	20.89	37.36
15	11	06	01	15	00	20.85	36.39
15	11	06	01	30	00	20.78	36.34
15	11	06	01	45	00	20.71	36.36
15	11	06	02	00	00	20.63	36.36
15	11	06	02	15	00	20.54	36.36
15	11	06	02	30	00	20.48	36.39
15	11	06	02	45	00	20.42	36.39
15	11	06	03	00	00	20.37	35.37
15	11	06	03	15	00	20.34	36.32
15	11	06	03	30	00	20.27	35.39
15	11	06	03	45	00	20.20	35.37
15	11	06	04	00	00	20.16	35.35
15	11	06	04	15	00	20.08	35.35
15	11	06	04	30	00	20.02	35.32
15	11	06	04	45	00	19.98	35.37
15	11	06	05	00	00	19.93	35.32
15	11	06	05	15	00	19.87	35.35
15	11	06	05	30	00	19.82	35.37
15	11	06	05	45	00	19.76	35.39
15	11	06	06	00	00	19.71	35.32
15	11	06	06	15	00	19.67	35.32
15	11	06	06	30	00	19.60	35.37
15	11	06	06	45	00	19.57	36.32
15	11	06	07	00	00	19.51	36.37
15	11	06	07	15	00	19.46	36.32
15	11	06	07	30	00	19.39	36.37
15	11	06	07	45	00	19.33	36.34
15	11	06	08	00	00	19.28	36.32
15	11	06	08	15	00	19.24	36.39
15	11	06	08	30	00	19.20	36.36
15	11	06	08	45	00	19.26	37.33
15	11	06	09	00	00	19.21	36.34
15	11	06	09	15	00	19.28	35.30
15	11	06	09	30	00	19.38	35.37
15	11	06	09	45	00	19.50	34.37
15	11	06	10	00	00	19.60	34.35
15	11	06	10	15	00	19.69	35.32
15	11	06	10	30	00	19.84	36.32
15	11	06	10	45	00	19.95	36.34
15	11	06	11	00	00	20.04	36.36
15	11	06	11	15	00	20.11	36.36
15	11	06	11	30	00	20.21	36.39
15	11	06	11	45	00	20.27	36.34
15	11	06	12	00	00	20.35	36.32
15	11	06	12	15	00	20.38	35.30
15	11	06	12	30	00	20.46	36.37
15	11	06	12	45	00	20.54	36.34
15	11	06	13	00	00	20.61	36.34
15	11	06	13	15	00	21.10	36.37
15	11	06	13	30	00	21.58	36.32
15	11	06	13	45	00	22.20	36.39
15	11	06	14	00	00	22.68	35.37
15	11	06	14	15	00	22.75	35.37
15	11	06	14	30	00	22.76	34.35
15	11	06	14	45	00	22.80	35.30
15	11	06	15	00	00	22.90	34.38
15	11	06	15	15	00	22.89	34.35
15	11	06	15	30	00	22.86	33.36
15	11	06	15	45	00	22.82	33.33
15	11	06	16	00	00	22.78	33.36
15	11	06	16	15	00	22.73	33.38
15	11	06	16	30	00	22.69	33.38
15	11	06	16	45	00	22.65	33.38
15	11	06	17	00	00	22.61	33.33
15	11	06	17	15	00	22.57	33.31
15	11	06	17	30	00	22.51	33.36
15	11	06	17	45	00	22.49	34.35
15	11	06	18	00	00	22.45	34.38
15	11	06	18	15	00	22.43	35.32
15	11	06	18	30	00	22.39	35.37
15	11	06	18	45	00	22.38	35.39
15	11	06	19	00	00	22.39	37.36
15	11	06	19	15	00	22.40	37.35
15	11	06	19	30	00	22.35	37.33
15	11	06	19	45	00	22.31	37.35
15	11	06	20	00	00	22.27	37.31
15	11	06	20	15	00	22.24	37.39
15	11	06	20	30	00	22.18	37.38
15	11	06	20	45	00	22.04	37.33
15	11	06	21	00	00	21.87	37.33
15	11	06	21	15	00	21.85	37.33
15	11	06	21	30	00	21.74	37.33
15	11	06	21	45	00	21.67	37.33
15	11	06	22	00	00	21.59	37.33
15	11	06	22	15	00	21.51	38.30
15	11	06	22	30	00	21.37	38.30
15	11	06	22	45	00	21.32	38.30
15	11	06	23	00	00	21.23	38.38
15	11	06	23	15	00	21.06	38.37
15	11	06	23	30	00	21.19	38.30
15	11	06	23	45	00	21.33	38.35
15	11	07	00	00	00	21.40	38.32
15	11	07	00	15	00	21.41	37.38
15	11	07	00	30	00	21.41	37.38
15	11	07	00	45	00	21.39	37.35
15	11	07	01	00	00	21.36	37.30
15	11	07	01	15	00	21.34	37.35
15	11	07	01	30	00	21.33	37.35
15	11	07	01	45	00	21.28	37.30
15	11	07	02	00	00	21.21	37.33
15	11	07	02	15	00	21.15	37.38
15	11	07	02	30	00	21.10	37.35
15	11	07	02	45	00	20.60	38.32
15	11	07	03	00	00	20.27	39.33
15	11	07	03	15	00	20.17	40.45
15	11	07	03	30	00	19.94	40.49
15	11	07	03	45	00	20.60	39.36
15	11	07	04	00	00	21.04	39.34
15	11	07	04	15	00	20.85	39.31
15	11	07	04	30	00	20.52	39.33
15	11	07	04	45	00	20.23	39.30
15	11	07	05	00	00	20.01	40.43
15	11	07	05	15	00	19.89	40.48
15	11	07	05	30	00	19.89	40.49
15	11	07	05	45	00	19.54	41.49
15	11	07	06	00	00	20.11	40.43
15	11	07	06	15	00	20.64	39.31
15	11	07	06	30	00	21.15	38.35
15	11	07	06	45	00	20.37	39.39
15	11	07	07	00	00	19.86	39.36
15	11	07	07	15	00	19.61	39.38
15	11	07	07	30	00	19.64	39.38
15	11	07	07	45	00	19.42	40.43
15	11	07	08	00	00	19.83	40.43
15	11	07	08	15	00	20.49	39.39
15	11	07	08	30	00	20.97	38.37
15	11	07	08	45	00	20.89	38.32
15	11	07	09	00	00	20.67	38.37
15	11	07	09	15	00	20.70	38.30
15	11	07	09	30	00	20.72	38.30
15	11	07	09	45	00	20.83	38.32
15	11	07	10	00	00	20.97	39.39
15	11	07	10	15	00	21.07	39.34
15	11	07	10	30	00	21.15	38.37
15	11	07	10	45	00	21.26	38.34
15	11	07	11	00	00	21.34	38.37
15	11	07	11	15	00	21.43	38.30
15	11	07	11	30	00	21.48	38.32
15	11	07	11	45	00	21.53	38.35
15	11	07	12	00	00	21.58	38.32
15	11	07	12	15	00	21.60	37.30
15	11	07	12	30	00	21.62	37.38
15	11	07	12	45	00	21.66	37.33
15	11	07	13	00	00	21.66	37.35
15	11	07	13	15	00	21.69	37.35
15	11	07	13	30	00	21.69	37.35
15	11	07	13	45	00	21.67	37.33
15	11	07	14	00	00	21.73	38.37
15	11	07	14	15	00	21.76	38.30
15	11	07	14	30	00	21.78	37.38
15	11	07	14	45	00	21.78	37.33
15	11	07	15	00	00	21.81	37.33
15	11	07	15	15	00	21.81	37.39
15	11	07	15	30	00	21.82	37.33
15	11	07	15	45	00	21.81	37.36
15	11	07	16	00	00	21.82	39.31
15	11	07	16	15	00	21.84	39.37
15	11	07	16	30	00	21.84	38.37
15	11	07	16	45	00	21.84	37.38
15	11	07	17	00	00	21.81	37.31
15	11	07	17	15	00	21.85	38.30
15	11	07	17	30	00	21.91	38.35
15	11	07	17	45	00	21.92	38.35
15	11	07	18	00	00	21.93	37.38
15	11	07	18	15	00	21.92	37.35
15	11	07	18	30	00	21.93	38.32
15	11	07	18	45	00	21.95	38.32
15	11	07	19	00	00	21.93	39.32
15	11	07	19	15	00	21.95	39.37
15	11	07	19	30	00	22.03	39.38
15	11	07	19	45	00	22.11	40.45
15	11	07	20	00	00	22.17	40.44
15	11	07	20	15	00	22.22	40.42
15	11	07	20	30	00	22.21	41.44
15	11	07	20	45	00	22.10	41.46
15	11	07	21	00	00	22.06	42.45
15	11	07	21	15	00	22.00	42.43
15	11	07	21	30	00	21.95	42.48
15	11	07	21	45	00	21.89	41.46
15	11	07	22	00	00	21.88	41.45
15	11	07	22	15	00	21.87	40.47
15	11	07	22	30	00	21.91	40.45
15	11	07	22	45	00	21.88	40.43
15	11	07	23	00	00	21.91	39.33
15	11	07	23	15	00	21.89	39.31
15	11	07	23	30	00	21.88	39.34
15	11	07	23	45	00	21.78	39.34
15	11	08	00	00	00	21.81	39.30
15	11	08	00	15	00	21.76	38.37
15	11	08	00	30	00	21.76	38.37
15	11	08	00	45	00	21.73	38.39
15	11	08	01	00	00	21.71	38.37
15	11	08	01	15	00	21.69	38.39
15	11	08	01	30	00	21.67	38.32
15	11	08	01	45	00	21.60	38.34
15	11	08	02	00	00	21.59	38.32
15	11	08	02	15	00	21.34	39.31
15	11	08	02	30	00	21.03	40.43
15	11	08	02	45	00	21.21	39.38
15	11	08	03	00	00	21.22	39.30
15	11	08	03	15	00	21.19	40.46
15	11	08	03	30	00	21.14	40.45
15	11	08	03	45	00	21.08	40.40
15	11	08	04	00	00	21.04	40.40
15	11	08	04	15	00	21.01	40.47
15	11	08	04	30	00	20.94	41.44
15	11	08	04	45	00	20.89	41.41
15	11	08	05	00	00	20.86	41.43
15	11	08	05	15	00	20.82	41.43
15	11	08	05	30	00	20.77	41.44
15	11	08	05	45	00	20.71	41.48
15	11	08	06	00	00	20.65	41.48
15	11	08	06	15	00	20.61	42.43
15	11	08	06	30	00	20.57	42.45
15	11	08	06	45	00	20.53	42.40
15	11	08	07	00	00	20.48	42.40
15	11	08	07	15	00	20.42	42.43
15	11	08	07	30	00	20.38	41.41
15	11	08	07	45	00	20.31	41.46
15	11	08	08	00	00	20.28	41.41
15	11	08	08	15	00	20.23	42.45
15	11	08	08	30	00	20.23	42.40
15	11	08	08	45	00	20.24	43.47
15	11	08	09	00	00	20.23	43.40
15	11	08	09	15	00	20.24	45.48
15	11	08	09	30	00	20.25	45.49
15	11	08	09	45	00	20.25	46.48
15	11	08	10	00	00	20.30	48.40
15	11	08	10	15	00	20.31	48.42
15	11	08	10	30	00	20.34	48.45
15	11	08	10	45	00	20.38	47.45
15	11	08	11	00	00	20.32	48.45
15	11	08	11	15	00	20.35	48.40
15	11	08	11	30	00	20.38	48.43
15	11	08	11	45	00	20.39	48.48
15	11	08	12	00	00	20.39	48.43
15	11	08	12	15	00	20.39	48.45
15	11	08	12	30	00	20.42	48.48
15	11	08	12	45	00	20.43	48.45
15	11	08	13	00	00	20.43	49.47
15	11	08	13	15	00	20.43	49.47
15	11	08	13	30	00	20.46	49.49
15	11	08	13	45	00	20.48	49.49
15	11	08	14	00	00	20.49	49.47
15	11	08	14	15	00	20.50	49.44
15	11	08	14	30	00	20.56	50.53
15	11	08	14	45	00	20.60	51.56
15	11	08	15	00	00	20.67	50.59
15	11	08	15	15	00	20.92	56.50
15	11	08	15	30	00	20.97	56.51
15	11	08	15	45	00	20.97	58.52
15	11	08	16	00	00	20.93	57.51
15	11	08	16	15	00	20.89	55.51
15	11	08	16	30	00	20.85	56.59
15	11	08	16	45	00	20.81	58.52
15	11	08	17	00	00	20.83	56.53
15	11	08	17	15	00	20.96	55.50
15	11	08	17	30	00	21.08	55.55
15	11	08	17	45	00	21.19	54.54
15	11	08	18	00	00	21.26	53.54
15	11	08	18	15	00	21.37	52.50
15	11	08	18	30	00	21.40	51.59
15	11	08	18	45	00	21.46	50.53
15	11	08	19	00	00	21.55	50.54
15	11	08	19	15	00	21.58	50.50
15	11	08	19	30	00	21.59	49.46
15	11	08	19	45	00	21.58	49.47
15	11	08	20	00	00	21.53	48.45
15	11	08	20	15	00	21.53	48.46
15	11	08	20	30	00	21.50	48.45
15	11	08	20	45	00	21.43	47.42
15	11	08	21	00	00	21.40	46.42
15	11	08	21	15	00	21.67	47.43
15	11	08	21	30	00	22.10	47.44
15	11	08	21	45	00	22.65	45.42
15	11	08	22	00	00	22.67	45.49
15	11	08	22	15	00	22.58	45.43
15	11	08	22	30	00	22.50	44.46
15	11	08	22	45	00	22.46	44.44
15	11	08	23	00	00	22.42	44.43
