15	11	03	20	15	00	21.76	39.37
15	11	03	20	30	00	20.97	34.32
15	11	03	20	45	00	20.31	35.30
15	11	03	21	00	00	20.45	37.38
15	11	03	21	15	00	21.14	36.31
15	11	03	21	30	00	21.85	34.35
15	11	03	21	45	00	22.48	34.38
15	11	03	22	00	00	22.50	35.30
15	11	03	22	15	00	22.08	35.30
15	11	03	22	30	00	21.88	35.32
15	11	03	22	45	00	21.84	35.30
15	11	03	23	00	00	21.71	35.37
15	11	03	23	15	00	21.56	34.35
15	11	03	23	30	00	21.47	34.33
15	11	03	23	45	00	21.34	33.33
15	11	04	00	00	00	21.20	33.38
15	11	04	00	15	00	21.08	33.33
15	11	04	00	30	00	20.98	33.35
15	11	04	00	45	00	20.88	34.33
15	11	04	01	00	00	20.78	34.30
15	11	04	01	15	00	20.74	34.35
15	11	04	01	30	00	20.59	34.38
15	11	04	01	45	00	20.42	34.38
15	11	04	02	00	00	20.21	34.35
15	11	04	02	15	00	20.10	34.33
15	11	04	02	30	00	20.01	34.38
15	11	04	02	45	00	19.88	34.30
15	11	04	03	00	00	19.78	34.30
15	11	04	03	15	00	19.68	34.38
15	11	04	03	30	00	19.64	34.30
15	11	04	03	45	00	19.52	34.30
15	11	04	04	00	00	19.45	34.30
15	11	04	04	15	00	19.35	34.35
15	11	04	04	30	00	19.28	34.35
15	11	04	04	45	00	19.25	33.36
15	11	04	05	00	00	19.16	33.33
15	11	04	05	15	00	19.09	33.38
15	11	04	05	30	00	19.04	33.33
15	11	04	05	45	00	18.96	33.31
15	11	04	06	00	00	18.83	33.33
15	11	04	06	15	00	18.73	33.31
15	11	04	06	30	00	18.60	33.33
15	11	04	06	45	00	18.48	33.34
15	11	04	07	00	00	18.48	34.31
15	11	04	07	15	00	18.71	33.33
15	11	04	07	30	00	18.55	33.33
15	11	04	07	45	00	18.51	33.38
15	11	04	08	00	00	18.48	33.33
15	11	04	08	15	00	18.54	34.38
15	11	04	08	30	00	18.57	34.35
15	11	04	08	45	00	18.61	35.37
15	11	04	09	00	00	18.67	35.35
15	11	04	09	15	00	18.73	34.37
15	11	04	09	30	00	18.79	34.38
15	11	04	09	45	00	18.85	33.35
15	11	04	10	00	00	18.88	34.30
15	11	04	10	15	00	18.95	34.33
15	11	04	10	30	00	19.02	34.33
15	11	04	10	45	00	19.06	34.30
15	11	04	11	00	00	19.06	32.38
15	11	04	11	15	00	19.15	33.34
15	11	04	11	30	00	19.24	33.33
15	11	04	11	45	00	19.95	33.31
15	11	04	12	00	00	20.10	31.36
15	11	04	12	15	00	20.08	31.34
15	11	04	12	30	00	20.08	31.39
15	11	04	12	45	00	20.08	30.39
15	11	04	13	00	00	20.10	30.36
15	11	04	13	15	00	20.11	29.24
15	11	04	13	30	00	20.10	28.26
15	11	04	13	45	00	20.10	29.24
15	11	04	14	00	00	20.13	28.23
15	11	04	14	15	00	20.15	28.21
15	11	04	14	30	00	20.15	28.29
15	11	04	14	45	00	20.11	28.23
15	11	04	15	00	00	20.10	28.26
15	11	04	15	15	00	20.07	28.29
15	11	04	15	30	00	20.08	28.21
15	11	04	15	45	00	20.08	28.24
15	11	04	16	00	00	20.07	29.24
15	11	04	16	15	00	20.05	30.34
15	11	04	16	30	00	20.11	31.39
15	11	04	16	45	00	20.10	31.34
15	11	04	17	00	00	20.07	31.39
15	11	04	17	15	00	20.01	32.31
15	11	04	17	30	00	19.92	33.36
15	11	04	17	45	00	19.85	32.34
15	11	04	18	00	00	19.72	33.31
15	11	04	18	15	00	19.65	32.36
15	11	04	18	30	00	19.54	32.36
15	11	04	18	45	00	19.51	32.31
15	11	04	19	00	00	19.41	33.35
15	11	04	19	15	00	19.39	38.37
15	11	04	19	30	00	19.05	33.33
15	11	04	19	45	00	19.54	30.38
15	11	04	20	00	00	18.98	30.39
15	11	04	20	15	00	15.96	39.33
15	11	04	20	30	00	18.93	31.31
15	11	04	20	45	00	19.68	29.26
15	11	04	21	00	00	19.95	28.21
15	11	04	21	15	00	20.11	28.21
15	11	04	21	30	00	20.19	28.21
15	11	04	21	45	00	20.25	27.28
15	11	04	22	00	00	20.25	27.21
15	11	04	22	15	00	20.25	27.28
15	11	04	22	30	00	20.29	27.28
15	11	04	22	45	00	20.26	27.21
15	11	04	23	00	00	20.28	28.24
15	11	04	23	15	00	20.29	28.23
15	11	04	23	30	00	20.31	28.28
15	11	04	23	45	00	20.31	28.23
15	11	05	00	00	00	20.29	28.26
15	11	05	00	15	00	20.29	29.29
15	11	05	00	30	00	20.28	29.29
15	11	05	00	45	00	20.28	29.21
15	11	05	01	00	00	20.28	29.24
15	11	05	01	15	00	20.25	30.34
15	11	05	01	30	00	20.25	30.31
15	11	05	01	45	00	20.23	30.39
15	11	05	02	00	00	20.22	30.39
15	11	05	02	15	00	20.21	30.34
15	11	05	02	30	00	20.21	30.31
15	11	05	02	45	00	20.18	31.34
15	11	05	03	00	00	20.16	31.39
15	11	05	03	15	00	20.15	31.31
15	11	05	03	30	00	20.15	31.31
15	11	05	03	45	00	20.11	31.36
15	11	05	04	00	00	20.21	31.36
15	11	05	04	15	00	20.32	31.34
15	11	05	04	30	00	20.42	30.34
15	11	05	04	45	00	20.56	30.36
15	11	05	05	00	00	20.68	30.34
15	11	05	05	15	00	20.81	30.34
15	11	05	05	30	00	20.92	30.31
15	11	05	05	45	00	21.04	30.39
15	11	05	06	00	00	21.11	29.24
15	11	05	06	15	00	21.18	29.26
15	11	05	06	30	00	21.25	28.23
15	11	05	06	45	00	21.31	28.26
15	11	05	07	00	00	21.35	28.29
15	11	05	07	15	00	21.27	28.21
15	11	05	07	30	00	21.15	28.26
15	11	05	07	45	00	21.09	29.26
15	11	05	08	00	00	21.05	29.28
15	11	05	08	15	00	20.97	29.24
15	11	05	08	30	00	20.85	30.36
15	11	05	08	45	00	20.77	30.31
15	11	05	09	00	00	20.69	30.34
15	11	05	09	15	00	20.64	31.31
15	11	05	09	30	00	20.56	31.36
15	11	05	09	45	00	20.52	31.36
15	11	05	10	00	00	20.49	32.39
15	11	05	10	15	00	20.46	32.31
15	11	05	10	30	00	20.42	32.36
15	11	05	10	45	00	20.39	33.33
15	11	05	11	00	00	20.38	33.38
15	11	05	11	15	00	20.36	32.33
15	11	05	11	30	00	20.36	32.38
15	11	05	11	45	00	20.36	32.36
15	11	05	12	00	00	20.36	32.36
15	11	05	12	15	00	20.36	32.33
15	11	05	12	30	00	20.38	32.31
15	11	05	12	45	00	20.38	32.39
15	11	05	13	00	00	20.39	32.31
15	11	05	13	15	00	20.39	32.36
15	11	05	13	30	00	20.39	32.33
15	11	05	13	45	00	20.41	32.34
15	11	05	14	00	00	20.41	32.36
15	11	05	14	15	00	20.38	32.33
15	11	05	14	30	00	20.39	32.36
15	11	05	14	45	00	20.38	32.36
15	11	05	15	00	00	20.38	31.31
15	11	05	15	15	00	20.38	31.31
15	11	05	15	30	00	20.39	31.39
15	11	05	15	45	00	20.39	31.36
15	11	05	16	00	00	20.35	31.36
15	11	05	16	15	00	20.36	31.34
15	11	05	16	30	00	20.36	31.31
15	11	05	16	45	00	20.38	31.33
15	11	05	17	00	00	20.36	32.31
15	11	05	17	15	00	20.38	32.38
15	11	05	17	30	00	20.38	32.38
15	11	05	17	45	00	20.39	33.33
15	11	05	18	00	00	20.38	33.33
15	11	05	18	15	00	20.34	33.33
15	11	05	18	30	00	20.34	33.33
15	11	05	18	45	00	20.34	33.31
15	11	05	19	00	00	20.34	33.35
15	11	05	19	15	00	20.32	34.31
15	11	05	19	30	00	20.34	34.33
15	11	05	19	45	00	20.32	34.38
15	11	05	20	00	00	20.31	34.35
15	11	05	20	15	00	20.32	34.38
15	11	05	20	30	00	20.35	34.38
15	11	05	20	45	00	20.36	34.33
15	11	05	21	00	00	20.31	34.30
15	11	05	21	15	00	20.32	34.30
15	11	05	21	30	00	20.32	34.35
15	11	05	21	45	00	20.34	34.38
15	11	05	22	00	00	20.31	34.30
15	11	05	22	15	00	20.32	34.30
15	11	05	22	30	00	20.32	33.38
15	11	05	22	45	00	20.31	33.38
15	11	05	23	00	00	20.32	33.30
15	11	05	23	15	00	20.35	33.33
15	11	05	23	30	00	20.35	33.35
15	11	05	23	45	00	20.35	34.30
15	11	06	00	00	00	20.35	34.33
15	11	06	00	15	00	20.35	34.35
15	11	06	00	30	00	20.35	34.33
15	11	06	00	45	00	20.34	34.38
15	11	06	01	00	00	20.32	34.38
15	11	06	01	15	00	20.32	34.32
15	11	06	01	30	00	20.31	34.37
15	11	06	01	45	00	20.29	34.33
15	11	06	02	00	00	20.26	34.35
15	11	06	02	15	00	20.25	34.35
15	11	06	02	30	00	20.26	34.38
15	11	06	02	45	00	20.23	34.33
15	11	06	03	00	00	20.22	34.30
15	11	06	03	15	00	20.21	34.30
15	11	06	03	30	00	20.19	34.37
15	11	06	03	45	00	20.19	34.37
15	11	06	04	00	00	20.19	34.30
15	11	06	04	15	00	20.26	34.35
15	11	06	04	30	00	20.38	34.38
15	11	06	04	45	00	20.49	33.38
15	11	06	05	00	00	20.62	33.33
15	11	06	05	15	00	20.74	33.31
15	11	06	05	30	00	20.88	33.36
15	11	06	05	45	00	20.98	33.33
15	11	06	06	00	00	21.08	32.38
15	11	06	06	15	00	21.14	32.39
15	11	06	06	30	00	21.18	31.34
15	11	06	06	45	00	21.24	30.36
15	11	06	07	00	00	21.28	30.34
15	11	06	07	15	00	21.27	29.29
15	11	06	07	30	00	21.17	30.31
15	11	06	07	45	00	21.04	30.34
15	11	06	08	00	00	20.92	30.34
15	11	06	08	15	00	20.85	30.34
15	11	06	08	30	00	20.79	30.39
15	11	06	08	45	00	20.72	30.34
15	11	06	09	00	00	20.66	30.31
15	11	06	09	15	00	20.61	30.36
15	11	06	09	30	00	20.55	30.34
15	11	06	09	45	00	20.52	30.32
15	11	06	10	00	00	20.49	30.31
15	11	06	10	15	00	20.46	31.36
15	11	06	10	30	00	20.45	31.36
15	11	06	10	45	00	20.42	31.36
15	11	06	11	00	00	20.41	31.31
15	11	06	11	15	00	20.36	31.31
15	11	06	11	30	00	20.38	31.36
15	11	06	11	45	00	20.38	31.31
15	11	06	12	00	00	20.38	31.36
15	11	06	12	15	00	20.39	31.36
15	11	06	12	30	00	20.39	31.31
15	11	06	12	45	00	20.39	31.39
15	11	06	13	00	00	20.41	32.31
15	11	06	13	15	00	20.39	32.36
15	11	06	13	30	00	20.38	32.31
15	11	06	13	45	00	20.41	32.34
15	11	06	14	00	00	20.39	32.39
15	11	06	14	15	00	20.41	32.36
15	11	06	14	30	00	20.39	32.36
15	11	06	14	45	00	20.39	32.36
15	11	06	15	00	00	20.39	32.31
15	11	06	15	15	00	20.39	32.31
15	11	06	15	30	00	20.38	32.31
15	11	06	15	45	00	20.39	32.31
15	11	06	16	00	00	20.36	32.36
15	11	06	16	15	00	20.39	32.33
15	11	06	16	30	00	20.38	32.38
15	11	06	16	45	00	20.41	33.34
15	11	06	17	00	00	20.38	33.38
15	11	06	17	15	00	20.38	34.35
15	11	06	17	30	00	20.36	34.30
15	11	06	17	45	00	20.39	34.33
15	11	06	18	00	00	20.35	35.30
15	11	06	18	15	00	20.32	35.32
15	11	06	18	30	00	20.32	35.30
15	11	06	18	45	00	20.31	35.37
15	11	06	19	00	00	20.34	36.37
15	11	06	19	15	00	20.29	36.39
15	11	06	19	30	00	20.32	36.37
15	11	06	19	45	00	20.31	36.34
15	11	06	20	00	00	20.32	36.39
15	11	06	20	15	00	20.32	36.34
15	11	06	20	30	00	20.29	36.32
15	11	06	20	45	00	20.32	36.39
15	11	06	21	00	00	20.31	36.37
15	11	06	21	15	00	20.32	36.37
15	11	06	21	30	00	20.29	36.32
15	11	06	21	45	00	20.32	36.32
15	11	06	22	00	00	20.31	35.37
15	11	06	22	15	00	20.32	35.30
15	11	06	22	30	00	20.28	35.32
15	11	06	22	45	00	20.31	35.37
15	11	06	23	00	00	20.34	35.30
15	11	06	23	15	00	20.34	34.35
15	11	06	23	30	00	20.34	34.37
15	11	06	23	45	00	20.35	34.30
15	11	07	00	00	00	20.34	34.35
15	11	07	00	15	00	20.34	34.33
15	11	07	00	30	00	20.35	34.37
15	11	07	00	45	00	20.32	34.35
15	11	07	01	00	00	20.31	35.35
15	11	07	01	15	00	20.29	35.30
15	11	07	01	30	00	20.29	35.37
15	11	07	01	45	00	20.28	35.35
15	11	07	02	00	00	20.26	35.32
15	11	07	02	15	00	20.25	35.30
15	11	07	02	30	00	20.25	35.37
15	11	07	02	45	00	20.22	35.35
15	11	07	03	00	00	20.22	35.30
15	11	07	03	15	00	20.19	35.37
15	11	07	03	30	00	20.18	35.35
15	11	07	03	45	00	20.16	35.37
15	11	07	04	00	00	20.15	35.30
15	11	07	04	15	00	20.13	35.35
15	11	07	04	30	00	20.11	35.37
15	11	07	04	45	00	20.10	35.37
15	11	07	05	00	00	20.08	35.39
15	11	07	05	15	00	20.07	35.34
15	11	07	05	30	00	20.07	35.37
15	11	07	05	45	00	20.04	35.37
15	11	07	06	00	00	20.02	35.37
15	11	07	06	15	00	20.01	35.39
15	11	07	06	30	00	20.00	35.39
15	11	07	06	45	00	19.98	36.32
15	11	07	07	00	00	19.97	36.32
15	11	07	07	15	00	19.94	36.32
15	11	07	07	30	00	19.94	36.37
15	11	07	07	45	00	19.92	36.39
15	11	07	08	00	00	19.91	36.32
15	11	07	08	15	00	19.91	36.37
15	11	07	08	30	00	19.88	36.32
15	11	07	08	45	00	19.88	36.37
15	11	07	09	00	00	19.87	36.39
15	11	07	09	15	00	19.87	36.34
15	11	07	09	30	00	19.87	36.39
15	11	07	09	45	00	19.87	36.34
15	11	07	10	00	00	19.88	36.39
15	11	07	10	15	00	19.88	36.32
15	11	07	10	30	00	19.88	36.34
15	11	07	10	45	00	19.88	36.39
15	11	07	11	00	00	19.88	36.31
15	11	07	11	15	00	19.90	36.34
15	11	07	11	30	00	19.90	36.36
15	11	07	11	45	00	19.92	36.39
15	11	07	12	00	00	19.92	36.39
15	11	07	12	15	00	19.95	36.34
15	11	07	12	30	00	19.95	36.34
15	11	07	12	45	00	19.95	36.39
15	11	07	13	00	00	19.94	36.34
15	11	07	13	15	00	19.98	36.39
15	11	07	13	30	00	19.98	36.31
15	11	07	13	45	00	20.00	36.31
15	11	07	14	00	00	20.00	36.31
15	11	07	14	15	00	20.02	36.33
15	11	07	14	30	00	20.04	36.33
15	11	07	14	45	00	20.04	36.36
15	11	07	15	00	00	20.05	36.36
15	11	07	15	15	00	20.07	36.36
15	11	07	15	30	00	20.08	36.39
15	11	07	15	45	00	20.10	36.39
15	11	07	16	00	00	20.13	36.31
15	11	07	16	15	00	20.11	36.31
15	11	07	16	30	00	20.15	36.31
15	11	07	16	45	00	20.15	36.34
15	11	07	17	00	00	20.15	36.39
15	11	07	17	15	00	20.16	36.39
15	11	07	17	30	00	20.18	37.31
15	11	07	17	45	00	20.18	37.36
15	11	07	18	00	00	20.19	37.31
15	11	07	18	15	00	20.19	37.36
15	11	07	18	30	00	20.22	37.33
15	11	07	18	45	00	20.21	37.39
15	11	07	19	00	00	20.21	37.33
15	11	07	19	15	00	20.21	37.38
15	11	07	19	30	00	20.21	37.36
15	11	07	19	45	00	20.19	37.38
15	11	07	20	00	00	20.21	37.35
15	11	07	20	15	00	20.21	37.38
15	11	07	20	30	00	20.21	37.35
15	11	07	20	45	00	20.21	37.31
15	11	07	21	00	00	20.21	37.36
15	11	07	21	15	00	20.19	37.30
15	11	07	21	30	00	20.19	37.35
15	11	07	21	45	00	20.19	37.30
15	11	07	22	00	00	20.19	37.35
15	11	07	22	15	00	20.18	38.30
15	11	07	22	30	00	20.19	38.30
15	11	07	22	45	00	20.19	38.32
15	11	07	23	00	00	20.18	38.37
15	11	07	23	15	00	20.18	38.30
15	11	07	23	30	00	20.18	38.33
15	11	07	23	45	00	20.15	38.33
15	11	08	00	00	00	20.15	38.35
15	11	08	00	15	00	20.15	38.30
15	11	08	00	30	00	20.13	38.33
15	11	08	00	45	00	20.11	38.35
15	11	08	01	00	00	20.13	38.32
15	11	08	01	15	00	20.11	38.35
15	11	08	01	30	00	20.11	38.37
15	11	08	01	45	00	20.10	38.32
15	11	08	02	00	00	20.08	38.39
15	11	08	02	15	00	20.10	38.33
15	11	08	02	30	00	20.08	38.37
15	11	08	02	45	00	20.07	38.32
15	11	08	03	00	00	20.05	38.30
15	11	08	03	15	00	20.05	38.37
15	11	08	03	30	00	20.04	38.32
15	11	08	03	45	00	20.04	38.37
15	11	08	04	00	00	20.02	38.34
15	11	08	04	15	00	20.02	39.30
15	11	08	04	30	00	20.01	39.34
15	11	08	04	45	00	20.02	39.32
15	11	08	05	00	00	20.00	39.37
15	11	08	05	15	00	20.00	39.31
15	11	08	05	30	00	20.00	39.39
15	11	08	05	45	00	19.98	39.31
15	11	08	06	00	00	20.00	39.34
15	11	08	06	15	00	20.07	39.34
15	11	08	06	30	00	20.19	39.37
15	11	08	06	45	00	20.32	38.32
15	11	08	07	00	00	20.45	38.32
15	11	08	07	15	00	20.55	38.32
15	11	08	07	30	00	20.69	38.32
15	11	08	07	45	00	20.79	38.32
15	11	08	08	00	00	20.91	38.30
15	11	08	08	15	00	20.98	39.31
15	11	08	08	30	00	21.04	41.41
15	11	08	08	45	00	21.11	42.47
15	11	08	09	00	00	21.17	43.48
15	11	08	09	15	00	21.20	44.40
15	11	08	09	30	00	21.22	44.49
15	11	08	09	45	00	21.15	45.45
15	11	08	10	00	00	21.05	45.42
15	11	08	10	15	00	20.98	46.41
15	11	08	10	30	00	20.92	46.47
15	11	08	10	45	00	20.85	47.47
15	11	08	11	00	00	20.84	47.46
15	11	08	11	15	00	20.77	48.45
15	11	08	11	30	00	20.72	48.41
15	11	08	11	45	00	20.68	48.41
15	11	08	12	00	00	20.65	49.42
15	11	08	12	15	00	20.61	49.48
15	11	08	12	30	00	20.56	50.55
15	11	08	12	45	00	20.55	50.58
15	11	08	13	00	00	20.51	51.52
15	11	08	13	15	00	20.46	51.51
15	11	08	13	30	00	20.46	52.53
15	11	08	13	45	00	20.45	52.50
15	11	08	14	00	00	20.44	52.57
15	11	08	14	15	00	20.42	52.51
15	11	08	14	30	00	20.42	52.56
15	11	08	14	45	00	20.44	52.53
15	11	08	15	00	00	20.44	53.56
15	11	08	15	15	00	20.44	53.56
15	11	08	15	30	00	20.42	53.56
15	11	08	15	45	00	20.44	53.51
15	11	08	16	00	00	20.41	53.58
15	11	08	16	15	00	20.42	53.53
15	11	08	16	30	00	20.41	53.55
15	11	08	16	45	00	20.42	54.52
15	11	08	17	00	00	20.39	54.55
15	11	08	17	15	00	20.41	54.50
15	11	08	17	30	00	20.41	54.50
15	11	08	17	45	00	20.39	53.55
15	11	08	18	00	00	20.38	53.53
15	11	08	18	15	00	20.39	53.51
15	11	08	18	30	00	20.38	53.55
15	11	08	18	45	00	20.41	52.56
15	11	08	19	00	00	20.38	52.54
15	11	08	19	15	00	20.39	52.53
15	11	08	19	30	00	20.38	51.59
15	11	08	19	45	00	20.38	50.57
15	11	08	20	00	00	20.36	49.48
15	11	08	20	15	00	20.38	48.48
15	11	08	20	30	00	20.36	48.41
15	11	08	20	45	00	20.38	47.41
15	11	08	21	00	00	20.38	47.41
15	11	08	21	15	00	20.39	46.40
15	11	08	21	30	00	20.36	46.43
15	11	08	21	45	00	20.38	45.45
15	11	08	22	00	00	20.38	45.42
15	11	08	22	15	00	20.38	45.45
15	11	08	22	30	00	20.38	45.40
15	11	08	22	45	00	20.41	45.48
15	11	08	23	00	00	20.42	45.48
15	11	08	23	15	00	20.42	45.45
15	11	08	23	30	00	20.44	45.48
15	11	08	23	45	00	20.42	45.48
15	11	09	00	00	00	20.41	45.48
15	11	09	00	15	00	20.39	45.48
15	11	09	00	30	00	20.38	45.43
15	11	09	00	45	00	20.36	45.43
15	11	09	01	00	00	20.35	45.41
15	11	09	01	15	00	20.34	44.48
15	11	09	01	30	00	20.34	44.48
15	11	09	01	45	00	20.31	44.46
15	11	09	02	00	00	20.31	44.46
15	11	09	02	15	00	20.29	44.46
15	11	09	02	30	00	20.28	44.43
15	11	09	02	45	00	20.25	44.43
15	11	09	03	00	00	20.23	44.43
15	11	09	03	15	00	20.25	44.41
15	11	09	03	30	00	20.23	44.41
15	11	09	03	45	00	20.23	44.41
15	11	09	04	00	00	20.31	45.48
15	11	09	04	15	00	20.41	45.48
15	11	09	04	30	00	20.55	45.41
15	11	09	04	45	00	20.65	44.49
15	11	09	05	00	00	20.77	44.44
15	11	09	05	15	00	20.89	44.44
15	11	09	05	30	00	20.99	44.44
15	11	09	05	45	00	21.09	44.45
15	11	09	06	00	00	21.15	43.48
15	11	09	06	15	00	21.20	42.42
15	11	09	06	30	00	21.24	42.45
15	11	09	06	45	00	21.28	41.46
15	11	09	07	00	00	21.22	41.49
15	11	09	07	15	00	21.11	41.44
15	11	09	07	30	00	20.99	41.46
15	11	09	07	45	00	20.91	41.49
15	11	09	08	00	00	20.84	41.43
15	11	09	08	15	00	20.78	42.45
15	11	09	08	30	00	20.71	42.40
15	11	09	08	45	00	20.66	42.44
15	11	09	09	00	00	20.62	43.41
15	11	09	09	15	00	20.56	43.46
15	11	09	09	30	00	20.52	44.40
15	11	09	09	45	00	20.49	44.42
15	11	09	10	00	00	20.45	44.40
15	11	09	10	15	00	20.42	44.41
15	11	09	10	30	00	20.39	44.49
15	11	09	10	45	00	20.38	44.46
15	11	09	11	00	00	20.38	45.41
15	11	09	11	15	00	20.38	45.45
15	11	09	11	30	00	20.38	45.48
15	11	09	11	45	00	20.41	45.48
15	11	09	12	00	00	20.36	45.40
15	11	09	12	15	00	20.39	45.45
15	11	09	12	30	00	20.38	45.45
15	11	09	12	45	00	20.39	45.48
15	11	09	13	00	00	20.36	44.43
15	11	09	13	15	00	20.36	44.43
15	11	09	13	30	00	20.38	44.46
15	11	09	13	45	00	20.38	44.49
15	11	09	14	00	00	20.39	44.43
15	11	09	14	15	00	20.41	44.46
15	11	09	14	30	00	20.42	45.45
15	11	09	14	45	00	20.42	45.45
15	11	09	15	00	00	20.42	45.47
15	11	09	15	15	00	20.44	45.45
15	11	09	15	30	00	20.46	45.42
15	11	09	15	45	00	20.45	45.40
15	11	09	16	00	00	20.48	45.45
15	11	09	16	15	00	20.46	45.49
15	11	09	16	30	00	20.48	46.42
15	11	09	16	45	00	20.48	46.41
15	11	09	17	00	00	20.46	46.46
15	11	09	17	15	00	20.46	46.48
15	11	09	17	30	00	20.46	46.43
15	11	09	17	45	00	20.45	46.43
15	11	09	18	00	00	20.45	46.40
15	11	09	18	15	00	20.42	46.40
15	11	09	18	30	00	20.42	46.45
15	11	09	18	45	00	20.41	46.40
15	11	09	19	00	00	20.41	46.40
15	11	09	19	15	00	20.38	46.45
15	11	09	19	30	00	20.35	46.48
15	11	09	19	45	00	20.34	46.43
15	11	09	20	00	00	20.32	45.44
15	11	09	20	15	00	20.34	45.45
15	11	09	20	30	00	20.34	45.48
15	11	09	20	45	00	20.35	44.41
15	11	09	21	00	00	20.34	44.44
15	11	09	21	15	00	20.32	44.47
15	11	09	21	30	00	20.32	44.43
15	11	09	21	45	00	20.32	43.48
15	11	09	22	00	00	20.29	43.46
15	11	09	22	15	00	20.29	43.44
15	11	09	22	30	00	20.32	43.42
15	11	09	22	45	00	20.28	42.49
15	11	09	23	00	00	20.31	42.49
15	11	09	23	15	00	20.32	42.42
15	11	09	23	30	00	20.34	43.42
15	11	09	23	45	00	20.31	43.44
15	11	10	00	00	00	20.31	43.41
15	11	10	00	15	00	20.31	43.44
15	11	10	00	30	00	20.28	43.41
15	11	10	00	45	00	20.28	43.48
15	11	10	01	00	00	20.25	43.48
15	11	10	01	15	00	20.23	43.46
15	11	10	01	30	00	20.25	43.43
15	11	10	01	45	00	20.22	43.41
15	11	10	02	00	00	20.21	43.45
15	11	10	02	15	00	20.18	43.40
15	11	10	02	30	00	20.16	43.40
15	11	10	02	45	00	20.16	43.43
15	11	10	03	00	00	20.13	43.43
15	11	10	03	15	00	20.13	43.43
15	11	10	03	30	00	20.10	43.43
15	11	10	03	45	00	20.10	43.43
15	11	10	04	00	00	20.19	44.40
15	11	10	04	15	00	20.29	43.45
15	11	10	04	30	00	20.42	43.43
15	11	10	04	45	00	20.55	43.43
15	11	10	05	00	00	20.68	43.44
15	11	10	05	15	00	20.78	43.42
15	11	10	05	30	00	20.91	42.42
15	11	10	05	45	00	21.01	42.40
15	11	10	06	00	00	21.07	41.49
15	11	10	06	15	00	21.11	40.42
15	11	10	06	30	00	21.17	39.31
15	11	10	06	45	00	21.22	39.36
15	11	10	07	00	00	21.22	38.39
15	11	10	07	15	00	21.12	38.37
15	11	10	07	30	00	21.01	38.35
15	11	10	07	45	00	20.91	38.32
15	11	10	08	00	00	20.82	38.37
15	11	10	08	15	00	20.74	39.32
15	11	10	08	30	00	20.69	39.39
15	11	10	08	45	00	20.64	39.36
15	11	10	09	00	00	20.56	39.31
15	11	10	09	15	00	20.54	39.38
15	11	10	09	30	00	20.48	39.36
15	11	10	09	45	00	20.45	39.33
15	11	10	10	00	00	20.41	39.38
15	11	10	10	15	00	20.38	39.38
15	11	10	10	30	00	20.36	40.43
15	11	10	10	45	00	20.34	40.41
15	11	10	11	00	00	20.34	39.30
15	11	10	11	15	00	20.34	39.33
15	11	10	11	30	00	20.35	39.33
15	11	10	11	45	00	20.34	39.33
15	11	10	12	00	00	20.35	39.36
15	11	10	12	15	00	20.35	39.38
15	11	10	12	30	00	20.34	39.31
15	11	10	12	45	00	20.32	39.36
15	11	10	13	00	00	20.35	39.34
15	11	10	13	15	00	20.34	39.39
15	11	10	13	30	00	20.34	39.38
15	11	10	13	45	00	20.34	39.39
15	11	10	14	00	00	20.36	39.34
15	11	10	14	15	00	20.36	39.39
15	11	10	14	30	00	20.35	39.39
15	11	10	14	45	00	20.35	39.37
15	11	10	15	00	00	20.34	39.39
15	11	10	15	15	00	20.35	38.37
15	11	10	15	30	00	20.34	38.39
15	11	10	15	45	00	20.34	38.32
15	11	10	16	00	00	20.35	38.32
15	11	10	16	15	00	20.32	37.35
15	11	10	16	30	00	20.34	38.33
15	11	10	16	45	00	20.32	38.37
15	11	10	17	00	00	20.34	38.30
15	11	10	17	15	00	20.31	38.30
15	11	10	17	30	00	20.32	39.32
15	11	10	17	45	00	20.31	39.33
15	11	10	18	00	00	20.29	39.31
15	11	10	18	15	00	20.29	40.45
15	11	10	18	30	00	20.29	40.43
15	11	10	18	45	00	20.34	40.42
15	11	10	19	00	00	20.28	40.43
15	11	10	19	15	00	20.31	40.48
15	11	10	19	30	00	20.28	40.47
15	11	10	19	45	00	20.29	40.45
15	11	10	20	00	00	20.29	40.40
15	11	10	20	15	00	20.29	40.42
15	11	10	20	30	00	20.28	40.42
15	11	10	20	45	00	20.28	40.45
15	11	10	21	00	00	20.28	40.41
15	11	10	21	15	00	20.25	40.45
15	11	10	21	30	00	20.29	40.48
15	11	10	21	45	00	20.25	39.31
15	11	10	22	00	00	20.28	39.38
15	11	10	22	15	00	20.28	39.39
15	11	10	22	30	00	20.25	39.34
15	11	10	22	45	00	20.28	39.31
15	11	10	23	00	00	20.25	38.32
15	11	10	23	15	00	20.25	38.37
15	11	10	23	30	00	20.25	39.34
15	11	10	23	45	00	20.23	39.39
15	11	11	00	00	00	20.22	39.37
15	11	11	00	15	00	20.22	39.34
15	11	11	00	30	00	20.19	39.31
15	11	11	00	45	00	20.18	39.39
15	11	11	01	00	00	20.15	39.37
15	11	11	01	15	00	20.15	39.31
15	11	11	01	30	00	20.13	39.36
15	11	11	01	45	00	20.10	39.31
15	11	11	02	00	00	20.08	39.31
15	11	11	02	15	00	20.05	39.36
15	11	11	02	30	00	20.04	39.36
15	11	11	02	45	00	20.02	39.38
15	11	11	03	00	00	20.01	39.38
15	11	11	03	15	00	20.00	39.36
15	11	11	03	30	00	19.98	39.34
15	11	11	03	45	00	19.97	39.38
15	11	11	04	00	00	20.02	39.31
15	11	11	04	15	00	20.15	39.36
15	11	11	04	30	00	20.26	39.32
15	11	11	04	45	00	20.41	38.37
15	11	11	05	00	00	20.54	38.30
15	11	11	05	15	00	20.64	38.32
15	11	11	05	30	00	20.78	38.35
15	11	11	05	45	00	20.89	37.36
15	11	11	06	00	00	20.95	36.33
15	11	11	06	15	00	20.99	35.35
15	11	11	06	30	00	21.04	35.35
15	11	11	06	45	00	21.09	34.35
15	11	11	07	00	00	21.12	33.35
15	11	11	07	15	00	21.14	33.33
15	11	11	07	30	00	21.05	33.31
15	11	11	07	45	00	20.91	33.30
15	11	11	08	00	00	20.82	34.33
15	11	11	08	15	00	20.74	34.33
15	11	11	08	30	00	20.66	34.37
15	11	11	08	45	00	20.58	35.32
15	11	11	09	00	00	20.54	35.37
15	11	11	09	15	00	20.49	35.39
15	11	11	09	30	00	20.44	36.34
15	11	11	09	45	00	20.41	36.31
15	11	11	10	00	00	20.38	36.39
15	11	11	10	15	00	20.35	37.36
15	11	11	10	30	00	20.35	37.38
15	11	11	10	45	00	20.36	38.33
15	11	11	11	00	00	20.35	38.37
15	11	11	11	15	00	20.36	38.37
15	11	11	11	30	00	20.35	38.32
15	11	11	11	45	00	20.35	39.37
15	11	11	12	00	00	20.35	39.37
15	11	11	12	15	00	20.34	39.37
15	11	11	12	30	00	20.35	38.34
15	11	11	12	45	00	20.34	38.34
15	11	11	13	00	00	20.34	38.39
15	11	11	13	15	00	20.36	39.30
15	11	11	13	30	00	20.32	39.34
15	11	11	13	45	00	20.34	38.32
15	11	11	14	00	00	20.34	38.37
15	11	11	14	15	00	20.35	38.34
15	11	11	14	30	00	20.35	38.32
15	11	11	14	45	00	20.35	38.39
15	11	11	15	00	00	20.36	38.33
15	11	11	15	15	00	20.34	38.32
15	11	11	15	30	00	20.35	38.37
15	11	11	15	45	00	20.34	39.31
15	11	11	16	00	00	20.34	39.31
15	11	11	16	15	00	20.36	39.31
15	11	11	16	30	00	20.32	39.31
15	11	11	16	45	00	20.35	39.39
15	11	11	17	00	00	20.34	38.35
15	11	11	17	15	00	20.34	38.37
15	11	11	17	30	00	20.35	38.34
15	11	11	17	45	00	20.34	39.34
15	11	11	18	00	00	20.35	39.34
15	11	11	18	15	00	20.32	39.39
15	11	11	18	30	00	20.34	39.37
15	11	11	18	45	00	20.36	39.31
15	11	11	19	00	00	20.32	39.33
15	11	11	19	15	00	20.35	39.34
15	11	11	19	30	00	20.32	39.30
15	11	11	19	45	00	20.32	39.37
15	11	11	20	00	00	20.34	38.39
15	11	11	20	15	00	20.32	38.34
15	11	11	20	30	00	20.34	38.37
15	11	11	20	45	00	20.32	38.34
15	11	11	21	00	00	20.31	38.32
15	11	11	21	15	00	20.35	38.39
15	11	11	21	30	00	20.34	38.37
15	11	11	21	45	00	20.31	38.37
15	11	11	22	00	00	20.32	38.32
15	11	11	22	15	00	20.31	37.35
15	11	11	22	30	00	20.31	38.37
15	11	11	22	45	00	20.32	38.30
15	11	11	23	00	00	20.34	37.35
15	11	11	23	15	00	20.32	37.38
15	11	11	23	30	00	20.31	37.38
15	11	11	23	45	00	20.31	37.38
15	11	12	00	00	00	20.28	37.33
15	11	12	00	15	00	20.26	37.35
15	11	12	00	30	00	20.23	37.38
15	11	12	00	45	00	20.21	38.30
15	11	12	01	00	00	20.18	38.37
15	11	12	01	15	00	20.13	38.33
15	11	12	01	30	00	20.11	38.38
15	11	12	01	45	00	20.08	38.33
15	11	12	02	00	00	20.05	38.37
15	11	12	02	15	00	20.04	38.30
15	11	12	02	30	00	20.01	38.37
15	11	12	02	45	00	20.00	38.30
15	11	12	03	00	00	19.97	38.30
15	11	12	03	15	00	19.94	38.37
15	11	12	03	30	00	19.91	38.30
15	11	12	03	45	00	19.90	38.35
15	11	12	04	00	00	19.97	38.38
15	11	12	04	15	00	20.10	37.35
15	11	12	04	30	00	20.22	37.33
15	11	12	04	45	00	20.35	37.31
15	11	12	05	00	00	20.48	37.33
15	11	12	05	15	00	20.61	36.39
15	11	12	05	30	00	20.72	36.34
15	11	12	05	45	00	20.84	36.39
15	11	12	06	00	00	20.91	35.32
15	11	12	06	15	00	20.95	34.30
15	11	12	06	30	00	21.02	34.33
15	11	12	06	45	00	21.07	33.31
15	11	12	07	00	00	21.11	32.38
15	11	12	07	15	00	21.15	32.36
15	11	12	07	30	00	21.09	32.36
15	11	12	07	45	00	20.97	32.36
15	11	12	08	00	00	20.85	33.31
15	11	12	08	15	00	20.77	33.31
15	11	12	08	30	00	20.69	34.38
15	11	12	08	45	00	20.69	35.30
15	11	12	09	00	00	20.75	36.39
15	11	12	09	15	00	20.75	36.34
15	11	12	09	30	00	20.71	35.32
15	11	12	09	45	00	20.66	35.39
15	11	12	10	00	00	20.58	36.39
15	11	12	10	15	00	20.52	36.36
15	11	12	10	30	00	20.46	36.31
15	11	12	10	45	00	20.42	36.36
15	11	12	11	00	00	20.38	36.32
15	11	12	11	15	00	20.35	36.37
15	11	12	11	30	00	20.36	35.39
15	11	12	11	45	00	20.38	36.34
15	11	12	12	00	00	20.36	36.32
15	11	12	12	15	00	20.36	36.34
15	11	12	12	30	00	20.39	36.37
15	11	12	12	45	00	20.36	36.34
15	11	12	13	00	00	20.39	36.34
15	11	12	13	15	00	20.35	36.39
15	11	12	13	30	00	20.35	36.36
15	11	12	13	45	00	20.38	36.39
15	11	12	14	00	00	20.38	35.37
15	11	12	14	15	00	20.39	35.35
15	11	12	14	30	00	20.36	35.37
15	11	12	14	45	00	20.38	35.32
15	11	12	15	00	00	20.38	35.32
15	11	12	15	15	00	20.39	35.34
15	11	12	15	30	00	20.39	35.30
15	11	12	15	45	00	20.38	35.37
15	11	12	16	00	00	20.36	36.32
15	11	12	16	15	00	20.35	36.31
15	11	12	16	30	00	20.36	37.36
15	11	12	16	45	00	20.38	37.33
15	11	12	17	00	00	20.36	38.33
15	11	12	17	15	00	20.36	38.35
15	11	12	17	30	00	20.38	39.30
15	11	12	17	45	00	20.34	39.31
15	11	12	18	00	00	20.32	39.31
15	11	12	18	15	00	20.31	39.30
15	11	12	18	30	00	20.32	39.33
15	11	12	18	45	00	20.31	40.48
15	11	12	19	00	00	20.31	40.45
15	11	12	19	15	00	20.31	40.43
15	11	12	19	30	00	20.31	40.45
15	11	12	19	45	00	20.31	40.43
15	11	12	20	00	00	20.31	40.43
15	11	12	20	15	00	20.29	40.43
15	11	12	20	30	00	20.29	40.43
15	11	12	20	45	00	20.31	39.33
15	11	12	21	00	00	20.25	39.36
15	11	12	21	15	00	20.31	39.31
15	11	12	21	30	00	20.28	39.37
15	11	12	21	45	00	20.29	39.39
15	11	12	22	00	00	20.29	39.39
15	11	12	22	15	00	20.26	39.34
15	11	12	22	30	00	20.31	39.39
15	11	12	22	45	00	20.26	38.34
15	11	12	23	00	00	20.28	38.37
15	11	12	23	15	00	20.28	38.39
15	11	12	23	30	00	20.26	38.34
15	11	12	23	45	00	20.26	39.34
15	11	13	00	00	00	20.28	39.34
15	11	13	00	15	00	20.25	39.37
15	11	13	00	30	00	20.25	39.32
15	11	13	00	45	00	20.23	39.37
15	11	13	01	00	00	20.21	39.39
15	11	13	01	15	00	20.19	39.31
15	11	13	01	30	00	20.19	39.34
15	11	13	01	45	00	20.16	39.36
15	11	13	02	00	00	20.16	39.39
15	11	13	02	15	00	20.13	39.39
15	11	13	02	30	00	20.13	39.39
15	11	13	02	45	00	20.08	39.39
15	11	13	03	00	00	20.07	39.39
15	11	13	03	15	00	20.05	39.36
15	11	13	03	30	00	20.02	39.39
15	11	13	03	45	00	20.01	39.36
15	11	13	04	00	00	20.00	39.36
15	11	13	04	15	00	20.08	39.34
15	11	13	04	30	00	20.21	39.34
15	11	13	04	45	00	20.34	38.39
15	11	13	05	00	00	20.46	38.33
15	11	13	05	15	00	20.59	38.35
15	11	13	05	30	00	20.74	37.38
15	11	13	05	45	00	20.85	37.38
15	11	13	06	00	00	20.98	37.33
15	11	13	06	15	00	21.04	36.36
15	11	13	06	30	00	21.08	35.30
15	11	13	06	45	00	21.14	34.38
15	11	13	07	00	00	21.20	34.30
15	11	13	07	15	00	21.21	33.31
15	11	13	07	30	00	21.20	33.36
15	11	13	07	45	00	21.04	33.33
15	11	13	08	00	00	20.94	33.30
15	11	13	08	15	00	20.84	34.38
15	11	13	08	30	00	20.75	34.37
15	11	13	08	45	00	20.68	35.35
15	11	13	09	00	00	20.62	35.34
15	11	13	09	15	00	20.58	35.39
15	11	13	09	30	00	20.52	36.34
15	11	13	09	45	00	20.48	36.39
15	11	13	10	00	00	20.44	36.36
15	11	13	10	15	00	20.39	37.38
15	11	13	10	30	00	20.38	37.33
15	11	13	10	45	00	20.35	37.30
15	11	13	11	00	00	20.36	38.32
15	11	13	11	15	00	20.36	38.37
15	11	13	11	30	00	20.35	38.30
15	11	13	11	45	00	20.36	38.34
15	11	13	12	00	00	20.36	39.34
15	11	13	12	15	00	20.35	39.39
15	11	13	12	30	00	20.36	39.34
15	11	13	12	45	00	20.34	39.34
15	11	13	13	00	00	20.36	38.37
15	11	13	13	15	00	20.34	38.32
15	11	13	13	30	00	20.35	38.30
15	11	13	13	45	00	20.34	38.37
15	11	13	14	00	00	20.36	38.32
15	11	13	14	15	00	20.34	38.37
15	11	13	14	30	00	20.36	38.37
15	11	13	14	45	00	20.34	38.37
15	11	13	15	00	00	20.38	38.37
15	11	13	15	15	00	20.35	38.37
15	11	13	15	30	00	20.34	38.30
15	11	13	15	45	00	20.35	38.35
15	11	13	16	00	00	20.35	38.37
15	11	13	16	15	00	20.35	38.32
15	11	13	16	30	00	20.36	39.36
15	11	13	16	45	00	20.35	39.39
15	11	13	17	00	00	20.39	40.48
15	11	13	17	15	00	20.35	40.45
15	11	13	17	30	00	20.36	40.47
15	11	13	17	45	00	20.34	41.42
15	11	13	18	00	00	20.34	41.49
15	11	13	18	15	00	20.34	41.41
15	11	13	18	30	00	20.34	41.49
15	11	13	18	45	00	20.32	41.46
15	11	13	19	00	00	20.31	41.41
15	11	13	19	15	00	20.31	41.43
15	11	13	19	30	00	20.32	41.44
15	11	13	19	45	00	20.31	41.46
15	11	13	20	00	00	20.32	41.44
15	11	13	20	15	00	20.31	41.44
15	11	13	20	30	00	20.32	41.46
15	11	13	20	45	00	20.29	41.49
15	11	13	21	00	00	20.32	41.49
15	11	13	21	15	00	20.35	41.49
15	11	13	21	30	00	20.35	41.41
15	11	13	21	45	00	20.36	41.42
15	11	13	22	00	00	20.34	41.49
15	11	13	22	15	00	20.35	41.45
15	11	13	22	30	00	20.35	40.47
15	11	13	22	45	00	20.36	40.44
15	11	13	23	00	00	20.34	40.47
15	11	13	23	15	00	20.35	40.40
15	11	13	23	30	00	20.35	40.43
15	11	13	23	45	00	20.34	40.45
15	11	14	00	00	00	20.35	40.43
15	11	14	00	15	00	20.34	40.43
15	11	14	00	30	00	20.31	40.43
15	11	14	00	45	00	20.31	40.45
15	11	14	01	00	00	20.29	40.45
15	11	14	01	15	00	20.26	40.47
15	11	14	01	30	00	20.23	40.40
15	11	14	01	45	00	20.22	40.40
15	11	14	02	00	00	20.21	40.42
15	11	14	02	15	00	20.18	40.42
15	11	14	02	30	00	20.16	40.40
15	11	14	02	45	00	20.15	40.40
15	11	14	03	00	00	20.10	40.40
15	11	14	03	15	00	20.10	40.40
15	11	14	03	30	00	20.08	40.45
15	11	14	03	45	00	20.04	40.43
15	11	14	04	00	00	20.04	40.48
15	11	14	04	15	00	20.01	40.45
15	11	14	04	30	00	20.00	40.48
15	11	14	04	45	00	19.98	40.43
15	11	14	05	00	00	19.95	40.48
15	11	14	05	15	00	19.94	40.46
15	11	14	05	30	00	19.92	40.43
15	11	14	05	45	00	19.90	39.38
15	11	14	06	00	00	19.90	39.30
15	11	14	06	15	00	19.88	39.38
15	11	14	06	30	00	19.85	39.33
15	11	14	06	45	00	19.84	39.36
15	11	14	07	00	00	19.81	39.31
15	11	14	07	15	00	19.81	39.34
15	11	14	07	30	00	19.78	39.31
15	11	14	07	45	00	19.78	39.36
15	11	14	08	00	00	19.75	39.36
15	11	14	08	15	00	19.75	39.39
15	11	14	08	30	00	19.74	39.39
15	11	14	08	45	00	19.74	39.34
15	11	14	09	00	00	19.71	39.31
15	11	14	09	15	00	19.71	39.33
15	11	14	09	30	00	19.72	39.36
15	11	14	09	45	00	19.69	39.30
15	11	14	10	00	00	19.69	40.41
15	11	14	10	15	00	19.71	40.43
15	11	14	10	30	00	19.69	40.41
15	11	14	10	45	00	19.69	40.45
15	11	14	11	00	00	19.68	40.43
15	11	14	11	15	00	19.69	40.48
15	11	14	11	30	00	19.69	40.40
15	11	14	11	45	00	19.71	40.47
15	11	14	12	00	00	19.72	40.42
15	11	14	12	15	00	19.72	40.48
15	11	14	12	30	00	19.74	40.40
15	11	14	12	45	00	19.74	40.48
15	11	14	13	00	00	19.75	40.45
15	11	14	13	15	00	19.77	40.47
15	11	14	13	30	00	19.77	40.42
15	11	14	13	45	00	19.79	40.47
15	11	14	14	00	00	19.78	40.40
15	11	14	14	15	00	19.79	40.47
15	11	14	14	30	00	19.81	40.49
15	11	14	14	45	00	19.82	40.42
15	11	14	15	00	00	19.84	40.49
15	11	14	15	15	00	19.84	41.42
15	11	14	15	30	00	19.85	41.45
15	11	14	15	45	00	19.85	41.47
15	11	14	16	00	00	19.87	41.49
15	11	14	16	15	00	19.87	41.44
15	11	14	16	30	00	19.88	41.49
15	11	14	16	45	00	19.91	41.44
15	11	14	17	00	00	19.94	41.44
15	11	14	17	15	00	19.97	41.49
15	11	14	17	30	00	19.97	41.41
15	11	14	17	45	00	19.98	41.43
15	11	14	18	00	00	19.98	41.46
15	11	14	18	15	00	19.97	41.44
15	11	14	18	30	00	19.98	41.41
15	11	14	18	45	00	19.97	41.41
15	11	14	19	00	00	19.97	41.48
15	11	14	19	15	00	20.00	42.40
15	11	14	19	30	00	19.98	42.45
15	11	14	19	45	00	19.98	42.40
15	11	14	20	00	00	19.98	42.45
15	11	14	20	15	00	19.97	42.45
15	11	14	20	30	00	19.98	42.48
15	11	14	20	45	00	19.95	42.43
15	11	14	21	00	00	19.97	42.47
15	11	14	21	15	00	19.97	42.42
15	11	14	21	30	00	19.95	42.40
15	11	14	21	45	00	19.95	42.47
15	11	14	22	00	00	19.95	42.42
15	11	14	22	15	00	19.95	42.49
15	11	14	22	30	00	19.95	42.42
15	11	14	22	45	00	19.95	42.47
15	11	14	23	00	00	19.94	42.47
15	11	14	23	15	00	19.94	42.44
15	11	14	23	30	00	19.94	42.47
15	11	14	23	45	00	19.92	43.42
15	11	15	00	00	00	19.92	43.47
15	11	15	00	15	00	19.92	43.49
15	11	15	00	30	00	19.92	43.42
15	11	15	00	45	00	19.91	43.46
15	11	15	01	00	00	19.91	43.41
15	11	15	01	15	00	19.90	43.46
15	11	15	01	30	00	19.90	43.41
15	11	15	01	45	00	19.88	43.41
15	11	15	02	00	00	19.87	43.41
15	11	15	02	15	00	19.88	43.41
15	11	15	02	30	00	19.87	43.49
15	11	15	02	45	00	19.87	43.46
15	11	15	03	00	00	19.84	43.44
15	11	15	03	15	00	19.85	43.46
15	11	15	03	30	00	19.84	43.41
15	11	15	03	45	00	19.82	43.41
15	11	15	04	00	00	19.81	43.41
15	11	15	04	15	00	19.81	43.49
15	11	15	04	30	00	19.79	43.49
15	11	15	04	45	00	19.81	43.49
15	11	15	05	00	00	19.78	43.46
15	11	15	05	15	00	19.79	43.41
15	11	15	05	30	00	19.79	43.41
15	11	15	05	45	00	19.78	43.41
15	11	15	06	00	00	19.78	43.44
15	11	15	06	15	00	19.87	43.46
15	11	15	06	30	00	19.98	43.43
15	11	15	06	45	00	20.10	44.45
15	11	15	07	00	00	20.23	44.42
15	11	15	07	15	00	20.38	44.42
15	11	15	07	30	00	20.51	44.47
15	11	15	07	45	00	20.61	44.44
15	11	15	08	00	00	20.72	44.47
15	11	15	08	15	00	20.78	44.44
15	11	15	08	30	00	20.85	45.45
15	11	15	08	45	00	20.91	45.48
15	11	15	09	00	00	20.97	45.49
15	11	15	09	15	00	21.02	46.41
15	11	15	09	30	00	21.07	46.45
15	11	15	09	45	00	21.09	46.47
15	11	15	10	00	00	21.07	47.49
15	11	15	10	15	00	20.98	47.41
15	11	15	10	30	00	20.88	46.48
15	11	15	10	45	00	20.79	45.43
15	11	15	11	00	00	20.71	44.40
15	11	15	11	15	00	20.65	42.47
15	11	15	11	30	00	20.55	41.46
15	11	15	11	45	00	20.48	40.45
15	11	15	12	00	00	20.44	39.36
15	11	15	12	15	00	20.36	39.36
15	11	15	12	30	00	20.34	38.37
15	11	15	12	45	00	20.34	37.33
15	11	15	13	00	00	20.35	37.35
15	11	15	13	15	00	20.34	36.37
15	11	15	13	30	00	20.32	36.34
15	11	15	13	45	00	20.31	35.37
15	11	15	14	00	00	20.34	35.30
15	11	15	14	15	00	20.32	33.30
15	11	15	14	30	00	20.29	34.33
15	11	15	14	45	00	20.31	33.38
15	11	15	15	00	00	20.26	32.31
15	11	15	15	15	00	20.31	32.38
15	11	15	15	30	00	20.31	31.36
15	11	15	15	45	00	20.28	31.31
15	11	15	16	00	00	20.28	31.36
15	11	15	16	15	00	20.26	31.31
15	11	15	16	30	00	20.28	31.38
15	11	15	16	45	00	20.26	31.34
15	11	15	17	00	00	20.28	31.31
15	11	15	17	15	00	20.29	31.31
15	11	15	17	30	00	20.26	30.31
15	11	15	17	45	00	20.25	30.34
15	11	15	18	00	00	20.28	30.39
15	11	15	18	15	00	20.31	30.34
15	11	15	18	30	00	20.29	30.36
15	11	15	18	45	00	20.28	30.39
15	11	15	19	00	00	20.31	30.34
15	11	15	19	15	00	20.26	30.31
15	11	15	19	30	00	20.29	30.31
15	11	15	19	45	00	20.28	30.39
15	11	15	20	00	00	20.29	30.36
15	11	15	20	15	00	20.28	30.34
15	11	15	20	30	00	20.28	30.34
15	11	15	20	45	00	20.26	30.31
15	11	15	21	00	00	20.28	30.39
15	11	15	21	15	00	20.31	30.34
15	11	15	21	30	00	20.26	30.34
15	11	15	21	45	00	20.26	29.24
15	11	15	22	00	00	20.26	30.31
15	11	15	22	15	00	20.26	30.34
15	11	15	22	30	00	20.29	30.31
15	11	15	22	45	00	20.29	30.34
15	11	15	23	00	00	20.29	30.34
15	11	15	23	15	00	20.28	31.39
15	11	15	23	30	00	20.26	31.36
15	11	15	23	45	00	20.23	31.34
15	11	16	00	00	00	20.22	31.36
15	11	16	00	15	00	20.19	31.31
15	11	16	00	30	00	20.18	32.31
15	11	16	00	45	00	20.15	32.36
15	11	16	01	00	00	20.15	32.31
15	11	16	01	15	00	20.10	32.36
15	11	16	01	30	00	20.07	32.31
15	11	16	01	45	00	20.05	32.38
15	11	16	02	00	00	20.04	32.31
15	11	16	02	15	00	20.00	33.31
15	11	16	02	30	00	19.98	32.36
15	11	16	02	45	00	19.97	32.38
15	11	16	03	00	00	19.92	32.38
15	11	16	03	15	00	19.92	32.36
15	11	16	03	30	00	19.91	32.36
15	11	16	03	45	00	19.88	32.36
15	11	16	04	00	00	19.94	32.33
15	11	16	04	15	00	20.04	32.31
15	11	16	04	30	00	20.16	32.31
15	11	16	04	45	00	20.29	31.36
15	11	16	05	00	00	20.42	31.38
15	11	16	05	15	00	20.56	31.39
15	11	16	05	30	00	20.68	31.31
15	11	16	05	45	00	20.79	30.34
15	11	16	06	00	00	20.85	30.39
15	11	16	06	15	00	20.92	29.21
15	11	16	06	30	00	20.95	28.29
15	11	16	06	45	00	21.01	27.28
15	11	16	07	00	00	21.04	26.20
15	11	16	07	15	00	21.08	26.28
15	11	16	07	30	00	21.09	26.25
15	11	16	07	45	00	21.02	25.23
15	11	16	08	00	00	20.91	26.23
15	11	16	08	15	00	20.81	26.28
15	11	16	08	30	00	20.78	26.23
15	11	16	08	45	00	20.69	25.25
15	11	16	09	00	00	20.62	26.21
15	11	16	09	15	00	20.55	25.23
15	11	16	09	30	00	20.46	25.25
15	11	16	09	45	00	20.42	25.20
15	11	16	10	00	00	20.36	25.20
15	11	16	10	15	00	20.35	25.22
15	11	16	10	30	00	20.34	25.22
15	11	16	10	45	00	20.34	25.22
15	11	16	11	00	00	20.34	25.25
15	11	16	11	15	00	20.32	25.25
15	11	16	11	30	00	20.31	25.25
15	11	16	11	45	00	20.31	25.20
15	11	16	12	00	00	20.34	25.22
15	11	16	12	15	00	20.32	24.29
15	11	16	12	30	00	20.32	24.25
15	11	16	12	45	00	20.34	25.22
15	11	16	13	00	00	20.32	24.27
15	11	16	13	15	00	20.32	24.24
15	11	16	13	30	00	20.31	24.22
15	11	16	13	45	00	20.32	23.29
15	11	16	14	00	00	20.32	24.24
15	11	16	14	15	00	20.32	23.23
15	11	16	14	30	00	20.29	23.28
15	11	16	14	45	00	20.31	23.26
15	11	16	15	00	00	20.32	23.26
15	11	16	15	15	00	20.29	22.23
15	11	16	15	30	00	20.31	22.25
15	11	16	15	45	00	20.32	21.22
15	11	16	16	00	00	20.32	21.20
15	11	16	16	15	00	20.32	22.25
15	11	16	16	30	00	20.34	21.28
15	11	16	16	45	00	20.32	22.23
15	11	16	17	00	00	20.34	22.23
15	11	16	17	15	00	20.32	22.23
15	11	16	17	30	00	20.32	22.25
15	11	16	17	45	00	20.28	22.28
15	11	16	18	00	00	20.29	22.23
15	11	16	18	15	00	20.28	22.23
15	11	16	18	30	00	20.26	23.26
15	11	16	18	45	00	20.31	22.28
15	11	16	19	00	00	20.26	23.21
15	11	16	19	15	00	20.29	23.28
15	11	16	19	30	00	20.28	22.28
15	11	16	19	45	00	20.26	23.28
15	11	16	20	00	00	20.26	23.23
15	11	16	20	15	00	20.29	22.28
15	11	16	20	30	00	20.26	22.25
15	11	16	20	45	00	20.28	22.26
15	11	16	21	00	00	20.28	22.28
15	11	16	21	15	00	20.28	22.25
15	11	16	21	30	00	20.29	22.25
15	11	16	21	45	00	20.29	22.23
15	11	16	22	00	00	20.29	22.22
15	11	16	22	15	00	20.29	22.23
15	11	16	22	30	00	20.29	22.21
15	11	16	22	45	00	20.28	22.23
15	11	16	23	00	00	20.28	22.23
15	11	16	23	15	00	20.28	23.24
15	11	16	23	30	00	20.26	23.26
15	11	16	23	45	00	20.23	24.29
15	11	17	00	00	00	20.22	24.24
15	11	17	00	15	00	20.19	24.20
15	11	17	00	30	00	20.18	24.22
15	11	17	00	45	00	20.15	25.25
15	11	17	01	00	00	20.15	25.25
15	11	17	01	15	00	20.11	25.25
15	11	17	01	30	00	20.08	25.28
15	11	17	01	45	00	20.05	25.28
15	11	17	02	00	00	20.07	26.28
15	11	17	02	15	00	20.04	26.26
15	11	17	02	30	00	20.02	26.20
15	11	17	02	45	00	20.00	26.25
15	11	17	03	00	00	19.97	26.28
15	11	17	03	15	00	19.97	26.20
15	11	17	03	30	00	19.95	26.26
15	11	17	03	45	00	19.92	27.26
15	11	17	04	00	00	19.95	27.23
15	11	17	04	15	00	20.07	27.21
15	11	17	04	30	00	20.22	26.26
15	11	17	04	45	00	20.34	26.28
15	11	17	05	00	00	20.46	26.28
15	11	17	05	15	00	20.59	26.28
15	11	17	05	30	00	20.71	26.23
15	11	17	05	45	00	20.82	26.28
15	11	17	06	00	00	20.89	26.25
15	11	17	06	15	00	20.95	25.25
15	11	17	06	30	00	21.01	25.22
15	11	17	06	45	00	21.07	25.25
15	11	17	07	00	00	21.09	25.20
15	11	17	07	15	00	21.14	25.28
15	11	17	07	30	00	21.14	25.25
15	11	17	07	45	00	21.02	25.25
15	11	17	08	00	00	20.89	26.26
15	11	17	08	15	00	20.78	26.20
15	11	17	08	30	00	20.71	26.28
15	11	17	08	45	00	20.65	27.26
15	11	17	09	00	00	20.58	27.26
15	11	17	09	15	00	20.54	27.26
15	11	17	09	30	00	20.49	28.21
15	11	17	09	45	00	20.45	28.24
15	11	17	10	00	00	20.39	28.28
15	11	17	10	15	00	20.36	28.21
15	11	17	10	30	00	20.36	28.21
15	11	17	10	45	00	20.36	28.28
15	11	17	11	00	00	20.35	28.23
15	11	17	11	15	00	20.38	28.29
15	11	17	11	30	00	20.36	28.21
15	11	17	11	45	00	20.38	28.24
15	11	17	12	00	00	20.39	28.21
15	11	17	12	15	00	20.34	28.29
15	11	17	12	30	00	20.36	29.29
15	11	17	12	45	00	20.38	29.26
15	11	17	13	00	00	20.35	29.28
15	11	17	13	15	00	20.35	29.24
15	11	17	13	30	00	20.36	29.27
15	11	17	13	45	00	20.36	29.26
15	11	17	14	00	00	20.39	30.36
15	11	17	14	15	00	20.38	30.36
15	11	17	14	30	00	20.39	30.39
15	11	17	14	45	00	20.36	30.39
15	11	17	15	00	00	20.41	31.36
15	11	17	15	15	00	20.38	31.39
15	11	17	15	30	00	20.38	31.31
15	11	17	15	45	00	20.39	31.38
15	11	17	16	00	00	20.39	32.31
15	11	17	16	15	00	20.36	32.31
15	11	17	16	30	00	20.41	32.34
15	11	17	16	45	00	20.36	32.33
15	11	17	17	00	00	20.39	33.38
15	11	17	17	15	00	20.36	33.33
15	11	17	17	30	00	20.42	34.33
15	11	17	17	45	00	20.48	34.32
15	11	17	18	00	00	20.54	35.37
15	11	17	18	15	00	20.58	36.39
15	11	17	18	30	00	20.64	36.34
15	11	17	18	45	00	20.62	36.32
15	11	17	19	00	00	20.56	36.34
15	11	17	19	15	00	20.49	36.39
15	11	17	19	30	00	20.45	36.34
15	11	17	19	45	00	20.39	36.37
15	11	17	20	00	00	20.36	36.32
15	11	17	20	15	00	20.32	36.32
15	11	17	20	30	00	20.34	35.37
15	11	17	20	45	00	20.35	35.37
15	11	17	21	00	00	20.32	35.32
15	11	17	21	15	00	20.32	35.32
15	11	17	21	30	00	20.34	35.37
15	11	17	21	45	00	20.31	35.34
15	11	17	22	00	00	20.34	35.37
15	11	17	22	15	00	20.31	35.37
15	11	17	22	30	00	20.32	35.30
15	11	17	22	45	00	20.32	35.30
15	11	17	23	00	00	20.31	35.30
15	11	17	23	15	00	20.34	35.35
15	11	17	23	30	00	20.32	35.32
15	11	17	23	45	00	20.31	35.30
15	11	18	00	00	00	20.29	35.32
15	11	18	00	15	00	20.29	35.30
15	11	18	00	30	00	20.26	35.37
15	11	18	00	45	00	20.26	35.37
15	11	18	01	00	00	20.22	35.37
15	11	18	01	15	00	20.21	35.37
15	11	18	01	30	00	20.21	35.37
15	11	18	01	45	00	20.18	35.30
15	11	18	02	00	00	20.16	35.34
15	11	18	02	15	00	20.11	35.32
15	11	18	02	30	00	20.11	35.30
15	11	18	02	45	00	20.07	35.37
15	11	18	03	00	00	20.05	35.32
15	11	18	03	15	00	20.04	35.35
15	11	18	03	30	00	20.01	35.30
15	11	18	03	45	00	19.98	35.35
15	11	18	04	00	00	20.04	35.30
15	11	18	04	15	00	20.16	35.30
15	11	18	04	30	00	20.28	34.32
15	11	18	04	45	00	20.41	34.30
15	11	18	05	00	00	20.54	34.32
15	11	18	05	15	00	20.66	34.35
15	11	18	05	30	00	20.78	34.35
15	11	18	05	45	00	20.91	34.33
15	11	18	06	00	00	20.95	33.30
15	11	18	06	15	00	21.01	33.38
15	11	18	06	30	00	21.07	32.33
15	11	18	06	45	00	21.11	32.38
15	11	18	07	00	00	21.18	32.34
15	11	18	07	15	00	21.20	32.36
15	11	18	07	30	00	21.15	32.34
15	11	18	07	45	00	21.02	32.33
15	11	18	08	00	00	20.92	32.33
15	11	18	08	15	00	20.82	32.31
15	11	18	08	30	00	20.77	33.34
15	11	18	08	45	00	20.69	33.31
15	11	18	09	00	00	20.62	33.33
15	11	18	09	15	00	20.56	33.36
15	11	18	09	30	00	20.54	34.30
15	11	18	09	45	00	20.49	34.35
15	11	18	10	00	00	20.44	35.30
15	11	18	10	15	00	20.42	36.32
15	11	18	10	30	00	20.41	36.36
15	11	18	10	45	00	20.39	37.36
15	11	18	11	00	00	20.41	37.36
15	11	18	11	15	00	20.42	38.37
15	11	18	11	30	00	20.42	38.35
15	11	18	11	45	00	20.42	38.33
15	11	18	12	00	00	20.41	38.39
15	11	18	12	15	00	20.42	39.37
15	11	18	12	30	00	20.41	39.39
15	11	18	12	45	00	20.39	39.37
15	11	18	13	00	00	20.39	39.36
15	11	18	13	15	00	20.39	39.36
15	11	18	13	30	00	20.42	39.33
15	11	18	13	45	00	20.42	39.31
15	11	18	14	00	00	20.44	39.33
15	11	18	14	15	00	20.46	40.42
15	11	18	14	30	00	20.45	40.44
15	11	18	14	45	00	20.44	41.42
15	11	18	15	00	00	20.44	41.44
15	11	18	15	15	00	20.42	41.44
15	11	18	15	30	00	20.44	41.44
15	11	18	15	45	00	20.44	41.42
15	11	18	16	00	00	20.44	41.49
15	11	18	16	15	00	20.41	41.49
15	11	18	16	30	00	20.42	41.41
15	11	18	16	45	00	20.44	41.49
15	11	18	17	00	00	20.42	41.44
15	11	18	17	15	00	20.44	41.41
15	11	18	17	30	00	20.46	41.44
15	11	18	17	45	00	20.45	41.42
15	11	18	18	00	00	20.42	41.47
15	11	18	18	15	00	20.41	41.49
15	11	18	18	30	00	20.39	41.44
15	11	18	18	45	00	20.38	41.49
15	11	18	19	00	00	20.38	41.49
15	11	18	19	15	00	20.38	41.44
15	11	18	19	30	00	20.36	41.44
15	11	18	19	45	00	20.38	41.49
15	11	18	20	00	00	20.38	41.46
15	11	18	20	15	00	20.39	41.46
15	11	18	20	30	00	20.36	41.46
15	11	18	20	45	00	20.36	41.44
15	11	18	21	00	00	20.36	41.47
15	11	18	21	15	00	20.35	41.47
15	11	18	21	30	00	20.38	41.47
15	11	18	21	45	00	20.34	40.49
15	11	18	22	00	00	20.35	40.42
15	11	18	22	15	00	20.32	40.49
15	11	18	22	30	00	20.36	40.47
15	11	18	22	45	00	20.36	40.47
15	11	18	23	00	00	20.38	40.42
15	11	18	23	15	00	20.38	40.40
15	11	18	23	30	00	20.38	40.42
15	11	18	23	45	00	20.38	40.45
15	11	19	00	00	00	20.38	40.45
15	11	19	00	15	00	20.35	40.45
15	11	19	00	30	00	20.35	40.43
15	11	19	00	45	00	20.34	40.43
15	11	19	01	00	00	20.31	40.43
15	11	19	01	15	00	20.29	40.43
15	11	19	01	30	00	20.28	40.48
15	11	19	01	45	00	20.25	40.48
15	11	19	02	00	00	20.25	40.48
15	11	19	02	15	00	20.25	40.45
15	11	19	02	30	00	20.22	40.43
15	11	19	02	45	00	20.19	40.40
15	11	19	03	00	00	20.16	40.40
15	11	19	03	15	00	20.16	40.45
15	11	19	03	30	00	20.15	40.43
15	11	19	03	45	00	20.13	40.43
15	11	19	04	00	00	20.18	40.48
15	11	19	04	15	00	20.26	40.45
15	11	19	04	30	00	20.39	40.43
15	11	19	04	45	00	20.51	39.38
15	11	19	05	00	00	20.65	39.36
15	11	19	05	15	00	20.77	39.34
15	11	19	05	30	00	20.87	39.36
15	11	19	05	45	00	20.98	39.32
15	11	19	06	00	00	21.05	38.35
15	11	19	06	15	00	21.09	37.38
15	11	19	06	30	00	21.15	37.36
15	11	19	06	45	00	21.20	36.39
15	11	19	07	00	00	21.22	36.37
15	11	19	07	15	00	21.21	36.34
15	11	19	07	30	00	21.09	36.32
15	11	19	07	45	00	20.97	36.39
15	11	19	08	00	00	20.87	36.32
15	11	19	08	15	00	20.78	36.32
15	11	19	08	30	00	20.74	36.34
15	11	19	08	45	00	20.66	36.34
15	11	19	09	00	00	20.62	37.31
15	11	19	09	15	00	20.56	37.38
15	11	19	09	30	00	20.54	38.33
15	11	19	09	45	00	20.49	38.30
15	11	19	10	00	00	20.45	38.32
15	11	19	10	15	00	20.42	39.39
15	11	19	10	30	00	20.39	39.36
15	11	19	10	45	00	20.41	40.40
15	11	19	11	00	00	20.41	40.47
15	11	19	11	15	00	20.39	41.49
15	11	19	11	30	00	20.39	41.41
15	11	19	11	45	00	20.42	42.40
15	11	19	12	00	00	20.41	42.42
15	11	19	12	15	00	20.39	42.47
15	11	19	12	30	00	20.41	42.42
15	11	19	12	45	00	20.41	42.47
15	11	19	13	00	00	20.39	42.42
15	11	19	13	15	00	20.41	42.47
15	11	19	13	30	00	20.39	42.45
15	11	19	13	45	00	20.41	42.40
15	11	19	14	00	00	20.42	42.49
15	11	19	14	15	00	20.39	42.49
15	11	19	14	30	00	20.44	43.44
15	11	19	14	45	00	20.42	42.47
15	11	19	15	00	00	20.42	42.47
15	11	19	15	15	00	20.42	42.44
15	11	19	15	30	00	20.41	42.44
15	11	19	15	45	00	20.45	43.44
15	11	19	16	00	00	20.39	43.41
15	11	19	16	15	00	20.41	43.46
15	11	19	16	30	00	20.39	43.41
15	11	19	16	45	00	20.44	44.43
15	11	19	17	00	00	20.42	44.44
15	11	19	17	15	00	20.41	44.41
15	11	19	17	30	00	20.41	44.43
15	11	19	17	45	00	20.42	45.41
15	11	19	18	00	00	20.44	45.48
15	11	19	18	15	00	20.44	45.47
15	11	19	18	30	00	20.45	45.43
15	11	19	18	45	00	20.44	45.45
15	11	19	19	00	00	20.44	45.47
15	11	19	19	15	00	20.42	45.49
15	11	19	19	30	00	20.41	45.44
15	11	19	19	45	00	20.42	45.42
15	11	19	20	00	00	20.42	45.49
15	11	19	20	15	00	20.45	45.45
15	11	19	20	30	00	20.48	45.42
15	11	19	20	45	00	20.52	45.40
15	11	19	21	00	00	20.54	45.47
15	11	19	21	15	00	20.56	45.45
15	11	19	21	30	00	20.59	45.43
15	11	19	21	45	00	20.62	44.48
15	11	19	22	00	00	20.65	44.49
15	11	19	22	15	00	20.65	44.42
15	11	19	22	30	00	20.68	44.44
15	11	19	22	45	00	20.68	44.40
15	11	19	23	00	00	20.71	43.46
15	11	19	23	15	00	20.69	43.43
15	11	19	23	30	00	20.68	43.48
15	11	19	23	45	00	20.66	43.43
15	11	20	00	00	00	20.66	43.46
15	11	20	00	15	00	20.65	43.41
15	11	20	00	30	00	20.64	43.48
15	11	20	00	45	00	20.62	43.43
15	11	20	01	00	00	20.61	43.46
15	11	20	01	15	00	20.58	43.48
15	11	20	01	30	00	20.56	43.41
15	11	20	01	45	00	20.55	43.49
15	11	20	02	00	00	20.55	43.41
15	11	20	02	15	00	20.51	43.41
15	11	20	02	30	00	20.48	43.44
15	11	20	02	45	00	20.48	43.44
15	11	20	03	00	00	20.45	43.42
15	11	20	03	15	00	20.42	43.44
15	11	20	03	30	00	20.39	42.49
15	11	20	03	45	00	20.38	42.47
15	11	20	04	00	00	20.35	42.42
15	11	20	04	15	00	20.36	42.47
15	11	20	04	30	00	20.44	42.42
15	11	20	04	45	00	20.54	42.44
15	11	20	05	00	00	20.62	42.42
15	11	20	05	15	00	20.75	42.45
15	11	20	05	30	00	20.84	42.48
15	11	20	05	45	00	20.94	42.48
15	11	20	06	00	00	21.04	41.46
15	11	20	06	15	00	21.08	41.44
15	11	20	06	30	00	21.11	41.49
15	11	20	06	45	00	21.14	40.40
15	11	20	07	00	00	21.12	40.43
15	11	20	07	15	00	21.11	39.31
15	11	20	07	30	00	21.11	39.31
15	11	20	07	45	00	21.09	39.39
15	11	20	08	00	00	21.08	39.36
15	11	20	08	15	00	21.08	39.38
15	11	20	08	30	00	21.07	40.48
15	11	20	08	45	00	21.07	40.42
15	11	20	09	00	00	21.05	40.44
15	11	20	09	15	00	21.07	41.42
15	11	20	09	30	00	21.05	41.49
15	11	20	09	45	00	21.08	42.45
15	11	20	10	00	00	21.08	42.45
15	11	20	10	15	00	21.08	42.44
15	11	20	10	30	00	21.09	43.42
15	11	20	10	45	00	21.09	43.48
15	11	20	11	00	00	21.09	43.48
15	11	20	11	15	00	21.11	43.46
15	11	20	11	30	00	21.14	43.43
15	11	20	11	45	00	21.14	44.47
15	11	20	12	00	00	21.15	44.44
15	11	20	12	15	00	21.18	44.49
15	11	20	12	30	00	21.20	44.46
15	11	20	12	45	00	21.21	44.46
15	11	20	13	00	00	21.24	44.43
15	11	20	13	15	00	21.25	44.41
15	11	20	13	30	00	21.25	44.41
15	11	20	13	45	00	21.30	44.47
15	11	20	14	00	00	21.28	44.44
15	11	20	14	15	00	21.30	45.46
15	11	20	14	30	00	21.32	45.43
15	11	20	14	45	00	21.34	45.48
15	11	20	15	00	00	21.34	45.43
15	11	20	15	15	00	21.35	44.44
15	11	20	15	30	00	21.34	44.40
15	11	20	15	45	00	21.34	43.43
15	11	20	16	00	00	21.32	43.43
15	11	20	16	15	00	21.32	42.47
15	11	20	16	30	00	21.35	42.45
15	11	20	16	45	00	21.34	41.48
15	11	20	17	00	00	21.34	41.49
15	11	20	17	15	00	21.37	41.44
15	11	20	17	30	00	21.35	41.47
15	11	20	17	45	00	21.37	41.43
15	11	20	18	00	00	21.40	41.41
15	11	20	18	15	00	21.40	42.43
15	11	20	18	30	00	21.40	42.48
15	11	20	18	45	00	21.40	42.42
15	11	20	19	00	00	21.41	43.46
15	11	20	19	15	00	21.42	43.48
15	11	20	19	30	00	21.41	43.46
15	11	20	19	45	00	21.42	43.45
15	11	20	20	00	00	21.41	44.47
15	11	20	20	15	00	21.41	44.47
15	11	20	20	30	00	21.40	44.44
15	11	20	20	45	00	21.41	44.47
15	11	20	21	00	00	21.38	44.42
15	11	20	21	15	00	21.38	44.45
15	11	20	21	30	00	21.38	44.40
15	11	20	21	45	00	21.37	43.43
15	11	20	22	00	00	21.34	43.41
15	11	20	22	15	00	21.34	43.43
15	11	20	22	30	00	21.34	43.43
15	11	20	22	45	00	21.32	43.41
15	11	20	23	00	00	21.32	43.46
15	11	20	23	15	00	21.32	43.41
15	11	20	23	30	00	21.30	43.41
15	11	20	23	45	00	21.28	43.46
15	11	21	00	00	00	21.25	43.41
15	11	21	00	15	00	21.22	43.41
15	11	21	00	30	00	21.20	43.44
15	11	21	00	45	00	21.18	43.48
15	11	21	01	00	00	21.14	43.48
15	11	21	01	15	00	21.14	43.41
15	11	21	01	30	00	21.11	43.41
15	11	21	01	45	00	21.09	43.41
15	11	21	02	00	00	21.07	43.41
15	11	21	02	15	00	21.04	43.41
15	11	21	02	30	00	21.02	43.48
15	11	21	02	45	00	20.98	43.48
15	11	21	03	00	00	20.95	43.48
15	11	21	03	15	00	20.91	43.41
15	11	21	03	30	00	20.88	43.49
15	11	21	03	45	00	20.87	43.46
15	11	21	04	00	00	20.84	43.49
15	11	21	04	15	00	20.81	43.49
15	11	21	04	30	00	20.77	43.46
15	11	21	04	45	00	20.75	43.44
15	11	21	05	00	00	20.72	43.41
15	11	21	05	15	00	20.71	43.46
15	11	21	05	30	00	20.68	43.44
15	11	21	05	45	00	20.66	43.42
15	11	21	06	00	00	20.62	43.49
15	11	21	06	15	00	20.59	43.47
15	11	21	06	30	00	20.58	43.42
15	11	21	06	45	00	20.56	42.49
15	11	21	07	00	00	20.54	42.44
15	11	21	07	15	00	20.52	42.49
15	11	21	07	30	00	20.49	42.47
15	11	21	07	45	00	20.48	42.42
15	11	21	08	00	00	20.46	42.49
15	11	21	08	15	00	20.44	42.49
15	11	21	08	30	00	20.44	42.49
15	11	21	08	45	00	20.42	42.47
15	11	21	09	00	00	20.41	42.49
15	11	21	09	15	00	20.39	42.44
15	11	21	09	30	00	20.38	42.47
15	11	21	09	45	00	20.39	43.42
15	11	21	10	00	00	20.38	43.49
15	11	21	10	15	00	20.39	43.44
15	11	21	10	30	00	20.38	43.46
15	11	21	10	45	00	20.38	43.46
15	11	21	11	00	00	20.38	43.41
15	11	21	11	15	00	20.39	43.46
15	11	21	11	30	00	20.38	43.46
15	11	21	11	45	00	20.39	43.41
15	11	21	12	00	00	20.41	43.44
15	11	21	12	15	00	20.41	43.44
15	11	21	12	30	00	20.42	43.44
15	11	21	12	45	00	20.42	43.44
15	11	21	13	00	00	20.45	43.49
15	11	21	13	15	00	20.45	43.46
15	11	21	13	30	00	20.45	43.49
15	11	21	13	45	00	20.46	43.44
15	11	21	14	00	00	20.48	43.44
15	11	21	14	15	00	20.49	43.42
15	11	21	14	30	00	20.51	43.42
15	11	21	14	45	00	20.51	42.49
15	11	21	15	00	00	20.54	42.44
15	11	21	15	15	00	20.54	42.49
15	11	21	15	30	00	20.55	42.47
15	11	21	15	45	00	20.59	42.49
15	11	21	16	00	00	20.61	43.44
15	11	21	16	15	00	20.64	43.44
15	11	21	16	30	00	20.64	43.43
15	11	21	16	45	00	20.69	43.46
15	11	21	17	00	00	20.69	43.41
15	11	21	17	15	00	20.71	43.45
15	11	21	17	30	00	20.74	44.40
15	11	21	17	45	00	20.75	44.44
15	11	21	18	00	00	20.75	44.49
15	11	21	18	15	00	20.75	44.42
15	11	21	18	30	00	20.77	44.40
15	11	21	18	45	00	20.78	44.40
15	11	21	19	00	00	20.78	44.43
15	11	21	19	15	00	20.77	43.43
15	11	21	19	30	00	20.77	43.43
15	11	21	19	45	00	20.77	43.48
15	11	21	20	00	00	20.75	43.41
15	11	21	20	15	00	20.77	43.43
15	11	21	20	30	00	20.75	43.46
15	11	21	20	45	00	20.74	43.41
15	11	21	21	00	00	20.72	43.41
15	11	21	21	15	00	20.71	43.49
15	11	21	21	30	00	20.71	43.46
15	11	21	21	45	00	20.69	43.49
15	11	21	22	00	00	20.69	43.44
15	11	21	22	15	00	20.66	42.49
15	11	21	22	30	00	20.65	42.44
15	11	21	22	45	00	20.64	42.47
15	11	21	23	00	00	20.64	42.49
15	11	21	23	15	00	20.61	42.49
15	11	21	23	30	00	20.61	42.45
15	11	21	23	45	00	20.61	42.42
15	11	22	00	00	00	20.56	42.42
15	11	22	00	15	00	20.55	42.47
15	11	22	00	30	00	20.55	42.43
15	11	22	00	45	00	20.52	42.48
15	11	22	01	00	00	20.52	42.43
15	11	22	01	15	00	20.49	42.45
15	11	22	01	30	00	20.48	42.43
15	11	22	01	45	00	20.46	42.45
15	11	22	02	00	00	20.45	42.40
15	11	22	02	15	00	20.45	42.43
15	11	22	02	30	00	20.42	41.48
15	11	22	02	45	00	20.42	41.41
15	11	22	03	00	00	20.41	41.46
15	11	22	03	15	00	20.39	41.43
15	11	22	03	30	00	20.38	41.48
15	11	22	03	45	00	20.38	41.44
15	11	22	04	00	00	20.35	41.49
15	11	22	04	15	00	20.35	41.44
15	11	22	04	30	00	20.34	41.49
15	11	22	04	45	00	20.32	41.41
15	11	22	05	00	00	20.29	41.44
15	11	22	05	15	00	20.29	41.46
15	11	22	05	30	00	20.28	41.47
15	11	22	05	45	00	20.26	41.44
15	11	22	06	00	00	20.26	41.49
15	11	22	06	15	00	20.35	41.47
15	11	22	06	30	00	20.48	40.42
15	11	22	06	45	00	20.59	40.45
15	11	22	07	00	00	20.69	40.45
15	11	22	07	15	00	20.82	40.48
15	11	22	07	30	00	20.97	39.33
15	11	22	07	45	00	21.07	39.33
15	11	22	08	00	00	21.15	39.39
15	11	22	08	15	00	21.20	38.32
15	11	22	08	30	00	21.28	37.38
15	11	22	08	45	00	21.34	37.35
15	11	22	09	00	00	21.37	37.38
15	11	22	09	15	00	21.40	37.35
15	11	22	09	30	00	21.38	37.30
15	11	22	09	45	00	21.37	38.32
15	11	22	10	00	00	21.37	38.30
15	11	22	10	15	00	21.35	38.35
15	11	22	10	30	00	21.37	38.37
15	11	22	10	45	00	21.34	38.34
15	11	22	11	00	00	21.34	39.39
15	11	22	11	15	00	21.32	39.39
15	11	22	11	30	00	21.32	39.39
15	11	22	11	45	00	21.31	39.39
15	11	22	12	00	00	21.31	39.31
15	11	22	12	15	00	21.31	39.33
15	11	22	12	30	00	21.31	39.30
15	11	22	12	45	00	21.31	39.38
15	11	22	13	00	00	21.30	40.43
15	11	22	13	15	00	21.30	40.48
15	11	22	13	30	00	21.28	40.40
15	11	22	13	45	00	21.27	40.45
15	11	22	14	00	00	21.28	40.42
15	11	22	14	15	00	21.28	41.47
15	11	22	14	30	00	21.31	41.49
15	11	22	14	45	00	21.32	42.43
15	11	22	15	00	00	21.34	42.45
15	11	22	15	15	00	21.37	43.42
15	11	22	15	30	00	21.38	43.46
15	11	22	15	45	00	21.40	43.43
15	11	22	16	00	00	21.42	43.48
15	11	22	16	15	00	21.42	44.42
15	11	22	16	30	00	21.44	44.44
15	11	22	16	45	00	21.45	44.49
15	11	22	17	00	00	21.47	44.43
15	11	22	17	15	00	21.48	45.41
15	11	22	17	30	00	21.48	45.40
15	11	22	17	45	00	21.48	45.45
15	11	22	18	00	00	21.50	45.48
15	11	22	18	15	00	21.51	45.45
15	11	22	18	30	00	21.48	45.43
15	11	22	18	45	00	21.48	45.40
15	11	22	19	00	00	21.48	45.45
15	11	22	19	15	00	21.47	45.41
15	11	22	19	30	00	21.48	45.46
15	11	22	19	45	00	21.47	45.41
15	11	22	20	00	00	21.47	44.41
15	11	22	20	15	00	21.47	44.49
15	11	22	20	30	00	21.47	44.42
15	11	22	20	45	00	21.45	44.47
15	11	22	21	00	00	21.45	44.45
15	11	22	21	15	00	21.42	43.48
15	11	22	21	30	00	21.42	43.44
15	11	22	21	45	00	21.41	42.47
15	11	22	22	00	00	21.40	42.40
15	11	22	22	15	00	21.40	41.48
15	11	22	22	30	00	21.37	41.46
15	11	22	22	45	00	21.34	41.41
15	11	22	23	00	00	21.31	41.49
15	11	22	23	15	00	21.28	41.44
15	11	22	23	30	00	21.27	41.43
15	11	22	23	45	00	21.24	41.41
15	11	23	00	00	00	21.21	41.43
15	11	23	00	15	00	21.17	41.48
15	11	23	00	30	00	21.15	41.44
15	11	23	00	45	00	21.11	41.49
15	11	23	01	00	00	21.09	41.48
15	11	23	01	15	00	21.07	41.41
15	11	23	01	30	00	21.04	41.46
15	11	23	01	45	00	21.01	41.46
15	11	23	02	00	00	20.98	41.43
15	11	23	02	15	00	20.98	41.43
15	11	23	02	30	00	20.94	41.43
15	11	23	02	45	00	20.92	41.41
15	11	23	03	00	00	20.88	41.46
15	11	23	03	15	00	20.87	41.48
15	11	23	03	30	00	20.85	41.49
15	11	23	03	45	00	20.84	41.46
15	11	23	04	00	00	20.84	41.48
15	11	23	04	15	00	20.82	41.49
15	11	23	04	30	00	20.82	41.43
15	11	23	04	45	00	20.84	41.46
15	11	23	05	00	00	20.84	41.49
15	11	23	05	15	00	20.85	41.45
15	11	23	05	30	00	20.84	40.42
15	11	23	05	45	00	20.84	40.45
15	11	23	06	00	00	20.82	40.40
15	11	23	06	15	00	20.81	40.41
15	11	23	06	30	00	20.81	39.31
15	11	23	06	45	00	20.81	39.33
15	11	23	07	00	00	20.81	39.39
15	11	23	07	15	00	20.82	39.30
15	11	23	07	30	00	20.82	38.34
15	11	23	07	45	00	20.84	38.33
15	11	23	08	00	00	20.85	38.30
15	11	23	08	15	00	20.87	38.33
15	11	23	08	30	00	20.87	38.37
15	11	23	08	45	00	20.87	38.37
15	11	23	09	00	00	20.88	38.38
15	11	23	09	15	00	20.89	38.30
15	11	23	09	30	00	20.91	38.35
15	11	23	09	45	00	20.94	38.37
15	11	23	10	00	00	20.94	39.39
15	11	23	10	15	00	20.97	39.31
15	11	23	10	30	00	20.97	39.36
15	11	23	10	45	00	20.99	39.33
15	11	23	11	00	00	21.01	39.36
15	11	23	11	15	00	21.02	39.31
15	11	23	11	30	00	21.05	40.41
15	11	23	11	45	00	21.05	40.43
15	11	23	12	00	00	21.08	40.45
15	11	23	12	15	00	21.08	40.42
15	11	23	12	30	00	21.08	41.49
15	11	23	12	45	00	21.05	41.46
15	11	23	13	00	00	21.05	41.41
15	11	23	13	15	00	21.05	41.44
15	11	23	13	30	00	21.08	41.46
15	11	23	13	45	00	21.08	41.43
15	11	23	14	00	00	21.09	41.43
15	11	23	14	15	00	21.09	42.43
15	11	23	14	30	00	21.09	42.43
15	11	23	14	45	00	21.14	42.47
15	11	23	15	00	00	21.17	43.44
15	11	23	15	15	00	21.21	43.41
15	11	23	15	30	00	21.21	43.43
15	11	23	15	45	00	21.24	43.41
15	11	23	16	00	00	21.24	43.45
15	11	23	16	15	00	21.25	44.40
15	11	23	16	30	00	21.27	44.42
15	11	23	16	45	00	21.30	44.44
15	11	23	17	00	00	21.25	45.48
15	11	23	17	15	00	21.22	45.40
15	11	23	17	30	00	21.18	45.40
15	11	23	17	45	00	21.11	45.40
15	11	23	18	00	00	21.07	45.45
15	11	23	18	15	00	21.01	45.40
15	11	23	18	30	00	20.95	45.43
15	11	23	18	45	00	20.91	45.40
15	11	23	19	00	00	20.85	45.40
15	11	23	19	15	00	20.81	44.43
15	11	23	19	30	00	20.78	44.44
15	11	23	19	45	00	20.74	44.47
15	11	23	20	00	00	20.71	43.48
15	11	23	20	15	00	20.66	43.46
15	11	23	20	30	00	20.62	43.48
15	11	23	20	45	00	20.59	43.40
15	11	23	21	00	00	20.55	43.43
15	11	23	21	15	00	20.52	43.48
15	11	23	21	30	00	20.49	43.46
15	11	23	21	45	00	20.46	43.41
15	11	23	22	00	00	20.44	43.41
15	11	23	22	15	00	20.41	43.46
15	11	23	22	30	00	20.41	43.46
15	11	23	22	45	00	20.35	43.43
15	11	23	23	00	00	20.35	43.46
15	11	23	23	15	00	20.41	43.48
15	11	23	23	30	00	20.45	43.44
15	11	23	23	45	00	20.45	43.41
15	11	24	00	00	00	20.45	43.49
15	11	24	00	15	00	20.45	43.49
15	11	24	00	30	00	20.46	43.46
15	11	24	00	45	00	20.46	43.46
15	11	24	01	00	00	20.45	43.46
15	11	24	01	15	00	20.46	43.44
15	11	24	01	30	00	20.46	43.44
15	11	24	01	45	00	20.45	43.41
15	11	24	02	00	00	20.45	43.46
15	11	24	02	15	00	20.45	43.44
15	11	24	02	30	00	20.42	43.42
15	11	24	02	45	00	20.44	43.49
15	11	24	03	00	00	20.52	43.48
15	11	24	03	15	00	20.56	43.45
15	11	24	03	30	00	20.59	44.40
15	11	24	03	45	00	20.65	44.49
15	11	24	04	00	00	20.69	44.45
15	11	24	04	15	00	20.78	44.44
15	11	24	04	30	00	20.84	44.45
15	11	24	04	45	00	20.95	44.47
15	11	24	05	00	00	21.02	44.40
15	11	24	05	15	00	21.09	44.43
15	11	24	05	30	00	21.12	43.45
15	11	24	05	45	00	21.14	43.43
15	11	24	06	00	00	21.09	43.48
15	11	24	06	15	00	21.04	43.40
15	11	24	06	30	00	20.97	43.41
15	11	24	06	45	00	20.91	43.41
15	11	24	07	00	00	20.88	43.48
15	11	24	07	15	00	20.85	44.47
15	11	24	07	30	00	20.81	44.42
15	11	24	07	45	00	20.79	44.49
15	11	24	08	00	00	20.78	44.41
15	11	24	08	15	00	20.77	45.43
15	11	24	08	30	00	20.74	44.44
15	11	24	08	45	00	20.64	44.49
15	11	24	09	00	00	20.58	44.46
15	11	24	09	15	00	20.51	44.46
15	11	24	09	30	00	20.46	45.42
15	11	24	09	45	00	20.44	45.47
15	11	24	10	00	00	20.46	45.49
15	11	24	10	15	00	20.44	46.43
15	11	24	10	30	00	20.39	46.43
15	11	24	10	45	00	20.36	46.45
15	11	24	11	00	00	20.38	47.44
15	11	24	11	15	00	20.36	47.41
15	11	24	11	30	00	20.39	48.40
15	11	24	11	45	00	20.41	48.47
15	11	24	12	00	00	20.41	47.42
15	11	24	12	15	00	20.39	46.44
15	11	24	12	30	00	20.36	45.43
15	11	24	12	45	00	20.38	44.46
15	11	24	13	00	00	20.35	41.49
15	11	24	13	15	00	20.34	39.31
15	11	24	13	30	00	20.32	37.35
15	11	24	13	45	00	20.34	37.33
15	11	24	14	00	00	20.34	35.35
15	11	24	14	15	00	20.36	35.33
15	11	24	14	30	00	20.32	33.31
15	11	24	14	45	00	20.34	32.34
15	11	24	15	00	00	20.31	31.34
15	11	24	15	15	00	20.29	30.39
15	11	24	15	30	00	20.34	30.31
15	11	24	15	45	00	20.32	29.29
15	11	24	16	00	00	20.32	30.31
15	11	24	16	15	00	20.31	30.34
15	11	24	16	30	00	20.31	30.31
15	11	24	16	45	00	20.31	30.36
15	11	24	17	00	00	20.32	30.39
15	11	24	17	15	00	20.31	30.36
15	11	24	17	30	00	20.31	30.39
15	11	24	17	45	00	20.32	31.36
15	11	24	18	00	00	20.31	30.34
15	11	24	18	15	00	20.28	30.31
15	11	24	18	30	00	20.28	30.31
15	11	24	18	45	00	20.29	30.36
15	11	24	19	00	00	20.29	30.32
15	11	24	19	15	00	20.28	30.36
15	11	24	19	30	00	20.28	30.39
15	11	24	19	45	00	20.28	30.31
15	11	24	20	00	00	20.26	31.36
15	11	24	20	15	00	20.28	30.36
15	11	24	20	30	00	20.25	31.31
15	11	24	20	45	00	20.26	30.38
15	11	24	21	00	00	20.25	31.36
15	11	24	21	15	00	20.26	30.31
15	11	24	21	30	00	20.26	30.39
15	11	24	21	45	00	20.28	30.38
15	11	24	22	00	00	20.26	31.31
15	11	24	22	15	00	20.26	31.36
15	11	24	22	30	00	20.28	31.31
15	11	24	22	45	00	20.29	31.39
15	11	24	23	00	00	20.29	31.36
15	11	24	23	15	00	20.32	31.33
15	11	24	23	30	00	20.28	32.34
15	11	24	23	45	00	20.29	32.34
15	11	25	00	00	00	20.26	32.36
15	11	25	00	15	00	20.28	32.36
15	11	25	00	30	00	20.23	32.38
15	11	25	00	45	00	20.23	33.36
15	11	25	01	00	00	20.21	33.33
15	11	25	01	15	00	20.21	33.31
15	11	25	01	30	00	20.16	33.33
15	11	25	01	45	00	20.16	33.38
15	11	25	02	00	00	20.15	33.31
15	11	25	02	15	00	20.10	33.33
15	11	25	02	30	00	20.08	34.33
15	11	25	02	45	00	20.08	34.33
15	11	25	03	00	00	20.04	34.30
15	11	25	03	15	00	20.01	34.38
15	11	25	03	30	00	20.01	34.35
15	11	25	03	45	00	20.00	34.38
15	11	25	04	00	00	20.07	34.35
15	11	25	04	15	00	20.18	34.38
15	11	25	04	30	00	20.31	33.33
15	11	25	04	45	00	20.44	33.33
15	11	25	05	00	00	20.56	33.31
15	11	25	05	15	00	20.71	33.31
15	11	25	05	30	00	20.81	33.33
15	11	25	05	45	00	20.92	33.36
15	11	25	06	00	00	20.98	32.38
15	11	25	06	15	00	21.04	31.38
15	11	25	06	30	00	21.08	30.34
15	11	25	06	45	00	21.12	30.39
15	11	25	07	00	00	21.17	29.29
15	11	25	07	15	00	21.15	29.29
15	11	25	07	30	00	21.04	29.21
15	11	25	07	45	00	20.94	29.26
15	11	25	08	00	00	20.82	29.24
15	11	25	08	15	00	20.72	29.29
15	11	25	08	30	00	20.65	29.21
15	11	25	08	45	00	20.58	29.29
15	11	25	09	00	00	20.52	29.24
15	11	25	09	15	00	20.48	29.24
15	11	25	09	30	00	20.42	29.22
15	11	25	09	45	00	20.38	29.27
15	11	25	10	00	00	20.36	29.21
15	11	25	10	15	00	20.35	29.29
15	11	25	10	30	00	20.36	29.26
15	11	25	10	45	00	20.36	29.29
15	11	25	11	00	00	20.35	29.22
15	11	25	11	15	00	20.38	29.26
15	11	25	11	30	00	20.34	29.21
15	11	25	11	45	00	20.36	29.21
15	11	25	12	00	00	20.35	28.26
15	11	25	12	15	00	20.34	29.29
15	11	25	12	30	00	20.35	28.26
15	11	25	12	45	00	20.34	29.29
15	11	25	13	00	00	20.34	28.26
15	11	25	13	15	00	20.32	28.21
15	11	25	13	30	00	20.35	29.21
15	11	25	13	45	00	20.36	29.26
15	11	25	14	00	00	20.35	29.29
15	11	25	14	15	00	20.36	29.21
15	11	25	14	30	00	20.35	29.21
15	11	25	14	45	00	20.35	29.29
15	11	25	15	00	00	20.34	29.29
15	11	25	15	15	00	20.34	28.24
15	11	25	15	30	00	20.31	28.21
15	11	25	15	45	00	20.32	28.21
15	11	25	16	00	00	20.31	27.28
15	11	25	16	15	00	20.28	27.28
15	11	25	16	30	00	20.31	27.28
15	11	25	16	45	00	20.28	28.21
15	11	25	17	00	00	20.31	28.24
15	11	25	17	15	00	20.28	29.21
15	11	25	17	30	00	20.29	30.36
15	11	25	17	45	00	20.32	30.39
15	11	25	18	00	00	20.29	30.32
15	11	25	18	15	00	20.31	30.34
15	11	25	18	30	00	20.28	31.31
15	11	25	18	45	00	20.29	31.39
15	11	25	19	00	00	20.29	31.34
15	11	25	19	15	00	20.28	31.33
15	11	25	19	30	00	20.31	31.39
15	11	25	19	45	00	20.28	31.39
15	11	25	20	00	00	20.29	31.39
15	11	25	20	15	00	20.26	31.39
15	11	25	20	30	00	20.25	31.39
15	11	25	20	45	00	20.32	31.39
15	11	25	21	00	00	20.28	30.31
15	11	25	21	15	00	20.25	31.36
15	11	25	21	30	00	20.28	30.31
15	11	25	21	45	00	20.31	30.34
15	11	25	22	00	00	20.26	29.26
15	11	25	22	15	00	20.26	29.29
15	11	25	22	30	00	20.29	29.21
15	11	25	22	45	00	20.31	29.24
15	11	25	23	00	00	20.29	28.21
15	11	25	23	15	00	20.28	28.24
15	11	25	23	30	00	20.26	29.24
15	11	25	23	45	00	20.23	29.29
15	11	26	00	00	00	20.22	29.29
15	11	26	00	15	00	20.19	29.26
15	11	26	00	30	00	20.15	29.26
15	11	26	00	45	00	20.11	29.29
15	11	26	01	00	00	20.07	29.29
15	11	26	01	15	00	20.07	29.29
15	11	26	01	30	00	20.02	29.21
15	11	26	01	45	00	20.00	29.29
15	11	26	02	00	00	19.97	30.36
15	11	26	02	15	00	19.94	30.34
15	11	26	02	30	00	19.91	30.31
15	11	26	02	45	00	19.87	30.31
15	11	26	03	00	00	19.85	30.36
15	11	26	03	15	00	19.81	30.31
15	11	26	03	30	00	19.79	30.34
15	11	26	03	45	00	19.78	30.34
15	11	26	04	00	00	19.82	30.34
15	11	26	04	15	00	19.97	30.39
15	11	26	04	30	00	20.11	29.29
15	11	26	04	45	00	20.28	29.23
15	11	26	05	00	00	20.45	29.28
15	11	26	05	15	00	20.61	29.23
15	11	26	05	30	00	20.77	28.26
15	11	26	05	45	00	20.88	29.26
15	11	26	06	00	00	20.81	29.26
15	11	26	06	15	00	20.77	29.21
15	11	26	06	30	00	20.71	29.21
15	11	26	06	45	00	20.65	28.26
15	11	26	07	00	00	20.58	28.29
15	11	26	07	15	00	20.52	28.21
15	11	26	07	30	00	20.48	28.29
15	11	26	07	45	00	20.44	28.24
15	11	26	08	00	00	20.36	28.24
15	11	26	08	15	00	20.34	28.29
15	11	26	08	30	00	20.28	28.21
15	11	26	08	45	00	20.23	28.23
15	11	26	09	00	00	20.19	28.23
15	11	26	09	15	00	20.15	28.29
15	11	26	09	30	00	20.11	28.29
15	11	26	09	45	00	20.08	28.21
15	11	26	10	00	00	20.04	28.29
15	11	26	10	15	00	20.01	28.26
15	11	26	10	30	00	19.98	28.29
15	11	26	10	45	00	19.95	28.24
15	11	26	11	00	00	19.92	28.24
15	11	26	11	15	00	19.92	28.26
15	11	26	11	30	00	19.91	28.26
15	11	26	11	45	00	19.90	28.24
15	11	26	12	00	00	19.87	28.28
15	11	26	12	15	00	19.87	28.26
15	11	26	12	30	00	19.85	28.28
15	11	26	12	45	00	19.85	29.21
15	11	26	13	00	00	19.85	29.21
15	11	26	13	15	00	19.84	29.26
15	11	26	13	30	00	19.82	29.21
15	11	26	13	45	00	19.84	29.24
15	11	26	14	00	00	19.81	29.26
15	11	26	14	15	00	19.81	29.29
15	11	26	14	30	00	19.82	29.26
15	11	26	14	45	00	19.81	29.21
15	11	26	15	00	00	19.81	29.24
15	11	26	15	15	00	19.81	29.29
15	11	26	15	30	00	19.81	29.26
15	11	26	15	45	00	19.81	29.26
15	11	26	16	00	00	19.82	29.21
15	11	26	16	15	00	19.81	29.29
15	11	26	16	30	00	19.79	29.21
15	11	26	16	45	00	19.79	29.26
15	11	26	17	00	00	19.79	29.26
15	11	26	17	15	00	19.79	29.23
15	11	26	17	30	00	19.78	29.21
15	11	26	17	45	00	19.78	29.29
15	11	26	18	00	00	19.77	29.26
15	11	26	18	15	00	19.77	29.24
15	11	26	18	30	00	19.75	29.24
15	11	26	18	45	00	19.74	29.21
15	11	26	19	00	00	19.74	29.26
15	11	26	19	15	00	19.72	29.21
15	11	26	19	30	00	19.72	29.24
15	11	26	19	45	00	19.71	29.24
15	11	26	20	00	00	19.71	29.29
15	11	26	20	15	00	19.68	29.24
15	11	26	20	30	00	19.67	29.26
15	11	26	20	45	00	19.65	29.24
15	11	26	21	00	00	19.64	29.21
15	11	26	21	15	00	19.62	29.29
15	11	26	21	30	00	19.61	29.29
15	11	26	21	45	00	19.61	29.26
15	11	26	22	00	00	19.58	29.26
15	11	26	22	15	00	19.57	29.24
15	11	26	22	30	00	19.55	29.26
15	11	26	22	45	00	19.54	29.26
15	11	26	23	00	00	19.54	29.21
15	11	26	23	15	00	19.49	29.21
15	11	26	23	30	00	19.49	28.26
15	11	26	23	45	00	19.48	28.24
15	11	27	00	00	00	19.47	28.21
15	11	27	00	15	00	19.45	28.29
15	11	27	00	30	00	19.44	28.24
15	11	27	00	45	00	19.42	28.21
15	11	27	01	00	00	19.39	28.21
15	11	27	01	15	00	19.39	28.29
15	11	27	01	30	00	19.38	28.24
15	11	27	01	45	00	19.34	28.29
15	11	27	02	00	00	19.35	28.21
15	11	27	02	15	00	19.34	28.26
15	11	27	02	30	00	19.31	28.21
15	11	27	02	45	00	19.31	28.21
15	11	27	03	00	00	19.29	28.29
15	11	27	03	15	00	19.28	28.21
15	11	27	03	30	00	19.25	28.26
15	11	27	03	45	00	19.26	28.23
15	11	27	04	00	00	19.32	28.21
15	11	27	04	15	00	19.47	28.24
15	11	27	04	30	00	19.61	28.29
15	11	27	04	45	00	19.78	27.21
15	11	27	05	00	00	19.95	27.21
15	11	27	05	15	00	20.15	26.21
15	11	27	05	30	00	20.32	26.20
15	11	27	05	45	00	20.45	26.20
15	11	27	06	00	00	20.39	27.21
15	11	27	06	15	00	20.35	26.21
15	11	27	06	30	00	20.29	26.25
15	11	27	06	45	00	20.25	26.26
15	11	27	07	00	00	20.19	26.21
15	11	27	07	15	00	20.15	26.23
15	11	27	07	30	00	20.08	26.20
15	11	27	07	45	00	20.02	26.23
15	11	27	08	00	00	19.98	26.20
15	11	27	08	15	00	19.95	26.20
15	11	27	08	30	00	19.90	26.20
15	11	27	08	45	00	19.85	26.23
15	11	27	09	00	00	19.82	26.26
15	11	27	09	15	00	19.78	26.23
15	11	27	09	30	00	19.75	26.21
15	11	27	09	45	00	19.72	26.20
15	11	27	10	00	00	19.69	26.28
15	11	27	10	15	00	19.67	26.23
15	11	27	10	30	00	19.64	26.23
15	11	27	10	45	00	19.62	26.28
15	11	27	11	00	00	19.62	27.23
15	11	27	11	15	00	19.62	27.21
15	11	27	11	30	00	19.62	27.23
15	11	27	11	45	00	19.62	28.21
15	11	27	12	00	00	19.64	28.29
15	11	27	12	15	00	19.64	29.24
15	11	27	12	30	00	19.67	30.39
15	11	27	12	45	00	19.67	31.34
15	11	27	13	00	00	19.68	31.31
15	11	27	13	15	00	19.68	32.31
15	11	27	13	30	00	19.69	32.33
15	11	27	13	45	00	19.69	32.38
15	11	27	14	00	00	19.69	33.31
15	11	27	14	15	00	19.68	33.33
15	11	27	14	30	00	19.68	32.33
15	11	27	14	45	00	19.68	32.38
15	11	27	15	00	00	19.68	32.31
15	11	27	15	15	00	19.67	32.31
15	11	27	15	30	00	19.68	32.38
15	11	27	15	45	00	19.69	32.31
15	11	27	16	00	00	19.69	32.36
15	11	27	16	15	00	19.68	32.36
15	11	27	16	30	00	19.68	31.36
15	11	27	16	45	00	19.67	31.34
15	11	27	17	00	00	19.67	31.36
15	11	27	17	15	00	19.68	31.36
15	11	27	17	30	00	19.64	31.39
15	11	27	17	45	00	19.64	31.31
15	11	27	18	00	00	19.64	30.32
15	11	27	18	15	00	19.64	30.31
15	11	27	18	30	00	19.62	30.34
15	11	27	18	45	00	19.61	30.31
15	11	27	19	00	00	19.59	30.34
15	11	27	19	15	00	19.58	30.34
15	11	27	19	30	00	19.57	29.21
15	11	27	19	45	00	19.55	29.23
15	11	27	20	00	00	19.55	29.26
15	11	27	20	15	00	19.54	29.29
15	11	27	20	30	00	19.52	29.28
15	11	27	20	45	00	19.51	29.21
15	11	27	21	00	00	19.48	29.21
15	11	27	21	15	00	19.47	29.21
15	11	27	21	30	00	19.47	29.23
15	11	27	21	45	00	19.45	29.21
15	11	27	22	00	00	19.42	29.26
15	11	27	22	15	00	19.42	29.21
15	11	27	22	30	00	19.39	29.24
15	11	27	22	45	00	19.36	28.26
15	11	27	23	00	00	19.38	28.28
15	11	27	23	15	00	19.35	28.29
15	11	27	23	30	00	19.32	28.21
15	11	27	23	45	00	19.31	28.21
15	11	28	00	00	00	19.29	28.26
15	11	28	00	15	00	19.26	28.26
15	11	28	00	30	00	19.26	28.29
15	11	28	00	45	00	19.25	28.21
15	11	28	01	00	00	19.25	28.28
15	11	28	01	15	00	19.22	28.21
15	11	28	01	30	00	19.22	28.29
15	11	28	01	45	00	19.21	28.21
15	11	28	02	00	00	19.19	28.29
15	11	28	02	15	00	19.18	28.26
15	11	28	02	30	00	19.16	28.29
15	11	28	02	45	00	19.16	28.21
15	11	28	03	00	00	19.16	28.26
15	11	28	03	15	00	19.12	28.21
15	11	28	03	30	00	19.12	28.26
15	11	28	03	45	00	19.14	28.23
15	11	28	04	00	00	19.21	28.29
15	11	28	04	15	00	19.34	27.21
15	11	28	04	30	00	19.49	27.28
15	11	28	04	45	00	19.69	26.28
15	11	28	05	00	00	19.88	26.23
15	11	28	05	15	00	20.05	26.25
15	11	28	05	30	00	20.25	25.22
15	11	28	05	45	00	20.36	26.23
15	11	28	06	00	00	20.35	26.26
15	11	28	06	15	00	20.28	26.26
15	11	28	06	30	00	20.22	26.26
15	11	28	06	45	00	20.16	26.28
15	11	28	07	00	00	20.10	26.28
15	11	28	07	15	00	20.04	26.25
15	11	28	07	30	00	20.00	26.20
15	11	28	07	45	00	19.94	26.20
15	11	28	08	00	00	19.88	26.20
15	11	28	08	15	00	19.82	26.25
15	11	28	08	30	00	19.78	25.23
15	11	28	08	45	00	19.74	26.28
15	11	28	09	00	00	19.68	26.28
15	11	28	09	15	00	19.65	26.23
15	11	28	09	30	00	19.61	26.20
15	11	28	09	45	00	19.57	26.25
15	11	28	10	00	00	19.55	26.28
15	11	28	10	15	00	19.52	26.28
15	11	28	10	30	00	19.49	26.28
15	11	28	10	45	00	19.48	26.20
15	11	28	11	00	00	19.45	26.25
15	11	28	11	15	00	19.44	26.28
15	11	28	11	30	00	19.42	26.20
15	11	28	11	45	00	19.41	26.28
15	11	28	12	00	00	19.41	26.28
15	11	28	12	15	00	19.39	26.20
15	11	28	12	30	00	19.38	26.25
15	11	28	12	45	00	19.36	26.20
15	11	28	13	00	00	19.38	26.28
15	11	28	13	15	00	19.36	26.20
15	11	28	13	30	00	19.35	26.23
15	11	28	13	45	00	19.34	26.28
15	11	28	14	00	00	19.35	26.20
15	11	28	14	15	00	19.35	26.21
15	11	28	14	30	00	19.34	26.25
15	11	28	14	45	00	19.35	26.20
15	11	28	15	00	00	19.35	26.20
15	11	28	15	15	00	19.35	26.21
15	11	28	15	30	00	19.35	26.28
15	11	28	15	45	00	19.36	26.21
15	11	28	16	00	00	19.36	26.28
15	11	28	16	15	00	19.35	27.21
15	11	28	16	30	00	19.35	27.26
15	11	28	16	45	00	19.36	27.21
15	11	28	17	00	00	19.36	27.23
15	11	28	17	15	00	19.36	27.26
15	11	28	17	30	00	19.36	27.28
15	11	28	17	45	00	19.35	27.28
15	11	28	18	00	00	19.35	27.23
15	11	28	18	15	00	19.35	27.26
15	11	28	18	30	00	19.34	27.23
15	11	28	18	45	00	19.32	27.28
15	11	28	19	00	00	19.31	27.26
15	11	28	19	15	00	19.29	27.28
15	11	28	19	30	00	19.28	27.23
15	11	28	19	45	00	19.28	27.26
15	11	28	20	00	00	19.26	27.28
15	11	28	20	15	00	19.24	27.28
15	11	28	20	30	00	19.24	27.23
15	11	28	20	45	00	19.21	27.29
15	11	28	21	00	00	19.19	27.26
15	11	28	21	15	00	19.18	27.23
15	11	28	21	30	00	19.18	27.24
15	11	28	21	45	00	19.15	27.21
15	11	28	22	00	00	19.14	28.24
15	11	28	22	15	00	19.12	28.28
15	11	28	22	30	00	19.11	28.21
15	11	28	22	45	00	19.09	28.29
15	11	28	23	00	00	19.06	28.21
15	11	28	23	15	00	19.05	28.26
15	11	28	23	30	00	19.04	28.21
15	11	28	23	45	00	19.02	28.23
15	11	29	00	00	00	19.01	28.23
15	11	29	00	15	00	18.99	28.26
15	11	29	00	30	00	18.96	28.21
15	11	29	00	45	00	18.95	28.24
15	11	29	01	00	00	18.93	28.21
15	11	29	01	15	00	18.92	28.26
15	11	29	01	30	00	18.89	28.21
15	11	29	01	45	00	18.88	28.21
15	11	29	02	00	00	18.85	28.26
15	11	29	02	15	00	18.83	28.29
15	11	29	02	30	00	18.82	28.24
15	11	29	02	45	00	18.79	28.21
15	11	29	03	00	00	18.78	28.28
15	11	29	03	15	00	18.75	28.28
15	11	29	03	30	00	18.73	29.26
15	11	29	03	45	00	18.71	29.21
15	11	29	04	00	00	18.81	28.23
15	11	29	04	15	00	18.93	27.21
15	11	29	04	30	00	19.11	26.26
15	11	29	04	45	00	19.31	26.20
15	11	29	05	00	00	19.51	25.27
15	11	29	05	15	00	19.72	25.20
15	11	29	05	30	00	19.91	25.25
15	11	29	05	45	00	20.08	25.28
15	11	29	06	00	00	20.05	25.20
15	11	29	06	15	00	20.02	25.25
15	11	29	06	30	00	19.97	25.22
15	11	29	06	45	00	19.91	25.28
15	11	29	07	00	00	19.85	25.28
15	11	29	07	15	00	19.81	25.20
15	11	29	07	30	00	19.75	25.25
15	11	29	07	45	00	19.68	25.25
15	11	29	08	00	00	19.62	25.22
15	11	29	08	15	00	19.58	25.25
15	11	29	08	30	00	19.52	25.25
15	11	29	08	45	00	19.49	25.27
15	11	29	09	00	00	19.44	25.25
15	11	29	09	15	00	19.39	25.20
15	11	29	09	30	00	19.35	26.21
15	11	29	09	45	00	19.32	26.28
15	11	29	10	00	00	19.29	26.20
15	11	29	10	15	00	19.26	26.23
15	11	29	10	30	00	19.24	26.25
15	11	29	10	45	00	19.21	26.23
15	11	29	11	00	00	19.19	26.20
15	11	29	11	15	00	19.16	26.20
15	11	29	11	30	00	19.16	26.23
15	11	29	11	45	00	19.15	26.20
15	11	29	12	00	00	19.14	26.23
15	11	29	12	15	00	19.14	26.28
15	11	29	12	30	00	19.14	26.28
15	11	29	12	45	00	19.12	26.28
15	11	29	13	00	00	19.12	26.25
15	11	29	13	15	00	19.14	26.28
15	11	29	13	30	00	19.12	26.26
15	11	29	13	45	00	19.14	27.28
15	11	29	14	00	00	19.12	27.23
15	11	29	14	15	00	19.12	27.21
15	11	29	14	30	00	19.14	27.21
15	11	29	14	45	00	19.14	27.23
15	11	29	15	00	00	19.15	27.26
15	11	29	15	15	00	19.14	27.21
15	11	29	15	30	00	19.16	27.29
15	11	29	15	45	00	19.16	27.29
15	11	29	16	00	00	19.18	28.29
15	11	29	16	15	00	19.18	28.21
15	11	29	16	30	00	19.18	28.24
15	11	29	16	45	00	19.19	28.23
15	11	29	17	00	00	19.21	28.24
15	11	29	17	15	00	19.19	28.21
15	11	29	17	30	00	19.19	28.26
15	11	29	17	45	00	19.19	28.24
15	11	29	18	00	00	19.19	28.26
15	11	29	18	15	00	19.18	28.21
15	11	29	18	30	00	19.16	28.24
15	11	29	18	45	00	19.15	28.26
15	11	29	19	00	00	19.15	28.29
15	11	29	19	15	00	19.14	28.24
15	11	29	19	30	00	19.12	28.21
15	11	29	19	45	00	19.11	28.26
15	11	29	20	00	00	19.11	28.26
15	11	29	20	15	00	19.09	28.24
15	11	29	20	30	00	19.08	28.28
15	11	29	20	45	00	19.08	28.24
15	11	29	21	00	00	19.06	28.24
15	11	29	21	15	00	19.04	28.26
15	11	29	21	30	00	19.01	28.26
15	11	29	21	45	00	19.01	28.21
15	11	29	22	00	00	18.99	28.21
15	11	29	22	15	00	18.99	28.24
15	11	29	22	30	00	18.96	28.26
15	11	29	22	45	00	18.96	28.29
15	11	29	23	00	00	18.95	28.23
15	11	29	23	15	00	18.93	28.21
15	11	29	23	30	00	18.91	28.21
15	11	29	23	45	00	18.89	28.28
15	11	30	00	00	00	18.89	28.24
15	11	30	00	15	00	18.86	28.29
15	11	30	00	30	00	18.85	28.24
15	11	30	00	45	00	18.83	28.26
15	11	30	01	00	00	18.82	28.21
15	11	30	01	15	00	18.81	27.26
15	11	30	01	30	00	18.79	28.21
15	11	30	01	45	00	18.78	27.21
15	11	30	02	00	00	18.75	27.23
15	11	30	02	15	00	18.73	27.29
15	11	30	02	30	00	18.70	27.26
15	11	30	02	45	00	18.70	27.26
15	11	30	03	00	00	18.67	27.26
15	11	30	03	15	00	18.64	27.26
15	11	30	03	30	00	18.62	27.29
15	11	30	03	45	00	18.62	27.29
15	11	30	04	00	00	18.71	27.28
15	11	30	04	15	00	18.85	27.21
15	11	30	04	30	00	19.01	26.20
15	11	30	04	45	00	19.19	26.28
15	11	30	05	00	00	19.36	26.28
15	11	30	05	15	00	19.54	25.25
15	11	30	05	30	00	19.68	25.28
15	11	30	05	45	00	19.81	25.23
15	11	30	06	00	00	19.78	25.25
15	11	30	06	15	00	19.72	25.25
15	11	30	06	30	00	19.69	25.25
15	11	30	06	45	00	19.62	25.28
15	11	30	07	00	00	19.57	26.21
15	11	30	07	15	00	19.52	26.28
15	11	30	07	30	00	19.48	26.20
15	11	30	07	45	00	19.42	26.20
15	11	30	08	00	00	19.36	26.20
15	11	30	08	15	00	19.32	26.23
15	11	30	08	30	00	19.28	26.28
15	11	30	08	45	00	19.24	26.28
15	11	30	09	00	00	19.19	26.23
15	11	30	09	15	00	19.18	26.21
15	11	30	09	30	00	19.22	26.28
15	11	30	09	45	00	19.28	26.21
15	11	30	10	00	00	19.38	26.23
15	11	30	10	15	00	19.47	26.21
15	11	30	10	30	00	19.55	26.23
15	11	30	10	45	00	19.68	26.28
15	11	30	11	00	00	19.82	25.20
15	11	30	11	15	00	19.97	25.27
15	11	30	11	30	00	20.16	27.26
15	11	30	11	45	00	20.44	27.21
15	11	30	12	00	00	20.54	27.21
15	11	30	12	15	00	20.65	27.26
15	11	30	12	30	00	20.75	27.21
15	11	30	12	45	00	20.79	27.29
15	11	30	13	00	00	20.85	27.26
15	11	30	13	15	00	20.97	26.20
15	11	30	13	30	00	21.05	26.25
15	11	30	13	45	00	21.12	25.25
15	11	30	14	00	00	21.18	25.20
15	11	30	14	15	00	21.17	26.25
15	11	30	14	30	00	21.14	26.20
15	11	30	14	45	00	21.11	26.23
15	11	30	15	00	00	21.08	26.23
15	11	30	15	15	00	21.07	26.28
15	11	30	15	30	00	21.02	26.23
15	11	30	15	45	00	20.98	26.21
15	11	30	16	00	00	20.95	26.28
15	11	30	16	15	00	20.88	26.26
15	11	30	16	30	00	20.85	26.28
15	11	30	16	45	00	20.81	26.28
15	11	30	17	00	00	20.75	26.23
15	11	30	17	15	00	20.71	27.23
15	11	30	17	30	00	20.64	27.21
15	11	30	17	45	00	20.59	27.23
15	11	30	18	00	00	20.58	27.26
15	11	30	18	15	00	20.55	27.26
15	11	30	18	30	00	20.52	27.28
15	11	30	18	45	00	20.51	27.28
15	11	30	19	00	00	20.49	27.21
15	11	30	19	15	00	20.46	26.23
15	11	30	19	30	00	20.45	26.28
15	11	30	19	45	00	20.44	26.26
15	11	30	20	00	00	20.42	26.28
15	11	30	20	15	00	20.41	26.21
15	11	30	20	30	00	20.41	26.23
15	11	30	20	45	00	20.39	26.23
15	11	30	21	00	00	20.38	26.23
15	11	30	21	15	00	20.32	26.23
15	11	30	21	30	00	20.26	26.21
15	11	30	21	45	00	20.34	26.28
15	11	30	22	00	00	20.35	26.21
15	11	30	22	15	00	20.32	26.26
15	11	30	22	30	00	20.32	25.23
15	11	30	22	45	00	20.32	25.20
15	11	30	23	00	00	20.32	25.23
15	11	30	23	15	00	20.34	26.23
15	11	30	23	30	00	20.36	26.20
15	11	30	23	45	00	20.34	26.26
15	12	01	00	00	00	20.29	26.25
15	12	01	00	15	00	20.26	26.28
15	12	01	00	30	00	20.25	26.23
15	12	01	00	45	00	20.19	26.25
15	12	01	01	00	00	20.16	26.21
15	12	01	01	15	00	20.13	27.21
15	12	01	01	30	00	20.10	27.28
15	12	01	01	45	00	20.05	27.28
15	12	01	02	00	00	20.01	27.24
15	12	01	02	15	00	19.98	27.21
15	12	01	02	30	00	19.94	27.21
15	12	01	02	45	00	19.90	27.29
15	12	01	03	00	00	19.88	27.21
15	12	01	03	15	00	19.84	27.24
15	12	01	03	30	00	19.79	27.28
15	12	01	03	45	00	19.78	27.21
15	12	01	04	00	00	19.90	27.29
15	12	01	04	15	00	20.02	27.23
15	12	01	04	30	00	20.18	27.24
15	12	01	04	45	00	20.35	27.28
15	12	01	05	00	00	20.54	27.26
15	12	01	05	15	00	20.68	26.23
15	12	01	05	30	00	20.81	26.26
15	12	01	05	45	00	20.92	26.23
15	12	01	06	00	00	20.94	26.20
15	12	01	06	15	00	20.95	25.23
15	12	01	06	30	00	21.02	25.25
15	12	01	06	45	00	21.05	25.20
15	12	01	07	00	00	21.09	24.27
15	12	01	07	15	00	21.12	24.27
15	12	01	07	30	00	21.12	24.24
15	12	01	07	45	00	21.05	24.24
15	12	01	08	00	00	20.94	24.22
15	12	01	08	15	00	20.85	24.22
15	12	01	08	30	00	20.78	24.25
15	12	01	08	45	00	20.69	24.29
15	12	01	09	00	00	20.64	25.20
15	12	01	09	15	00	20.55	25.20
15	12	01	09	30	00	20.51	25.20
15	12	01	09	45	00	20.45	25.28
15	12	01	10	00	00	20.41	25.25
15	12	01	10	15	00	20.38	26.21
15	12	01	10	30	00	20.39	26.23
15	12	01	10	45	00	20.39	26.28
15	12	01	11	00	00	20.41	26.20
15	12	01	11	15	00	20.39	26.23
15	12	01	11	30	00	20.34	26.26
15	12	01	11	45	00	20.38	26.21
15	12	01	12	00	00	20.36	26.21
15	12	01	12	15	00	20.36	26.28
15	12	01	12	30	00	20.39	27.28
15	12	01	12	45	00	20.41	27.23
15	12	01	13	00	00	20.38	27.26
15	12	01	13	15	00	20.38	27.23
15	12	01	13	30	00	20.39	27.21
15	12	01	13	45	00	20.38	27.21
15	12	01	14	00	00	20.39	27.21
15	12	01	14	15	00	20.42	27.23
15	12	01	14	30	00	20.41	27.28
15	12	01	14	45	00	20.39	27.28
15	12	01	15	00	00	20.41	28.21
15	12	01	15	15	00	20.39	28.26
15	12	01	15	30	00	20.41	28.26
15	12	01	15	45	00	20.39	28.26
15	12	01	16	00	00	20.38	28.24
15	12	01	16	15	00	20.38	28.24
15	12	01	16	30	00	20.35	28.21
15	12	01	16	45	00	20.38	28.26
15	12	01	17	00	00	20.38	29.26
15	12	01	17	15	00	20.36	29.29
15	12	01	17	30	00	20.38	29.29
15	12	01	17	45	00	20.35	29.26
15	12	01	18	00	00	20.34	29.21
15	12	01	18	15	00	20.34	29.29
15	12	01	18	30	00	20.34	30.34
15	12	01	18	45	00	20.35	30.39
15	12	01	19	00	00	20.35	30.34
15	12	01	19	15	00	20.38	30.34
15	12	01	19	30	00	20.31	30.39
15	12	01	19	45	00	20.35	30.34
15	12	01	20	00	00	20.35	30.34
15	12	01	20	15	00	20.31	30.36
15	12	01	20	30	00	20.32	30.36
15	12	01	20	45	00	20.32	30.39
15	12	01	21	00	00	20.35	30.32
15	12	01	21	15	00	20.31	30.32
15	12	01	21	30	00	20.32	30.38
15	12	01	21	45	00	20.34	30.36
15	12	01	22	00	00	20.35	30.39
15	12	01	22	15	00	20.32	30.31
15	12	01	22	30	00	20.32	30.31
15	12	01	22	45	00	20.31	30.31
15	12	01	23	00	00	20.31	30.31
15	12	01	23	15	00	20.29	30.36
15	12	01	23	30	00	20.26	30.39
15	12	01	23	45	00	20.25	30.34
15	12	02	00	00	00	20.23	30.38
15	12	02	00	15	00	20.22	30.32
15	12	02	00	30	00	20.21	30.34
15	12	02	00	45	00	20.18	30.36
15	12	02	01	00	00	20.16	30.36
15	12	02	01	15	00	20.15	30.39
15	12	02	01	30	00	20.13	30.36
15	12	02	01	45	00	20.11	31.31
15	12	02	02	00	00	20.08	31.36
15	12	02	02	15	00	20.08	31.34
15	12	02	02	30	00	20.05	31.39
15	12	02	02	45	00	20.02	31.39
15	12	02	03	00	00	20.02	31.36
15	12	02	03	15	00	20.00	31.34
15	12	02	03	30	00	19.97	31.39
15	12	02	03	45	00	19.97	31.31
15	12	02	04	00	00	20.05	31.36
15	12	02	04	15	00	20.19	31.38
15	12	02	04	30	00	20.32	31.31
15	12	02	04	45	00	20.46	31.34
15	12	02	05	00	00	20.58	31.33
15	12	02	05	15	00	20.72	31.34
15	12	02	05	30	00	20.82	31.39
15	12	02	05	45	00	20.92	30.34
15	12	02	06	00	00	20.94	30.39
15	12	02	06	15	00	21.01	30.36
15	12	02	06	30	00	21.05	30.34
15	12	02	06	45	00	21.08	30.34
15	12	02	07	00	00	21.09	30.36
15	12	02	07	15	00	21.08	30.36
15	12	02	07	30	00	20.98	30.31
15	12	02	07	45	00	20.87	30.36
15	12	02	08	00	00	20.78	30.39
15	12	02	08	15	00	20.69	30.32
15	12	02	08	30	00	20.64	31.34
15	12	02	08	45	00	20.58	31.34
15	12	02	09	00	00	20.52	31.36
15	12	02	09	15	00	20.48	31.39
15	12	02	09	30	00	20.44	31.34
15	12	02	09	45	00	20.39	31.31
15	12	02	10	00	00	20.39	31.31
15	12	02	10	15	00	20.41	31.36
15	12	02	10	30	00	20.41	31.39
15	12	02	10	45	00	20.44	31.36
15	12	02	11	00	00	20.38	32.33
15	12	02	11	15	00	20.36	32.36
15	12	02	11	30	00	20.38	32.34
15	12	02	11	45	00	20.39	32.36
15	12	02	12	00	00	20.39	32.31
15	12	02	12	15	00	20.36	32.38
15	12	02	12	30	00	20.36	32.36
15	12	02	12	45	00	20.39	32.31
15	12	02	13	00	00	20.36	32.38
15	12	02	13	15	00	20.36	32.33
15	12	02	13	30	00	20.39	33.38
15	12	02	13	45	00	20.38	33.36
15	12	02	14	00	00	20.39	33.31
15	12	02	14	15	00	20.44	32.38
15	12	02	14	30	00	20.44	33.31
15	12	02	14	45	00	20.41	32.36
15	12	02	15	00	00	20.41	32.31
15	12	02	15	15	00	20.42	32.33
15	12	02	15	30	00	20.41	32.34
15	12	02	15	45	00	20.44	32.33
15	12	02	16	00	00	20.42	32.38
15	12	02	16	15	00	20.42	32.38
15	12	02	16	30	00	20.42	33.36
15	12	02	16	45	00	20.42	33.34
15	12	02	17	00	00	20.42	33.33
15	12	02	17	15	00	20.41	33.33
15	12	02	17	30	00	20.46	33.31
15	12	02	17	45	00	20.62	34.37
15	12	02	18	00	00	20.56	34.30
15	12	02	18	15	00	20.58	35.37
15	12	02	18	30	00	20.78	38.35
15	12	02	18	45	00	20.79	37.33
15	12	02	19	00	00	20.71	36.34
15	12	02	19	15	00	20.61	35.32
15	12	02	19	30	00	20.51	35.30
15	12	02	19	45	00	20.42	35.30
15	12	02	20	00	00	20.36	35.30
15	12	02	20	15	00	20.31	35.30
15	12	02	20	30	00	20.31	35.32
15	12	02	20	45	00	20.32	35.35
15	12	02	21	00	00	20.35	34.32
15	12	02	21	15	00	20.32	34.30
15	12	02	21	30	00	20.32	34.35
15	12	02	21	45	00	20.34	34.33
15	12	02	22	00	00	20.31	34.33
15	12	02	22	15	00	20.32	34.38
15	12	02	22	30	00	20.32	34.38
15	12	02	22	45	00	20.32	33.31
15	12	02	23	00	00	20.29	33.36
15	12	02	23	15	00	20.31	34.30
15	12	02	23	30	00	20.28	34.35
15	12	02	23	45	00	20.28	34.35
15	12	03	00	00	00	20.26	34.33
15	12	03	00	15	00	20.25	34.33
15	12	03	00	30	00	20.23	34.38
15	12	03	00	45	00	20.22	34.33
15	12	03	01	00	00	20.21	34.30
15	12	03	01	15	00	20.18	34.35
15	12	03	01	30	00	20.16	34.33
15	12	03	01	45	00	20.15	34.33
15	12	03	02	00	00	20.10	34.30
15	12	03	02	15	00	20.08	34.30
15	12	03	02	30	00	20.05	34.38
15	12	03	02	45	00	20.00	34.38
15	12	03	03	00	00	20.00	34.38
15	12	03	03	15	00	19.95	34.35
15	12	03	03	30	00	19.92	34.35
15	12	03	03	45	00	19.91	34.33
15	12	03	04	00	00	20.00	34.33
15	12	03	04	15	00	20.16	34.33
15	12	03	04	30	00	20.31	34.36
15	12	03	04	45	00	20.46	33.30
15	12	03	05	00	00	20.62	33.30
15	12	03	05	15	00	20.77	33.31
15	12	03	05	30	00	20.92	33.33
15	12	03	05	45	00	21.02	33.31
15	12	03	06	00	00	21.04	32.36
15	12	03	06	15	00	21.07	32.31
15	12	03	06	30	00	21.09	31.34
15	12	03	06	45	00	21.14	31.38
15	12	03	07	00	00	21.14	31.31
15	12	03	07	15	00	21.14	31.31
15	12	03	07	30	00	21.07	30.34
15	12	03	07	45	00	20.95	30.36
15	12	03	08	00	00	20.87	31.36
15	12	03	08	15	00	20.78	31.31
15	12	03	08	30	00	20.69	31.31
15	12	03	08	45	00	20.62	31.36
15	12	03	09	00	00	20.58	31.36
15	12	03	09	15	00	20.52	31.31
15	12	03	09	30	00	20.49	32.38
15	12	03	09	45	00	20.49	32.38
15	12	03	10	00	00	20.49	32.36
15	12	03	10	15	00	20.45	32.31
15	12	03	10	30	00	20.39	32.31
15	12	03	10	45	00	20.36	32.34
15	12	03	11	00	00	20.35	32.34
15	12	03	11	15	00	20.35	32.33
15	12	03	11	30	00	20.36	33.36
15	12	03	11	45	00	20.38	34.38
15	12	03	12	00	00	20.34	35.32
15	12	03	12	15	00	20.34	35.37
15	12	03	12	30	00	20.39	36.32
15	12	03	12	45	00	20.41	38.30
15	12	03	13	00	00	20.35	38.37
15	12	03	13	15	00	20.35	38.37
15	12	03	13	30	00	20.39	40.42
15	12	03	13	45	00	20.36	40.40
15	12	03	14	00	00	20.41	40.49
15	12	03	14	15	00	20.41	43.46
15	12	03	14	30	00	20.39	43.45
15	12	03	14	45	00	20.42	43.48
15	12	03	15	00	00	20.42	45.48
15	12	03	15	15	00	20.41	45.40
15	12	03	15	30	00	20.44	45.44
15	12	03	15	45	00	20.41	45.42
15	12	03	16	00	00	20.45	46.41
15	12	03	16	15	00	20.39	45.42
15	12	03	16	30	00	20.41	45.40
15	12	03	16	45	00	20.41	45.44
15	12	03	17	00	00	20.41	45.43
15	12	03	17	15	00	20.42	46.42
15	12	03	17	30	00	20.39	45.44
15	12	03	17	45	00	20.38	46.46
15	12	03	18	00	00	20.35	45.47
15	12	03	18	15	00	20.38	45.44
15	12	03	18	30	00	20.34	45.40
15	12	03	18	45	00	20.38	45.47
15	12	03	19	00	00	20.34	45.40
15	12	03	19	15	00	20.35	45.43
15	12	03	19	30	00	20.38	45.45
15	12	03	19	45	00	20.35	45.45
15	12	03	20	00	00	20.31	45.45
15	12	03	20	15	00	20.31	45.46
15	12	03	20	30	00	20.35	44.41
15	12	03	20	45	00	20.29	44.44
15	12	03	21	00	00	20.32	44.46
15	12	03	21	15	00	20.34	44.47
15	12	03	21	30	00	20.34	44.47
15	12	03	21	45	00	20.34	43.45
15	12	03	22	00	00	20.34	43.46
15	12	03	22	15	00	20.31	43.48
15	12	03	22	30	00	20.29	43.44
15	12	03	22	45	00	20.32	43.47
15	12	03	23	00	00	20.32	42.44
15	12	03	23	15	00	20.32	42.47
15	12	03	23	30	00	20.31	42.42
15	12	03	23	45	00	20.29	42.44
15	12	04	00	00	00	20.29	42.42
15	12	04	00	15	00	20.26	42.45
15	12	04	00	30	00	20.25	42.47
15	12	04	00	45	00	20.23	42.47
15	12	04	01	00	00	20.22	42.45
15	12	04	01	15	00	20.19	42.43
15	12	04	01	30	00	20.19	42.40
15	12	04	01	45	00	20.16	41.48
15	12	04	02	00	00	20.15	41.48
15	12	04	02	15	00	20.11	41.41
15	12	04	02	30	00	20.08	41.44
15	12	04	02	45	00	20.07	41.49
15	12	04	03	00	00	20.02	41.49
15	12	04	03	15	00	20.01	41.41
15	12	04	03	30	00	20.00	41.41
15	12	04	03	45	00	19.95	41.44
15	12	04	04	00	00	19.95	41.49
15	12	04	04	15	00	20.02	41.41
15	12	04	04	30	00	20.18	41.49
15	12	04	04	45	00	20.32	41.41
15	12	04	05	00	00	20.48	41.49
15	12	04	05	15	00	20.64	41.47
15	12	04	05	30	00	20.79	40.40
15	12	04	05	45	00	20.92	40.40
15	12	04	06	00	00	21.01	40.40
15	12	04	06	15	00	21.04	39.30
15	12	04	06	30	00	21.07	39.37
15	12	04	06	45	00	21.09	39.30
15	12	04	07	00	00	21.12	38.32
15	12	04	07	15	00	21.14	38.30
15	12	04	07	30	00	21.09	37.30
15	12	04	07	45	00	21.01	37.38
15	12	04	08	00	00	20.89	37.36
15	12	04	08	15	00	20.81	37.33
15	12	04	08	30	00	20.72	37.35
15	12	04	08	45	00	20.68	38.30
15	12	04	09	00	00	20.61	38.35
15	12	04	09	15	00	20.55	38.34
15	12	04	09	30	00	20.52	39.34
15	12	04	09	45	00	20.48	39.34
15	12	04	10	00	00	20.44	40.41
15	12	04	10	15	00	20.42	40.42
15	12	04	10	30	00	20.39	41.41
15	12	04	10	45	00	20.36	42.45
15	12	04	11	00	00	20.36	42.49
15	12	04	11	15	00	20.36	43.48
15	12	04	11	30	00	20.36	44.42
15	12	04	11	45	00	20.36	44.49
15	12	04	12	00	00	20.35	45.43
15	12	04	12	15	00	20.35	44.41
15	12	04	12	30	00	20.38	44.44
15	12	04	12	45	00	20.38	43.45
15	12	04	13	00	00	20.35	43.48
15	12	04	13	15	00	20.39	42.47
15	12	04	13	30	00	20.38	42.43
15	12	04	13	45	00	20.36	41.41
15	12	04	14	00	00	20.39	41.41
15	12	04	14	15	00	20.39	41.46
15	12	04	14	30	00	20.38	41.49
15	12	04	14	45	00	20.39	41.44
15	12	04	15	00	00	20.38	41.41
15	12	04	15	15	00	20.38	41.46
15	12	04	15	30	00	20.35	41.41
15	12	04	15	45	00	20.35	41.44
15	12	04	16	00	00	20.35	41.42
15	12	04	16	15	00	20.32	41.47
15	12	04	16	30	00	20.34	41.47
15	12	04	16	45	00	20.32	41.44
15	12	04	17	00	00	20.34	41.49
15	12	04	17	15	00	20.34	41.46
15	12	04	17	30	00	20.32	41.44
15	12	04	17	45	00	20.36	41.44
15	12	04	18	00	00	20.32	41.46
15	12	04	18	15	00	20.29	41.48
15	12	04	18	30	00	20.32	41.46
15	12	04	18	45	00	20.28	41.46
15	12	04	19	00	00	20.28	41.49
15	12	04	19	15	00	20.29	41.49
15	12	04	19	30	00	20.26	41.43
15	12	04	19	45	00	20.29	41.44
15	12	04	20	00	00	20.28	41.42
15	12	04	20	15	00	20.26	41.44
15	12	04	20	30	00	20.29	41.44
15	12	04	20	45	00	20.31	40.47
15	12	04	21	00	00	20.25	40.40
15	12	04	21	15	00	20.28	40.45
15	12	04	21	30	00	20.29	40.48
15	12	04	21	45	00	20.31	40.45
15	12	04	22	00	00	20.26	40.48
15	12	04	22	15	00	20.28	39.36
15	12	04	22	30	00	20.29	39.36
15	12	04	22	45	00	20.29	39.36
15	12	04	23	00	00	20.29	39.31
15	12	04	23	15	00	20.26	39.34
15	12	04	23	30	00	20.26	39.31
15	12	04	23	45	00	20.25	39.31
15	12	05	00	00	00	20.23	39.36
15	12	05	00	15	00	20.22	39.34
15	12	05	00	30	00	20.21	39.37
15	12	05	00	45	00	20.18	39.34
15	12	05	01	00	00	20.16	39.34
15	12	05	01	15	00	20.13	39.39
15	12	05	01	30	00	20.13	39.37
15	12	05	01	45	00	20.10	39.32
15	12	05	02	00	00	20.07	38.37
15	12	05	02	15	00	20.02	38.34
15	12	05	02	30	00	20.01	38.32
15	12	05	02	45	00	19.98	38.39
15	12	05	03	00	00	19.95	38.37
15	12	05	03	15	00	19.94	38.39
15	12	05	03	30	00	19.90	38.39
15	12	05	03	45	00	19.90	38.34
15	12	05	04	00	00	19.85	38.34
15	12	05	04	15	00	19.82	38.30
15	12	05	04	30	00	19.81	38.37
15	12	05	04	45	00	19.79	38.37
15	12	05	05	00	00	19.78	38.37
15	12	05	05	15	00	19.75	38.35
15	12	05	05	30	00	19.74	38.32
15	12	05	05	45	00	19.71	38.37
15	12	05	06	00	00	19.69	38.35
15	12	05	06	15	00	19.68	38.33
15	12	05	06	30	00	19.67	38.37
15	12	05	06	45	00	19.64	38.35
15	12	05	07	00	00	19.61	38.32
15	12	05	07	15	00	19.61	38.30
15	12	05	07	30	00	19.59	38.32
15	12	05	07	45	00	19.57	38.30
15	12	05	08	00	00	19.55	38.37
15	12	05	08	15	00	19.54	38.30
15	12	05	08	30	00	19.52	38.32
15	12	05	08	45	00	19.49	38.35
15	12	05	09	00	00	19.49	38.30
15	12	05	09	15	00	19.48	38.35
15	12	05	09	30	00	19.47	38.33
15	12	05	09	45	00	19.45	38.30
15	12	05	10	00	00	19.44	38.37
15	12	05	10	15	00	19.44	38.34
15	12	05	10	30	00	19.44	38.39
15	12	05	10	45	00	19.42	38.37
15	12	05	11	00	00	19.42	38.32
15	12	05	11	15	00	19.41	39.30
15	12	05	11	30	00	19.39	39.34
15	12	05	11	45	00	19.41	39.39
15	12	05	12	00	00	19.39	39.39
15	12	05	12	15	00	19.41	39.32
15	12	05	12	30	00	19.39	39.34
15	12	05	12	45	00	19.39	39.37
15	12	05	13	00	00	19.41	39.31
15	12	05	13	15	00	19.42	39.34
15	12	05	13	30	00	19.42	39.31
15	12	05	13	45	00	19.42	39.34
15	12	05	14	00	00	19.44	39.34
15	12	05	14	15	00	19.44	39.36
15	12	05	14	30	00	19.44	39.34
15	12	05	14	45	00	19.44	39.36
15	12	05	15	00	00	19.45	39.34
15	12	05	15	15	00	19.45	39.34
15	12	05	15	30	00	19.47	39.34
15	12	05	15	45	00	19.47	39.36
15	12	05	16	00	00	19.47	39.36
15	12	05	16	15	00	19.48	39.34
15	12	05	16	30	00	19.49	39.36
15	12	05	16	45	00	19.48	39.39
15	12	05	17	00	00	19.48	39.33
15	12	05	17	15	00	19.47	39.37
15	12	05	17	30	00	19.48	39.31
15	12	05	17	45	00	19.48	39.36
15	12	05	18	00	00	19.49	39.31
15	12	05	18	15	00	19.49	39.31
15	12	05	18	30	00	19.47	39.31
15	12	05	18	45	00	19.48	39.31
15	12	05	19	00	00	19.47	39.33
15	12	05	19	15	00	19.48	39.38
15	12	05	19	30	00	19.47	39.38
15	12	05	19	45	00	19.47	39.33
15	12	05	20	00	00	19.47	40.41
15	12	05	20	15	00	19.45	40.46
15	12	05	20	30	00	19.45	40.43
15	12	05	20	45	00	19.45	40.45
15	12	05	21	00	00	19.45	40.43
15	12	05	21	15	00	19.44	40.45
15	12	05	21	30	00	19.42	40.40
15	12	05	21	45	00	19.42	40.45
15	12	05	22	00	00	19.42	40.40
15	12	05	22	15	00	19.41	40.42
15	12	05	22	30	00	19.41	40.48
15	12	05	22	45	00	19.39	40.40
15	12	05	23	00	00	19.41	40.45
15	12	05	23	15	00	19.39	40.45
15	12	05	23	30	00	19.38	40.42
15	12	05	23	45	00	19.36	40.42
15	12	06	00	00	00	19.36	40.45
15	12	06	00	15	00	19.36	40.47
15	12	06	00	30	00	19.35	40.40
15	12	06	00	45	00	19.35	40.44
15	12	06	01	00	00	19.34	40.42
15	12	06	01	15	00	19.34	40.47
15	12	06	01	30	00	19.32	40.49
15	12	06	01	45	00	19.34	41.45
15	12	06	02	00	00	19.32	41.45
15	12	06	02	15	00	19.32	41.49
15	12	06	02	30	00	19.29	41.42
15	12	06	02	45	00	19.29	41.47
15	12	06	03	00	00	19.29	41.49
15	12	06	03	15	00	19.29	41.49
15	12	06	03	30	00	19.28	41.49
15	12	06	03	45	00	19.26	41.42
15	12	06	04	00	00	19.28	41.42
15	12	06	04	15	00	19.26	41.44
15	12	06	04	30	00	19.26	41.44
15	12	06	04	45	00	19.25	41.47
15	12	06	05	00	00	19.24	41.49
15	12	06	05	15	00	19.25	41.47
15	12	06	05	30	00	19.24	41.49
15	12	06	05	45	00	19.22	41.44
15	12	06	06	00	00	19.25	41.49
15	12	06	06	15	00	19.34	41.49
15	12	06	06	30	00	19.45	41.42
15	12	06	06	45	00	19.58	40.47
15	12	06	07	00	00	19.74	40.45
15	12	06	07	15	00	19.91	40.40
15	12	06	07	30	00	20.05	40.48
15	12	06	07	45	00	20.21	40.48
15	12	06	08	00	00	20.34	40.45
15	12	06	08	15	00	20.42	40.48
15	12	06	08	30	00	20.51	40.45
15	12	06	08	45	00	20.58	40.44
15	12	06	09	00	00	20.65	40.47
15	12	06	09	15	00	20.71	40.49
15	12	06	09	30	00	20.77	40.44
15	12	06	09	45	00	20.81	40.49
15	12	06	10	00	00	20.85	40.49
15	12	06	10	15	00	20.89	40.47
15	12	06	10	30	00	20.91	40.40
15	12	06	10	45	00	20.89	40.42
15	12	06	11	00	00	20.84	40.49
15	12	06	11	15	00	20.74	41.42
15	12	06	11	30	00	20.64	41.49
15	12	06	11	45	00	20.58	41.47
15	12	06	12	00	00	20.52	41.47
15	12	06	12	15	00	20.46	40.44
15	12	06	12	30	00	20.39	40.47
15	12	06	12	45	00	20.32	40.40
15	12	06	13	00	00	20.31	41.47
15	12	06	13	15	00	20.26	41.43
15	12	06	13	30	00	20.25	42.40
15	12	06	13	45	00	20.22	43.48
15	12	06	14	00	00	20.22	43.48
15	12	06	14	15	00	20.22	44.44
15	12	06	14	30	00	20.25	44.43
15	12	06	14	45	00	20.29	45.48
15	12	06	15	00	00	20.28	47.49
15	12	06	15	15	00	20.26	47.48
15	12	06	15	30	00	20.28	48.45
15	12	06	15	45	00	20.31	49.42
15	12	06	16	00	00	20.26	50.52
15	12	06	16	15	00	20.28	50.52
15	12	06	16	30	00	20.32	50.55
15	12	06	16	45	00	20.32	52.52
15	12	06	17	00	00	20.34	52.52
15	12	06	17	15	00	20.34	52.54
15	12	06	17	30	00	20.36	52.58
15	12	06	17	45	00	20.38	53.55
15	12	06	18	00	00	20.42	53.59
15	12	06	18	15	00	20.41	52.52
15	12	06	18	30	00	20.38	51.56
15	12	06	18	45	00	20.39	51.59
15	12	06	19	00	00	20.58	51.56
15	12	06	19	15	00	20.78	51.58
15	12	06	19	30	00	20.79	51.54
15	12	06	19	45	00	20.85	51.59
15	12	06	20	00	00	20.78	51.54
15	12	06	20	15	00	20.66	51.58
15	12	06	20	30	00	20.56	50.58
15	12	06	20	45	00	20.48	50.50
15	12	06	21	00	00	20.39	50.53
15	12	06	21	15	00	20.34	50.55
15	12	06	21	30	00	20.35	50.51
15	12	06	21	45	00	20.36	50.51
15	12	06	22	00	00	20.39	50.56
15	12	06	22	15	00	20.38	50.51
15	12	06	22	30	00	20.36	50.59
15	12	06	22	45	00	20.38	50.53
15	12	06	23	00	00	20.36	49.43
15	12	06	23	15	00	20.34	49.46
15	12	06	23	30	00	20.32	49.44
15	12	06	23	45	00	20.32	49.42
15	12	07	00	00	00	20.28	49.47
15	12	07	00	15	00	20.26	49.42
15	12	07	00	30	00	20.23	49.42
15	12	07	00	45	00	20.22	49.47
15	12	07	01	00	00	20.21	49.40
15	12	07	01	15	00	20.19	49.42
15	12	07	01	30	00	20.18	48.48
15	12	07	01	45	00	20.16	48.40
15	12	07	02	00	00	20.13	48.48
15	12	07	02	15	00	20.11	48.46
15	12	07	02	30	00	20.11	48.43
15	12	07	02	45	00	20.08	48.46
15	12	07	03	00	00	20.07	48.41
15	12	07	03	15	00	20.07	48.44
15	12	07	03	30	00	20.04	48.44
15	12	07	03	45	00	20.05	48.41
15	12	07	04	00	00	20.15	49.40
15	12	07	04	15	00	20.29	49.40
15	12	07	04	30	00	20.41	48.48
15	12	07	04	45	00	20.54	48.41
15	12	07	05	00	00	20.66	48.44
15	12	07	05	15	00	20.78	48.47
15	12	07	05	30	00	20.88	47.47
15	12	07	05	45	00	20.98	47.41
15	12	07	06	00	00	20.99	47.46
15	12	07	06	15	00	21.02	47.42
15	12	07	06	30	00	21.05	47.47
15	12	07	06	45	00	21.07	46.42
15	12	07	07	00	00	21.09	46.40
15	12	07	07	15	00	21.09	46.40
15	12	07	07	30	00	21.05	46.40
15	12	07	07	45	00	20.97	46.40
15	12	07	08	00	00	20.87	47.40
15	12	07	08	15	00	20.79	47.49
15	12	07	08	30	00	20.74	47.43
15	12	07	08	45	00	20.66	48.42
15	12	07	09	00	00	20.61	48.49
15	12	07	09	15	00	20.58	48.48
15	12	07	09	30	00	20.55	49.47
