15	10	28	20	33	27
15	10	28	20	33	53
15	10	28	20	34	10
15	10	28	20	34	32
15	10	28	20	35	48
15	10	28	20	35	55
15	10	28	20	36	00
15	10	28	20	37	47
15	10	28	20	38	01
15	10	28	20	38	19
15	10	28	20	39	00
15	10	28	20	39	09
15	10	28	21	04	48
15	10	28	21	10	12
15	10	28	21	10	17
15	10	28	21	13	34
15	10	28	21	13	40
15	10	28	21	21	03
15	10	28	22	41	20
15	10	28	22	41	26
15	10	28	22	41	32
15	10	28	22	41	41
15	10	28	22	42	00
15	10	28	22	42	29
15	10	28	22	42	36
15	10	28	22	43	23
15	10	28	22	53	53
15	10	29	01	17	42
15	10	29	01	19	38
15	10	29	01	19	46
15	10	29	08	45	28
15	10	29	09	17	07
15	10	29	10	11	11
15	10	29	10	27	14
15	10	29	10	27	29
15	10	29	10	29	37
15	10	29	12	10	44
15	10	29	12	10	55
15	10	29	13	33	47
15	10	29	13	34	23
15	10	29	13	34	30
15	10	29	13	34	43
15	10	29	14	38	02
15	10	29	14	43	59
15	10	29	14	51	07
15	10	29	14	51	18
15	10	29	14	59	05
15	10	29	16	10	48
15	10	29	17	47	02
15	10	29	20	08	32
15	10	29	20	56	13
15	10	29	20	56	45
15	10	29	21	52	59
15	10	30	00	58	13
15	10	30	07	56	40
15	10	30	07	57	28
15	10	30	07	59	42
15	10	30	08	42	47
15	10	30	08	54	18
15	10	30	08	54	29
15	10	30	09	04	00
15	10	30	09	22	08
15	10	30	09	22	27
15	10	30	09	22	42
15	10	30	09	37	18
15	10	30	10	28	28
15	10	30	10	29	33
15	10	30	10	56	21
15	10	30	10	56	28
15	10	30	11	12	19
15	10	30	11	12	26
15	10	30	11	18	19
15	10	30	11	18	27
15	10	30	11	38	32
15	10	30	11	38	46
15	10	30	11	43	50
15	10	30	11	46	48
15	10	30	12	10	45
15	10	30	12	11	03
15	10	30	13	00	23
15	10	30	13	21	14
15	10	30	13	48	53
15	10	30	13	53	02
15	10	30	15	50	12
15	10	30	15	50	34
15	10	30	15	59	44
15	10	30	16	13	29
15	10	30	17	14	32
15	10	30	17	20	31
15	10	30	17	47	22
15	10	30	18	01	14
15	10	30	18	08	54
15	10	30	18	51	51
15	10	30	18	53	23
15	10	30	18	53	54
15	10	30	18	54	22
15	10	30	18	57	22
15	10	30	19	42	16
15	10	30	19	42	32
15	10	30	19	56	06
15	10	30	21	34	24
15	10	30	21	34	29
15	10	30	22	24	01
15	10	30	22	24	08
15	10	30	22	38	15
15	10	30	22	38	20
15	10	30	22	38	32
15	10	30	23	05	53
15	10	31	01	27	42
15	10	31	01	32	24
15	10	31	02	11	55
15	10	31	08	49	42
15	10	31	09	16	38
15	10	31	09	25	13
15	10	31	10	47	15
15	10	31	11	22	23
15	10	31	12	31	10
15	10	31	13	10	13
15	10	31	14	02	25
15	10	31	14	02	30
15	10	31	14	02	37
15	10	31	14	02	45
15	10	31	14	52	59
15	10	31	15	38	26
15	10	31	15	49	03
15	10	31	16	44	45
15	10	31	16	45	00
15	10	31	17	05	17
15	10	31	18	30	55
15	10	31	18	39	18
15	10	31	19	00	58
15	10	31	19	01	29
15	10	31	19	04	04
15	10	31	20	08	00
15	10	31	20	08	25
15	10	31	20	08	39
15	10	31	20	09	03
15	10	31	20	22	35
15	10	31	20	27	48
15	10	31	20	27	56
15	10	31	20	29	18
15	10	31	22	11	11
15	10	31	22	13	55
15	10	31	22	23	24
15	10	31	22	23	32
15	10	31	22	24	47
15	10	31	22	52	09
15	10	31	22	52	19
15	10	31	22	52	28
15	10	31	23	01	20
15	11	01	01	23	07
15	11	01	01	59	07
15	11	01	01	59	15
15	11	01	03	15	47
15	11	01	09	46	39
15	11	01	09	47	17
15	11	01	09	47	25
15	11	01	09	47	49
15	11	01	10	33	16
15	11	01	13	14	01
15	11	01	13	19	55
15	11	01	13	50	39
15	11	01	14	43	48
15	11	01	14	43	56
15	11	01	16	33	42
15	11	01	16	54	14
15	11	01	17	33	59
15	11	01	17	47	24
15	11	01	18	04	53
15	11	01	18	04	58
15	11	01	18	16	01
15	11	01	18	57	17
15	11	01	19	24	28
15	11	01	19	33	25
15	11	01	19	33	34
15	11	01	20	51	48
15	11	01	20	51	55
15	11	01	20	56	33
15	11	01	21	38	10
15	11	01	21	38	18
15	11	01	21	38	25
15	11	01	22	12	44
15	11	01	22	12	51
15	11	01	22	39	55
15	11	01	22	41	45
15	11	02	07	29	04
15	11	02	07	29	15
15	11	02	07	29	40
15	11	02	07	29	55
15	11	02	08	58	30
15	11	02	08	59	07
15	11	02	08	59	23
15	11	02	08	59	29
15	11	02	10	24	44
15	11	02	10	24	53
15	11	02	11	33	39
15	11	02	11	37	15
15	11	02	12	41	28
15	11	02	12	47	00
15	11	02	12	47	10
15	11	02	12	47	17
15	11	02	13	50	41
15	11	02	16	08	13
15	11	02	16	11	15
15	11	02	16	11	22
15	11	02	16	12	51
15	11	02	16	14	46
15	11	02	16	16	53
15	11	02	16	19	50
15	11	02	16	28	55
15	11	02	17	33	27
15	11	02	17	39	13
15	11	02	17	39	18
15	11	02	18	40	16
15	11	02	18	43	13
15	11	02	18	43	24
15	11	02	19	47	59
15	11	02	19	48	08
15	11	02	21	05	17
15	11	02	22	05	29
15	11	02	22	05	42
15	11	02	22	05	48
15	11	02	22	06	13
15	11	02	22	06	23
15	11	02	23	45	45
15	11	03	00	51	18
15	11	03	00	51	27
15	11	03	00	51	46
15	11	03	04	38	51
15	11	03	04	42	55
15	11	03	04	43	01
15	11	03	04	44	53
15	11	03	04	45	27
15	11	03	04	46	24
15	11	03	04	48	23
15	11	03	04	49	22
15	11	03	04	50	12
15	11	03	04	50	21
15	11	03	04	53	49
15	11	03	04	54	34
15	11	03	04	54	43
15	11	03	04	54	54
15	11	03	04	55	56
15	11	03	04	56	36
15	11	03	04	57	31
15	11	03	04	57	55
15	11	03	04	58	20
15	11	03	04	58	32
15	11	03	05	00	31
15	11	03	06	42	57
15	11	03	06	43	42
15	11	03	06	48	01
15	11	03	06	48	22
15	11	03	06	52	45
15	11	03	06	52	59
15	11	03	06	56	26
15	11	03	06	57	09
15	11	03	06	57	24
15	11	03	06	57	39
15	11	03	06	57	53
15	11	03	07	00	21
15	11	03	07	01	17
15	11	03	07	01	39
15	11	03	07	04	07
15	11	03	09	34	25
15	11	03	09	35	57
15	11	03	09	39	05
15	11	03	10	22	56
15	11	03	10	23	04
15	11	03	10	23	10
15	11	03	10	23	17
15	11	03	11	50	11
15	11	03	12	01	27
15	11	03	14	04	53
15	11	03	18	33	34
15	11	03	18	38	03
15	11	03	20	19	27
15	11	03	20	36	11
15	11	03	20	39	58
15	11	03	20	40	09
15	11	03	20	40	16
15	11	03	20	40	30
15	11	03	21	01	09
15	11	03	21	01	17
15	11	03	21	41	52
15	11	03	21	57	03
15	11	03	21	58	15
15	11	03	22	02	31
15	11	03	22	02	41
15	11	03	22	04	24
15	11	03	22	04	47
15	11	03	22	07	55
15	11	03	22	08	08
15	11	03	22	12	10
15	11	03	22	16	01
15	11	03	22	19	24
15	11	03	22	24	49
15	11	03	22	28	32
15	11	03	22	41	02
15	11	03	22	42	21
15	11	03	23	59	18
15	11	04	08	01	53
15	11	04	08	02	32
15	11	04	09	08	31
15	11	04	10	17	44
15	11	04	10	52	04
15	11	04	12	34	12
15	11	04	12	37	04
15	11	04	12	37	30
15	11	04	12	40	25
15	11	04	12	40	45
15	11	04	12	41	54
15	11	04	12	49	06
15	11	04	16	36	53
15	11	04	17	33	50
15	11	04	18	32	35
15	11	04	18	58	08
15	11	04	18	58	22
15	11	04	18	59	47
15	11	04	19	00	12
15	11	04	19	00	21
15	11	04	19	00	48
15	11	04	20	11	07
15	11	04	20	15	30
15	11	04	22	45	06
15	11	04	23	41	48
15	11	04	23	52	09
15	11	04	23	52	30
15	11	05	00	15	56
15	11	05	00	21	26
15	11	05	00	21	37
15	11	05	03	11	11
15	11	05	03	11	51
15	11	05	03	12	02
15	11	05	03	25	14
15	11	05	03	25	40
15	11	05	04	11	30
15	11	05	04	12	32
15	11	05	04	12	45
15	11	05	04	12	52
15	11	05	04	15	10
15	11	05	04	15	17
15	11	05	04	16	12
15	11	05	04	16	19
15	11	05	04	19	21
15	11	05	04	24	08
15	11	05	04	24	15
15	11	05	04	24	44
15	11	05	04	26	04
15	11	05	04	26	24
15	11	05	04	27	37
15	11	05	04	40	57
15	11	05	04	43	40
15	11	05	04	45	54
15	11	05	04	55	59
15	11	05	05	02	34
15	11	05	05	02	59
15	11	05	05	03	11
15	11	05	05	03	23
15	11	05	07	19	28
15	11	05	07	19	55
15	11	05	07	20	35
15	11	05	07	20	53
15	11	05	07	21	33
15	11	05	07	22	29
15	11	05	07	23	18
15	11	05	07	23	35
15	11	05	07	25	58
15	11	05	07	30	22
15	11	05	07	30	54
15	11	05	07	31	10
15	11	05	07	33	12
15	11	05	07	42	47
15	11	05	08	02	43
15	11	05	08	03	32
15	11	05	08	03	41
15	11	05	08	03	55
15	11	05	08	04	00
15	11	05	08	04	17
15	11	05	12	15	20
15	11	05	12	15	34
15	11	05	12	15	45
15	11	05	12	15	52
15	11	05	12	15	58
15	11	05	12	16	08
15	11	05	12	25	19
15	11	05	12	25	27
15	11	05	12	27	00
15	11	05	12	27	17
15	11	05	12	27	22
15	11	05	13	52	19
15	11	05	13	56	13
15	11	05	14	20	50
15	11	05	14	20	55
15	11	05	14	40	52
15	11	05	14	41	20
15	11	05	14	41	35
15	11	05	14	41	59
15	11	05	14	42	13
15	11	05	14	42	43
15	11	05	14	43	34
15	11	05	14	43	50
15	11	05	15	04	12
15	11	05	15	05	14
15	11	05	16	55	15
15	11	05	16	59	37
15	11	05	18	52	39
15	11	05	18	52	55
15	11	05	18	57	59
15	11	05	18	58	08
15	11	05	20	40	27
15	11	05	21	51	59
15	11	05	21	52	09
15	11	05	21	53	39
15	11	05	22	05	34
15	11	05	22	36	22
15	11	05	22	37	32
15	11	05	22	37	39
15	11	05	22	37	45
15	11	05	22	37	51
15	11	05	22	38	17
15	11	05	22	38	35
15	11	05	22	38	49
15	11	05	22	39	19
15	11	05	22	39	52
15	11	05	22	40	00
15	11	05	22	40	14
15	11	05	22	40	46
15	11	05	22	46	52
15	11	05	22	47	09
15	11	05	22	47	50
15	11	05	22	48	40
15	11	05	22	50	04
15	11	05	22	50	17
15	11	05	22	50	33
15	11	05	22	53	24
15	11	05	23	21	48
15	11	06	03	08	38
15	11	06	08	06	35
15	11	06	08	07	06
15	11	06	08	18	55
15	11	06	08	20	26
15	11	06	08	43	13
15	11	06	08	44	02
15	11	06	08	44	10
15	11	06	08	44	25
15	11	06	08	44	30
15	11	06	08	44	41
15	11	06	10	22	12
15	11	06	10	22	28
15	11	06	10	31	33
15	11	06	10	32	19
15	11	06	10	47	41
15	11	06	11	32	11
15	11	06	11	32	18
15	11	06	11	32	31
15	11	06	13	03	31
15	11	06	13	03	49
15	11	06	13	03	55
15	11	06	13	05	19
15	11	06	13	05	26
15	11	06	13	06	22
15	11	06	13	48	51
15	11	06	15	02	33
15	11	06	17	46	35
15	11	06	18	36	59
15	11	06	20	38	50
15	11	06	20	38	57
15	11	06	23	16	40
15	11	07	03	33	30
15	11	07	03	33	35
15	11	07	03	33	54
15	11	07	03	34	41
15	11	07	03	34	47
15	11	07	03	37	53
15	11	07	04	00	45
15	11	07	04	01	17
15	11	07	04	01	41
15	11	07	05	53	59
15	11	07	05	54	18
15	11	07	05	54	25
15	11	07	05	54	46
15	11	07	05	54	58
15	11	07	05	55	15
15	11	07	05	55	51
15	11	07	05	56	45
15	11	07	05	57	16
15	11	07	05	57	29
15	11	07	06	00	22
15	11	07	06	01	36
15	11	07	06	04	51
15	11	07	06	04	59
15	11	07	06	07	39
15	11	07	06	28	25
15	11	07	06	28	41
15	11	07	06	29	07
15	11	07	07	14	06
15	11	07	07	15	27
15	11	07	07	56	27
15	11	07	07	56	33
15	11	07	07	56	40
15	11	07	07	57	26
15	11	07	07	57	51
15	11	07	07	57	57
15	11	07	07	58	07
15	11	07	07	58	19
15	11	07	07	59	14
15	11	07	07	59	33
15	11	07	08	01	37
15	11	07	08	02	10
15	11	07	08	04	15
15	11	07	08	08	09
15	11	07	08	12	45
15	11	07	08	30	05
15	11	07	08	30	29
15	11	07	10	21	25
15	11	07	10	21	34
15	11	07	10	21	49
15	11	07	10	22	06
15	11	07	10	22	15
15	11	07	17	10	44
15	11	07	17	11	04
15	11	07	17	11	37
15	11	07	17	11	59
15	11	07	17	12	10
15	11	07	17	12	18
15	11	07	17	13	29
15	11	07	17	13	46
15	11	07	17	15	03
15	11	07	17	15	09
15	11	07	17	15	23
15	11	07	17	15	55
15	11	07	17	16	09
15	11	07	17	16	23
15	11	07	17	18	06
15	11	07	17	18	16
15	11	07	17	45	20
15	11	07	17	45	59
15	11	07	19	14	08
15	11	07	19	14	24
15	11	07	19	15	02
15	11	07	19	16	15
15	11	07	19	16	40
15	11	07	19	16	57
15	11	07	19	17	23
15	11	07	19	17	36
15	11	07	19	24	50
15	11	07	19	30	57
15	11	07	19	31	16
15	11	07	19	31	23
15	11	07	19	38	24
15	11	07	19	40	35
15	11	07	19	41	02
15	11	07	19	41	38
15	11	07	19	41	45
15	11	07	19	41	53
15	11	07	19	55	19
15	11	07	19	58	43
15	11	07	20	17	52
15	11	07	20	19	49
15	11	07	20	20	52
15	11	07	20	21	02
15	11	07	20	21	15
15	11	07	20	27	30
15	11	07	20	27	36
15	11	07	20	43	05
15	11	07	20	45	17
15	11	07	20	45	39
15	11	07	20	48	12
15	11	07	20	50	03
15	11	07	21	18	46
15	11	07	21	19	01
15	11	07	21	19	31
15	11	07	21	19	49
15	11	07	21	22	27
15	11	07	21	23	03
15	11	07	21	24	23
15	11	07	21	25	14
15	11	07	21	26	52
15	11	07	21	27	06
15	11	07	21	27	13
15	11	07	21	29	07
15	11	07	21	29	16
15	11	07	21	29	49
15	11	07	21	31	04
15	11	07	21	31	54
15	11	07	21	34	39
15	11	07	22	10	52
15	11	07	22	11	51
15	11	07	22	15	40
15	11	07	22	15	46
15	11	07	22	33	22
15	11	07	22	33	44
15	11	07	22	34	00
15	11	07	22	34	50
15	11	07	22	37	52
15	11	07	22	38	14
15	11	07	23	39	08
15	11	08	00	11	16
15	11	08	00	11	23
15	11	08	00	12	07
15	11	08	00	12	35
15	11	08	02	31	36
15	11	08	08	31	42
15	11	08	08	32	53
15	11	08	08	34	20
15	11	08	08	35	56
15	11	08	10	45	00
15	11	08	12	19	06
15	11	08	12	19	22
15	11	08	12	19	32
15	11	08	12	20	04
15	11	08	12	21	39
15	11	08	12	22	13
15	11	08	12	22	19
15	11	08	12	22	24
15	11	08	12	22	45
15	11	08	12	23	21
15	11	08	12	24	09
15	11	08	12	24	17
15	11	08	12	24	23
15	11	08	12	24	35
15	11	08	12	24	52
15	11	08	12	49	27
15	11	08	14	20	39
15	11	08	14	21	31
15	11	08	14	21	40
15	11	08	14	22	00
15	11	08	14	22	06
15	11	08	14	22	23
15	11	08	14	29	44
15	11	08	14	49	51
15	11	08	14	50	13
15	11	08	15	02	32
15	11	08	15	03	04
15	11	08	15	03	20
15	11	08	15	03	25
15	11	08	15	03	42
15	11	08	15	04	12
15	11	08	15	04	42
15	11	08	15	05	04
15	11	08	15	05	23
15	11	08	15	06	06
15	11	08	15	06	14
15	11	08	16	53	45
15	11	08	16	54	12
15	11	08	16	56	22
15	11	08	16	57	10
15	11	08	16	57	24
15	11	08	16	59	12
15	11	08	16	59	41
15	11	08	17	07	51
15	11	08	17	07	59
15	11	08	17	08	19
15	11	08	17	08	49
15	11	08	17	08	56
15	11	08	17	09	03
15	11	08	17	09	18
15	11	08	17	09	27
15	11	08	17	09	35
15	11	08	17	09	46
15	11	08	17	09	59
15	11	08	17	10	07
15	11	08	17	10	15
15	11	08	17	17	57
15	11	08	17	18	15
15	11	08	17	19	06
15	11	08	17	19	13
15	11	08	17	19	31
15	11	08	17	19	57
15	11	08	17	20	35
15	11	08	17	22	11
15	11	08	17	23	19
15	11	08	17	24	59
15	11	08	17	25	57
15	11	08	17	26	07
15	11	08	17	26	37
15	11	08	17	27	12
15	11	08	17	27	18
15	11	08	17	27	32
15	11	08	17	27	39
15	11	08	17	28	11
15	11	08	17	31	03
15	11	08	17	31	11
15	11	08	17	31	22
15	11	08	17	31	32
15	11	08	17	32	45
15	11	08	17	33	46
15	11	08	17	34	08
15	11	08	17	34	34
15	11	08	17	35	10
15	11	08	17	35	47
15	11	08	17	42	23
15	11	08	17	42	30
15	11	08	17	43	19
15	11	08	17	43	31
15	11	08	17	44	03
15	11	08	17	46	15
15	11	08	17	46	22
15	11	08	17	46	28
15	11	08	17	46	48
15	11	08	17	47	25
15	11	08	17	47	37
15	11	08	17	49	12
15	11	08	17	49	46
15	11	08	17	51	01
15	11	08	17	51	14
15	11	08	17	51	25
15	11	08	17	51	35
15	11	08	17	52	11
15	11	08	17	53	09
15	11	08	17	53	55
15	11	08	17	54	02
15	11	08	17	55	37
15	11	08	17	57	45
15	11	08	18	03	52
15	11	08	18	07	04
15	11	08	18	07	22
15	11	08	18	08	30
15	11	08	18	12	15
15	11	08	18	12	54
15	11	08	18	13	04
15	11	08	18	16	12
15	11	08	18	16	53
15	11	08	18	17	03
15	11	08	18	19	37
15	11	08	18	19	50
15	11	08	18	22	20
15	11	08	18	30	18
15	11	08	18	31	36
15	11	08	18	31	59
15	11	08	18	33	07
15	11	08	18	33	17
15	11	08	18	33	43
15	11	08	18	34	38
15	11	08	18	39	02
15	11	08	18	42	47
15	11	08	18	42	52
15	11	08	18	43	02
15	11	08	18	43	09
15	11	08	18	44	08
15	11	08	18	44	22
15	11	08	18	44	44
15	11	08	18	45	08
15	11	08	18	45	24
15	11	08	18	45	59
15	11	08	18	49	05
15	11	08	18	49	14
15	11	08	18	51	31
15	11	08	18	51	37
15	11	08	18	52	52
15	11	08	18	53	00
15	11	08	18	53	13
15	11	08	18	53	21
15	11	08	18	53	30
15	11	08	18	54	03
15	11	08	18	54	14
15	11	08	18	54	51
15	11	08	18	54	58
15	11	08	18	55	08
15	11	08	18	55	21
15	11	08	18	55	44
15	11	08	18	55	53
15	11	08	18	56	02
15	11	08	18	56	15
15	11	08	18	56	26
15	11	08	18	56	33
15	11	08	18	56	57
15	11	08	18	57	14
15	11	08	18	57	21
15	11	08	18	57	28
15	11	08	18	57	57
15	11	08	18	58	17
15	11	08	18	58	47
15	11	08	18	59	02
15	11	08	18	59	23
15	11	08	18	59	41
15	11	08	19	00	12
15	11	08	19	00	27
15	11	08	19	00	36
15	11	08	19	00	46
15	11	08	19	00	56
15	11	08	19	01	03
15	11	08	19	01	13
15	11	08	19	02	01
15	11	08	19	02	44
15	11	08	19	03	02
15	11	08	19	03	13
15	11	08	19	03	33
15	11	08	19	08	18
15	11	08	19	09	41
15	11	08	19	10	19
15	11	08	19	10	44
15	11	08	19	11	24
15	11	08	19	11	45
15	11	08	19	13	34
15	11	08	19	13	55
15	11	08	19	15	15
15	11	08	19	15	24
15	11	08	19	16	05
15	11	08	19	17	13
15	11	08	19	17	23
15	11	08	19	17	56
15	11	08	19	18	19
15	11	08	19	19	29
15	11	08	19	20	11
15	11	08	19	20	19
15	11	08	19	20	44
15	11	08	19	21	55
15	11	08	19	23	12
15	11	08	19	23	26
15	11	08	19	23	32
15	11	08	19	23	44
15	11	08	19	23	52
15	11	08	19	24	05
15	11	08	19	24	20
15	11	08	19	24	56
15	11	08	19	25	18
15	11	08	19	25	24
15	11	08	19	26	44
15	11	08	19	27	46
15	11	08	19	29	34
15	11	08	19	31	10
15	11	08	19	34	31
15	11	08	19	38	02
15	11	08	19	38	21
15	11	08	19	39	53
15	11	08	19	40	06
15	11	08	19	40	15
15	11	08	19	40	34
15	11	08	19	40	41
15	11	08	19	40	53
15	11	08	19	41	21
15	11	08	19	41	29
15	11	08	19	41	37
15	11	08	19	42	37
15	11	08	19	42	44
15	11	08	19	43	49
15	11	08	19	48	15
15	11	08	19	48	21
15	11	08	19	48	37
15	11	08	19	49	35
15	11	08	19	49	56
15	11	08	19	50	03
15	11	08	19	51	02
15	11	08	19	52	01
15	11	08	19	52	20
15	11	08	20	24	57
15	11	08	21	00	35
15	11	08	21	00	45
15	11	08	21	01	20
15	11	08	21	01	48
15	11	08	21	02	00
15	11	08	21	02	38
15	11	08	21	02	45
15	11	08	21	03	06
15	11	08	21	03	16
15	11	08	21	03	30
15	11	08	21	03	42
15	11	08	21	03	49
15	11	08	21	04	13
15	11	08	21	16	59
15	11	08	21	17	09
15	11	08	21	17	45
15	11	08	21	17	52
15	11	08	21	18	03
15	11	08	21	18	15
15	11	08	21	18	23
15	11	08	21	18	35
15	11	08	21	18	43
15	11	08	21	19	51
15	11	08	21	19	59
15	11	08	21	23	02
15	11	08	21	23	26
15	11	08	21	23	38
15	11	08	21	24	16
15	11	08	21	24	49
15	11	08	21	25	00
15	11	08	21	25	14
15	11	08	21	25	25
15	11	08	21	25	46
15	11	08	21	26	44
15	11	08	21	27	13
15	11	08	21	28	31
15	11	08	21	31	54
15	11	08	21	35	13
15	11	08	21	35	24
15	11	08	21	35	49
15	11	08	21	41	23
15	11	08	21	41	46
15	11	08	21	42	49
15	11	08	21	43	03
15	11	08	21	44	16
15	11	08	21	44	39
15	11	08	21	44	48
15	11	08	21	44	55
15	11	08	21	45	06
15	11	08	21	45	14
15	11	08	21	45	26
15	11	08	21	50	02
15	11	08	21	50	12
15	11	08	21	54	11
15	11	08	21	54	27
15	11	08	21	55	12
15	11	08	21	55	25
15	11	08	21	56	16
15	11	08	21	56	35
15	11	08	21	58	05
15	11	08	21	58	15
15	11	08	21	58	28
15	11	08	21	58	56
15	11	08	21	59	18
15	11	08	21	59	31
15	11	08	21	59	41
15	11	08	21	59	51
15	11	08	21	59	59
15	11	08	22	00	54
15	11	08	22	02	33
15	11	08	22	02	41
15	11	08	22	07	44
15	11	08	22	07	53
15	11	08	22	08	15
15	11	08	22	08	36
15	11	08	22	08	43
15	11	08	22	08	55
15	11	08	22	09	10
15	11	08	22	09	19
15	11	08	22	40	12
15	11	08	22	40	25
15	11	08	22	40	37
15	11	08	22	40	52
15	11	08	22	41	03
15	11	08	22	41	28
15	11	08	22	47	02
15	11	08	22	47	22
15	11	08	22	53	20
15	11	08	22	53	27
15	11	08	23	04	56
15	11	08	23	05	04
15	11	08	23	19	43
15	11	08	23	20	02
15	11	08	23	20	13
15	11	08	23	20	26
15	11	08	23	20	34
15	11	08	23	20	40
15	11	08	23	20	48
15	11	08	23	21	06
15	11	08	23	55	27
15	11	08	23	55	41
15	11	09	00	57	30
15	11	09	00	57	40
15	11	09	00	58	43
15	11	09	00	59	13
15	11	09	00	59	23
15	11	09	01	04	12
15	11	09	01	04	26
15	11	09	01	05	39
15	11	09	07	55	47
15	11	09	07	56	04
15	11	09	07	56	20
15	11	09	07	56	31
15	11	09	09	31	01
15	11	09	10	21	05
15	11	09	10	21	14
15	11	09	10	21	26
15	11	09	10	21	41
15	11	09	10	21	46
15	11	09	10	22	03
15	11	09	10	22	10
15	11	09	10	22	29
15	11	09	10	22	40
15	11	09	10	23	18
15	11	09	10	26	08
15	11	09	10	27	08
15	11	09	10	27	39
15	11	09	10	27	44
15	11	09	10	29	05
15	11	09	10	32	22
15	11	09	10	32	37
15	11	09	10	32	45
15	11	09	10	36	26
15	11	09	10	40	21
15	11	09	10	48	03
15	11	09	10	48	23
15	11	09	10	56	29
15	11	09	11	00	39
15	11	09	11	03	15
15	11	09	11	04	09
15	11	09	11	04	35
15	11	09	11	05	09
15	11	09	11	06	15
15	11	09	11	06	46
15	11	09	11	06	52
15	11	09	11	11	34
15	11	09	11	11	59
15	11	09	11	12	07
15	11	09	11	12	16
15	11	09	11	12	25
15	11	09	11	12	44
15	11	09	11	12	54
15	11	09	11	13	02
15	11	09	11	26	12
15	11	09	11	26	25
15	11	09	11	26	40
15	11	09	11	26	48
15	11	09	11	26	56
15	11	09	11	27	09
15	11	09	11	27	18
15	11	09	11	27	34
15	11	09	11	27	46
15	11	09	11	27	56
15	11	09	11	28	16
15	11	09	11	28	30
15	11	09	11	28	35
15	11	09	11	28	43
15	11	09	11	28	58
15	11	09	11	29	10
15	11	09	11	29	27
15	11	09	11	29	35
15	11	09	11	29	45
15	11	09	11	29	53
15	11	09	11	30	10
15	11	09	11	30	18
15	11	09	11	30	29
15	11	09	11	30	40
15	11	09	11	30	56
15	11	09	11	31	22
15	11	09	11	31	30
15	11	09	11	31	39
15	11	09	11	31	48
15	11	09	11	31	55
15	11	09	11	32	07
15	11	09	11	32	16
15	11	09	11	32	27
15	11	09	11	32	39
15	11	09	11	32	51
15	11	09	11	32	56
15	11	09	11	33	18
15	11	09	11	33	26
15	11	09	11	33	34
15	11	09	11	33	41
15	11	09	11	33	59
15	11	09	11	34	12
15	11	09	11	34	17
15	11	09	11	34	26
15	11	09	11	34	38
15	11	09	11	34	45
15	11	09	11	34	56
15	11	09	11	35	18
15	11	09	11	35	28
15	11	09	11	35	36
15	11	09	11	35	47
15	11	09	11	36	00
15	11	09	11	36	17
15	11	09	11	36	25
15	11	09	11	36	34
15	11	09	11	36	41
15	11	09	11	36	48
15	11	09	11	36	56
15	11	09	11	37	04
15	11	09	11	37	11
15	11	09	11	37	19
15	11	09	11	37	27
15	11	09	11	37	39
15	11	09	11	37	53
15	11	09	11	38	03
15	11	09	11	38	14
15	11	09	11	38	31
15	11	09	11	38	40
15	11	09	11	38	46
15	11	09	11	38	59
15	11	09	11	39	05
15	11	09	11	39	14
15	11	09	11	39	21
15	11	09	11	39	37
15	11	09	11	39	45
15	11	09	11	39	57
15	11	09	11	40	13
15	11	09	11	40	18
15	11	09	11	40	28
15	11	09	11	40	36
15	11	09	11	40	52
15	11	09	11	41	05
15	11	09	11	41	17
15	11	09	11	41	24
15	11	09	11	41	33
15	11	09	11	41	43
15	11	09	11	41	54
15	11	09	11	42	01
15	11	09	11	42	09
15	11	09	11	42	27
15	11	09	11	42	39
15	11	09	11	42	46
15	11	09	11	42	54
15	11	09	11	43	05
15	11	09	11	43	16
15	11	09	11	43	26
15	11	09	11	43	36
15	11	09	11	43	46
15	11	09	11	43	55
15	11	09	11	44	06
15	11	09	11	44	24
15	11	09	11	44	31
15	11	09	11	44	49
15	11	09	11	45	00
15	11	09	11	45	08
15	11	09	11	45	21
15	11	09	11	45	30
15	11	09	11	45	43
15	11	09	11	45	59
15	11	09	11	46	10
15	11	09	11	46	30
15	11	09	11	46	45
15	11	09	11	47	06
15	11	09	11	47	20
15	11	09	11	47	31
15	11	09	11	47	40
15	11	09	11	47	51
15	11	09	11	48	05
15	11	09	11	48	29
15	11	09	11	48	37
15	11	09	11	48	50
15	11	09	11	48	59
15	11	09	11	49	06
15	11	09	11	49	22
15	11	09	11	49	32
15	11	09	11	49	39
15	11	09	11	49	48
15	11	09	11	49	59
15	11	09	11	50	07
15	11	09	11	50	13
15	11	09	11	50	20
15	11	09	11	50	55
15	11	09	11	51	10
15	11	09	11	51	25
15	11	09	11	51	33
15	11	09	11	51	44
15	11	09	11	51	57
15	11	09	11	52	04
15	11	09	11	52	11
15	11	09	11	53	09
15	11	09	11	54	09
15	11	09	11	54	19
15	11	09	11	54	39
15	11	09	11	56	59
15	11	09	11	59	40
15	11	09	12	01	37
15	11	09	12	02	30
15	11	09	12	02	38
15	11	09	12	03	11
15	11	09	12	05	20
15	11	09	12	05	36
15	11	09	12	05	50
15	11	09	12	07	17
15	11	09	12	09	09
15	11	09	12	09	24
15	11	09	12	10	05
15	11	09	12	10	54
15	11	09	12	12	01
15	11	09	12	12	31
15	11	09	12	19	23
15	11	09	12	19	40
15	11	09	12	19	53
15	11	09	12	21	56
15	11	09	12	22	19
15	11	09	12	22	31
15	11	09	12	23	08
15	11	09	12	23	21
15	11	09	12	23	39
15	11	09	12	23	50
15	11	09	12	24	20
15	11	09	12	24	33
15	11	09	12	27	17
15	11	09	12	28	38
15	11	09	12	28	52
15	11	09	12	29	12
15	11	09	12	29	23
15	11	09	12	29	36
15	11	09	12	30	55
15	11	09	12	31	38
15	11	09	12	31	51
15	11	09	12	32	33
15	11	09	12	32	59
15	11	09	12	33	45
15	11	09	12	33	53
15	11	09	12	34	55
15	11	09	12	36	20
15	11	09	12	36	33
15	11	09	12	36	50
15	11	09	12	37	23
15	11	09	12	38	00
15	11	09	12	38	59
15	11	09	14	02	09
15	11	09	14	35	49
15	11	09	14	39	20
15	11	09	14	49	08
15	11	09	18	35	21
15	11	09	18	35	38
15	11	09	18	37	56
15	11	09	18	38	13
15	11	09	18	38	21
15	11	09	18	42	21
15	11	09	18	48	44
15	11	09	18	48	53
15	11	09	18	49	04
15	11	09	18	50	33
15	11	09	18	54	12
15	11	09	20	08	57
15	11	09	20	09	07
15	11	09	21	05	57
15	11	09	22	08	16
15	11	09	22	54	35
15	11	09	23	03	26
15	11	10	00	51	41
15	11	10	01	10	40
15	11	10	08	44	22
15	11	10	09	19	57
15	11	10	09	20	36
15	11	10	11	24	11
15	11	10	11	28	38
15	11	10	11	45	13
15	11	10	13	19	52
15	11	10	13	20	12
15	11	10	15	01	10
15	11	10	15	36	59
15	11	10	15	37	34
15	11	10	17	10	57
15	11	10	17	11	13
15	11	10	17	50	12
15	11	10	17	54	53
15	11	10	17	55	55
15	11	10	17	56	09
15	11	10	17	56	34
15	11	10	18	04	40
15	11	10	18	05	22
15	11	10	18	11	56
15	11	10	19	18	51
15	11	10	19	19	40
15	11	10	19	19	51
15	11	10	20	02	26
15	11	10	20	18	39
15	11	10	20	18	57
15	11	10	20	29	01
15	11	10	20	29	14
15	11	10	20	29	47
15	11	10	20	30	39
15	11	10	21	05	33
15	11	10	21	38	32
15	11	10	21	38	46
15	11	10	21	39	07
15	11	10	22	27	44
15	11	10	22	29	10
15	11	10	22	34	12
15	11	10	22	45	03
15	11	10	22	45	11
15	11	10	22	45	24
15	11	10	22	45	52
15	11	10	22	46	06
15	11	10	22	46	54
15	11	10	22	47	36
15	11	10	22	47	45
15	11	10	22	47	59
15	11	10	22	48	16
15	11	10	22	48	33
15	11	10	22	48	41
15	11	10	22	48	55
15	11	10	22	49	27
15	11	10	22	49	41
15	11	10	22	50	07
15	11	10	22	51	01
15	11	10	22	54	35
15	11	10	23	04	53
15	11	10	23	16	07
15	11	10	23	17	07
15	11	10	23	26	37
15	11	10	23	27	10
15	11	10	23	28	44
15	11	10	23	32	17
15	11	10	23	32	34
15	11	11	02	28	51
15	11	11	03	12	45
15	11	11	03	13	01
15	11	11	03	13	30
15	11	11	05	07	17
15	11	11	05	27	42
15	11	11	05	28	38
15	11	11	05	29	10
15	11	11	05	30	07
15	11	11	05	30	29
15	11	11	05	31	13
15	11	11	05	31	41
15	11	11	05	31	48
15	11	11	05	32	29
15	11	11	05	33	03
15	11	11	05	33	45
15	11	11	05	33	59
15	11	11	05	34	32
15	11	11	05	34	53
15	11	11	05	35	10
15	11	11	05	35	44
15	11	11	05	36	04
15	11	11	05	36	13
15	11	11	05	36	20
15	11	11	05	36	41
15	11	11	05	37	14
15	11	11	05	37	40
15	11	11	05	37	46
15	11	11	05	38	25
15	11	11	05	38	37
15	11	11	05	38	45
15	11	11	05	38	58
15	11	11	05	39	12
15	11	11	05	39	42
15	11	11	05	40	06
15	11	11	05	40	20
15	11	11	05	40	28
15	11	11	05	40	48
15	11	11	05	40	57
15	11	11	05	41	06
15	11	11	05	41	16
15	11	11	05	41	23
15	11	11	05	41	34
15	11	11	05	41	41
15	11	11	05	42	04
15	11	11	05	42	22
15	11	11	05	42	31
15	11	11	05	42	53
15	11	11	05	43	05
15	11	11	05	43	16
15	11	11	05	43	31
15	11	11	05	43	40
15	11	11	05	43	48
15	11	11	05	44	21
15	11	11	05	44	28
15	11	11	05	44	45
15	11	11	05	44	58
15	11	11	05	45	12
15	11	11	05	53	56
15	11	11	06	32	45
15	11	11	06	35	51
15	11	11	06	37	45
15	11	11	06	37	54
15	11	11	06	39	03
15	11	11	06	39	13
15	11	11	06	39	30
15	11	11	06	39	37
15	11	11	06	41	04
15	11	11	06	41	40
15	11	11	06	41	53
15	11	11	06	42	02
15	11	11	06	42	15
15	11	11	06	42	27
15	11	11	06	42	37
15	11	11	06	42	45
15	11	11	06	42	52
15	11	11	06	43	07
15	11	11	06	43	43
15	11	11	06	43	55
15	11	11	06	44	07
15	11	11	06	44	50
15	11	11	06	45	03
15	11	11	06	45	28
15	11	11	06	45	50
15	11	11	06	46	02
15	11	11	06	46	19
15	11	11	06	46	29
15	11	11	06	46	45
15	11	11	06	46	52
15	11	11	06	46	59
15	11	11	06	47	18
15	11	11	06	47	39
15	11	11	06	47	54
15	11	11	06	48	03
15	11	11	06	48	12
15	11	11	06	48	22
15	11	11	06	48	29
15	11	11	06	48	36
15	11	11	06	48	48
15	11	11	06	49	07
15	11	11	06	49	30
15	11	11	06	49	45
15	11	11	06	49	54
15	11	11	06	50	15
15	11	11	06	50	24
15	11	11	06	50	45
15	11	11	06	50	56
15	11	11	06	51	07
15	11	11	06	51	15
15	11	11	06	51	34
15	11	11	06	52	00
15	11	11	06	52	16
15	11	11	06	52	29
15	11	11	06	52	43
15	11	11	06	52	49
15	11	11	06	52	58
15	11	11	06	53	06
15	11	11	06	53	21
15	11	11	06	53	30
15	11	11	06	53	51
15	11	11	06	54	01
15	11	11	06	54	09
15	11	11	06	54	26
15	11	11	06	54	35
15	11	11	06	54	45
15	11	11	06	54	54
15	11	11	06	55	21
15	11	11	06	55	34
15	11	11	07	07	03
15	11	11	07	45	32
15	11	11	07	46	09
15	11	11	07	46	48
15	11	11	07	47	31
15	11	11	07	48	13
15	11	11	07	49	48
15	11	11	07	50	28
15	11	11	07	51	14
15	11	11	07	52	37
15	11	11	07	52	52
15	11	11	07	53	18
15	11	11	07	53	56
15	11	11	07	54	10
15	11	11	07	54	28
15	11	11	07	54	35
15	11	11	07	54	50
15	11	11	07	54	58
15	11	11	07	55	18
15	11	11	07	55	24
15	11	11	07	55	29
15	11	11	07	55	54
15	11	11	07	56	10
15	11	11	07	56	17
15	11	11	07	56	23
15	11	11	07	56	48
15	11	11	07	57	14
15	11	11	07	57	22
15	11	11	07	58	03
15	11	11	07	58	11
15	11	11	07	58	44
15	11	11	07	58	57
15	11	11	07	59	16
15	11	11	07	59	25
15	11	11	07	59	45
15	11	11	07	59	53
15	11	11	08	00	11
15	11	11	08	00	24
15	11	11	08	00	42
15	11	11	08	00	51
15	11	11	08	00	58
15	11	11	08	01	04
15	11	11	08	01	12
15	11	11	08	01	31
15	11	11	08	01	42
15	11	11	08	01	57
15	11	11	08	02	12
15	11	11	08	02	24
15	11	11	08	02	51
15	11	11	08	03	01
15	11	11	08	03	09
15	11	11	08	03	24
15	11	11	08	03	34
15	11	11	08	03	43
15	11	11	08	03	48
15	11	11	08	03	55
15	11	11	08	04	14
15	11	11	08	04	44
15	11	11	08	04	53
15	11	11	08	05	06
15	11	11	08	05	22
15	11	11	08	05	41
15	11	11	08	05	56
15	11	11	08	06	04
15	11	11	08	06	30
15	11	11	08	06	38
15	11	11	08	06	52
15	11	11	08	07	19
15	11	11	08	18	38
15	11	11	08	25	09
15	11	11	09	31	06
15	11	11	09	37	01
15	11	11	09	44	44
15	11	11	09	46	30
15	11	11	09	46	47
15	11	11	09	46	56
15	11	11	09	47	25
15	11	11	09	54	36
15	11	11	10	25	10
15	11	11	10	26	21
15	11	11	10	28	46
15	11	11	10	33	56
15	11	11	10	42	07
15	11	11	10	42	35
15	11	11	10	45	22
15	11	11	10	51	52
15	11	11	10	52	21
15	11	11	10	53	21
15	11	11	10	53	30
15	11	11	14	02	09
15	11	11	14	10	44
15	11	11	14	14	57
15	11	11	14	24	22
15	11	11	14	24	29
15	11	11	14	24	38
15	11	11	14	25	01
15	11	11	14	25	09
15	11	11	14	25	15
15	11	11	14	32	37
15	11	11	14	37	02
15	11	11	14	57	25
15	11	11	14	57	38
15	11	11	14	57	55
15	11	11	14	58	23
15	11	11	15	03	13
15	11	11	15	04	16
15	11	11	15	06	11
15	11	11	15	06	20
15	11	11	15	09	49
15	11	11	17	07	18
15	11	11	17	38	50
15	11	11	17	39	14
15	11	11	17	39	26
15	11	11	17	53	59
15	11	11	18	06	46
15	11	11	18	08	49
15	11	11	18	09	07
15	11	11	18	10	59
15	11	11	18	13	00
15	11	11	18	23	09
15	11	11	19	11	22
15	11	11	20	07	44
15	11	11	20	07	51
15	11	11	20	34	18
15	11	11	21	18	38
15	11	11	21	18	58
15	11	11	21	19	07
15	11	11	21	19	50
15	11	11	21	22	11
15	11	11	21	27	15
15	11	11	21	40	36
15	11	11	22	29	53
15	11	11	22	40	17
15	11	11	23	31	40
15	11	11	23	35	07
15	11	11	23	49	52
15	11	11	23	50	22
15	11	12	01	40	39
15	11	12	05	32	42
15	11	12	05	33	15
15	11	12	05	39	17
15	11	12	05	44	30
15	11	12	05	51	02
15	11	12	05	54	24
15	11	12	07	54	40
15	11	12	08	12	00
15	11	12	08	14	58
15	11	12	08	15	22
15	11	12	08	17	55
15	11	12	08	18	22
15	11	12	08	19	10
15	11	12	08	19	21
15	11	12	08	20	45
15	11	12	08	20	52
15	11	12	08	21	07
15	11	12	08	21	18
15	11	12	08	21	35
15	11	12	08	22	35
15	11	12	08	23	02
15	11	12	08	23	14
15	11	12	08	23	27
15	11	12	08	23	58
15	11	12	08	24	14
15	11	12	08	24	30
15	11	12	08	25	14
15	11	12	08	25	45
15	11	12	08	25	52
15	11	12	08	26	08
15	11	12	08	26	51
15	11	12	08	26	58
15	11	12	08	27	05
15	11	12	08	27	58
15	11	12	08	28	41
15	11	12	08	29	04
15	11	12	08	29	21
15	11	12	08	29	44
15	11	12	08	29	58
15	11	12	08	30	12
15	11	12	08	30	32
15	11	12	08	30	46
15	11	12	08	31	26
15	11	12	08	31	37
15	11	12	08	31	45
15	11	12	08	31	53
15	11	12	08	32	32
15	11	12	08	33	08
15	11	12	08	33	42
15	11	12	08	33	56
15	11	12	08	34	05
15	11	12	08	34	39
15	11	12	08	34	54
15	11	12	08	35	07
15	11	12	08	35	13
15	11	12	08	35	30
15	11	12	08	35	44
15	11	12	08	35	57
15	11	12	08	37	21
15	11	12	08	37	30
15	11	12	08	37	48
15	11	12	08	38	16
15	11	12	08	38	28
15	11	12	08	38	38
15	11	12	08	38	45
15	11	12	08	39	28
15	11	12	08	39	52
15	11	12	08	40	04
15	11	12	08	41	05
15	11	12	08	41	36
15	11	12	08	41	44
15	11	12	08	42	28
15	11	12	08	43	08
15	11	12	08	43	20
15	11	12	08	43	30
15	11	12	08	43	39
15	11	12	08	43	49
15	11	12	08	44	01
15	11	12	08	44	21
15	11	12	08	44	26
15	11	12	08	45	36
15	11	12	08	45	48
15	11	12	08	46	50
15	11	12	08	46	58
15	11	12	08	47	18
15	11	12	08	47	24
15	11	12	08	47	32
15	11	12	08	47	39
15	11	12	08	48	03
15	11	12	08	48	12
15	11	12	08	48	41
15	11	12	08	48	55
15	11	12	08	50	12
15	11	12	08	51	15
15	11	12	09	09	10
15	11	12	09	21	50
15	11	12	09	24	19
15	11	12	09	25	24
15	11	12	09	55	47
15	11	12	09	55	59
15	11	12	11	10	11
15	11	12	11	10	23
15	11	12	11	24	40
15	11	12	11	25	58
15	11	12	11	33	10
15	11	12	11	35	32
15	11	12	11	39	15
15	11	12	11	41	50
15	11	12	11	44	28
15	11	12	11	46	43
15	11	12	11	58	54
15	11	12	12	02	44
15	11	12	12	08	58
15	11	12	12	14	07
15	11	12	12	18	24
15	11	12	12	19	41
15	11	12	12	20	24
15	11	12	12	20	39
15	11	12	12	21	00
15	11	12	12	21	51
15	11	12	12	22	56
15	11	12	12	24	57
15	11	12	12	38	25
15	11	12	14	48	34
15	11	12	14	52	14
15	11	12	14	52	32
15	11	12	15	38	49
15	11	12	16	02	44
15	11	12	16	05	08
15	11	12	16	06	45
15	11	12	16	15	24
15	11	12	17	09	57
15	11	12	17	53	54
15	11	12	17	54	01
15	11	12	17	56	51
15	11	12	17	57	44
15	11	12	18	14	36
15	11	12	18	59	20
15	11	12	18	59	27
15	11	12	18	59	38
15	11	12	20	18	05
15	11	12	20	18	20
15	11	12	20	54	45
15	11	12	20	54	59
15	11	12	21	20	57
15	11	12	22	19	23
15	11	12	22	35	21
15	11	12	23	24	59
15	11	12	23	25	26
15	11	12	23	26	44
15	11	12	23	27	04
15	11	13	01	57	50
15	11	13	01	59	16
15	11	13	07	42	40
15	11	13	09	10	43
15	11	13	09	26	50
15	11	13	09	27	00
15	11	13	09	27	09
15	11	13	09	27	15
15	11	13	09	27	23
15	11	13	09	27	34
15	11	13	11	09	38
15	11	13	11	12	48
15	11	13	11	15	34
15	11	13	11	16	00
15	11	13	11	16	20
15	11	13	11	16	30
15	11	13	11	16	59
15	11	13	11	19	15
15	11	13	11	19	47
15	11	13	11	31	08
15	11	13	12	20	15
15	11	13	12	20	23
15	11	13	12	20	32
15	11	13	12	21	03
15	11	13	12	45	34
15	11	13	13	21	33
15	11	13	13	21	41
15	11	13	13	23	21
15	11	13	14	25	47
15	11	13	14	50	02
15	11	13	14	51	47
15	11	13	17	06	56
15	11	13	17	08	44
15	11	13	17	11	41
15	11	13	18	35	08
15	11	13	18	45	07
15	11	13	18	57	35
15	11	13	19	30	16
15	11	13	19	33	51
15	11	13	20	19	49
15	11	13	20	30	12
15	11	13	20	46	29
15	11	13	21	30	24
15	11	13	22	10	19
15	11	13	22	10	31
15	11	13	22	10	57
15	11	13	22	11	16
15	11	13	22	11	50
15	11	13	22	25	15
15	11	13	22	25	20
15	11	13	22	35	11
15	11	13	23	20	14
15	11	13	23	30	08
15	11	13	23	30	14
15	11	13	23	30	21
15	11	13	23	32	28
15	11	13	23	33	04
15	11	13	23	33	13
15	11	13	23	39	39
15	11	14	00	06	53
15	11	14	02	20	42
15	11	14	03	20	20
15	11	14	09	26	35
15	11	14	09	30	45
15	11	14	09	48	26
15	11	14	10	19	53
15	11	14	10	22	05
15	11	14	10	22	24
15	11	14	10	23	55
15	11	14	10	30	00
15	11	14	11	02	22
15	11	14	14	05	03
15	11	14	14	38	29
15	11	14	14	40	15
15	11	14	14	40	21
15	11	14	14	40	31
15	11	14	15	08	01
15	11	14	15	31	24
15	11	14	15	32	18
15	11	14	15	32	24
15	11	14	15	34	12
15	11	14	15	45	56
15	11	14	15	49	36
15	11	14	16	10	37
15	11	14	16	21	29
15	11	14	16	22	21
15	11	14	16	34	54
15	11	14	16	35	00
15	11	14	16	57	02
15	11	14	16	57	42
15	11	14	16	58	02
15	11	14	16	59	04
15	11	14	17	22	48
15	11	14	17	26	09
15	11	14	17	31	28
15	11	14	17	31	42
15	11	14	17	35	57
15	11	14	17	36	03
15	11	14	17	41	09
15	11	14	18	28	51
15	11	14	18	29	03
15	11	14	18	32	57
15	11	14	18	56	23
15	11	14	19	15	26
15	11	14	21	22	12
15	11	14	21	45	21
15	11	14	21	46	27
15	11	14	21	52	55
15	11	15	00	22	11
15	11	15	00	29	35
15	11	15	00	51	15
15	11	15	00	52	31
15	11	15	01	06	05
15	11	15	01	19	07
15	11	15	01	23	56
15	11	15	01	24	21
15	11	15	01	24	48
15	11	15	01	27	43
15	11	15	01	50	28
15	11	15	01	53	33
15	11	15	02	06	24
15	11	15	02	06	41
15	11	15	02	07	11
15	11	15	02	07	18
15	11	15	02	07	35
15	11	15	02	08	07
15	11	15	02	09	29
15	11	15	02	10	53
15	11	15	02	13	00
15	11	15	02	16	04
15	11	15	02	16	14
15	11	15	02	17	42
15	11	15	02	18	32
15	11	15	02	18	48
15	11	15	02	19	03
15	11	15	02	26	57
15	11	15	02	28	40
15	11	15	02	30	14
15	11	15	02	31	15
15	11	15	02	32	59
15	11	15	02	37	24
15	11	15	02	37	53
15	11	15	02	38	02
15	11	15	02	38	39
15	11	15	02	39	03
15	11	15	02	47	40
15	11	15	02	56	03
15	11	15	02	59	29
15	11	15	03	07	55
15	11	15	03	13	51
15	11	15	05	11	00
15	11	15	05	13	46
15	11	15	05	13	53
15	11	15	05	40	17
15	11	15	12	01	04
15	11	15	13	30	56
15	11	15	13	32	58
15	11	15	13	35	31
15	11	15	13	36	01
15	11	15	13	42	37
15	11	15	14	05	50
15	11	15	14	05	59
15	11	15	15	39	53
15	11	15	15	40	51
15	11	15	15	43	34
15	11	15	15	43	42
15	11	15	15	44	36
15	11	15	15	44	55
15	11	15	15	45	51
15	11	15	16	02	41
15	11	15	16	07	40
15	11	15	16	23	49
15	11	15	16	24	33
15	11	15	16	40	05
15	11	15	16	40	12
15	11	15	16	58	21
15	11	15	16	58	33
15	11	15	17	10	07
15	11	15	17	10	25
15	11	15	17	43	54
15	11	15	17	46	42
15	11	15	18	07	08
15	11	15	18	16	06
15	11	15	18	30	18
15	11	15	18	31	23
15	11	15	18	32	46
15	11	15	18	47	00
15	11	15	19	25	23
15	11	15	20	17	05
15	11	15	20	17	17
15	11	15	20	19	36
15	11	15	20	19	56
15	11	15	20	20	07
15	11	15	20	21	43
15	11	15	20	22	47
15	11	15	20	24	23
15	11	15	20	25	32
15	11	15	20	28	01
15	11	15	20	30	35
15	11	15	20	30	48
15	11	15	20	31	05
15	11	15	20	31	21
15	11	15	20	32	11
15	11	15	20	32	28
15	11	15	20	33	07
15	11	15	20	37	13
15	11	15	20	40	55
15	11	15	20	41	26
15	11	15	21	54	33
15	11	15	22	32	59
15	11	15	22	45	02
15	11	15	22	56	35
15	11	15	23	55	53
15	11	15	23	56	02
15	11	16	00	28	45
15	11	16	00	32	15
15	11	16	00	35	46
15	11	16	00	50	25
15	11	16	00	51	43
15	11	16	00	51	49
15	11	16	07	59	48
15	11	16	08	02	01
15	11	16	10	06	14
15	11	16	10	06	48
15	11	16	11	25	15
15	11	16	11	25	32
15	11	16	11	25	43
15	11	16	11	28	12
15	11	16	11	28	22
15	11	16	11	31	35
15	11	16	11	35	05
15	11	16	11	38	37
15	11	16	11	47	50
15	11	16	11	47	57
15	11	16	11	48	46
15	11	16	12	45	00
15	11	16	12	45	06
15	11	16	13	13	48
15	11	16	14	21	12
15	11	16	14	21	18
15	11	16	14	38	27
15	11	16	14	38	46
15	11	16	14	43	55
15	11	16	16	11	14
15	11	16	16	57	35
15	11	16	17	20	58
15	11	16	17	37	03
15	11	16	17	39	13
15	11	16	17	42	00
15	11	16	18	02	02
15	11	16	18	02	25
15	11	16	18	03	08
15	11	16	18	03	27
15	11	16	18	09	35
15	11	16	18	41	46
15	11	16	18	42	08
15	11	16	18	58	29
15	11	16	18	58	38
15	11	16	18	58	52
15	11	16	19	31	01
15	11	16	19	33	12
15	11	16	20	56	53
15	11	16	20	57	47
15	11	16	20	59	53
15	11	16	21	02	13
15	11	16	21	04	12
15	11	16	21	07	43
15	11	16	21	08	00
15	11	16	21	14	55
15	11	16	22	02	30
15	11	16	22	03	22
15	11	16	22	03	51
15	11	16	22	04	40
15	11	16	22	05	46
15	11	16	22	06	48
15	11	16	22	07	15
15	11	16	22	07	57
15	11	16	22	09	24
15	11	16	22	10	46
15	11	16	23	13	30
15	11	16	23	41	01
15	11	16	23	41	14
15	11	16	23	41	40
15	11	16	23	42	08
15	11	16	23	43	42
15	11	16	23	44	39
15	11	16	23	45	19
15	11	16	23	46	05
15	11	16	23	46	38
15	11	16	23	47	22
15	11	16	23	47	34
15	11	16	23	48	15
15	11	16	23	49	14
15	11	16	23	49	53
15	11	16	23	50	08
15	11	16	23	51	08
15	11	16	23	52	08
15	11	16	23	55	59
15	11	16	23	57	54
15	11	16	23	58	44
15	11	16	23	59	19
15	11	17	00	00	14
15	11	17	00	00	19
15	11	17	00	02	14
15	11	17	00	04	38
15	11	17	00	06	39
15	11	17	00	08	19
15	11	17	00	09	11
15	11	17	00	11	38
15	11	17	00	16	15
15	11	17	00	16	36
15	11	17	00	16	52
15	11	17	00	17	03
15	11	17	00	17	15
15	11	17	00	18	35
15	11	17	00	18	44
15	11	17	00	19	01
15	11	17	00	19	15
15	11	17	00	20	05
15	11	17	00	20	19
15	11	17	00	20	42
15	11	17	00	21	59
15	11	17	00	22	56
15	11	17	00	24	23
15	11	17	00	24	33
15	11	17	00	24	49
15	11	17	00	29	30
15	11	17	00	30	50
15	11	17	00	32	17
15	11	17	00	32	26
15	11	17	00	32	37
15	11	17	00	32	47
15	11	17	00	37	05
15	11	17	00	42	29
15	11	17	00	45	28
15	11	17	00	45	51
15	11	17	00	49	17
15	11	17	00	50	26
15	11	17	00	51	19
15	11	17	00	52	49
15	11	17	00	53	48
15	11	17	00	54	32
15	11	17	00	55	23
15	11	17	00	57	28
15	11	17	00	57	33
15	11	17	01	16	56
15	11	17	01	17	03
15	11	17	01	35	48
15	11	17	02	09	31
15	11	17	02	28	46
15	11	17	09	01	38
15	11	17	09	19	52
15	11	17	10	33	08
15	11	17	10	33	38
15	11	17	11	10	36
15	11	17	11	23	28
15	11	17	12	00	50
15	11	17	12	25	09
15	11	17	12	27	23
15	11	17	12	29	32
15	11	17	12	49	55
15	11	17	12	50	11
15	11	17	12	50	30
15	11	17	12	51	11
15	11	17	13	08	45
15	11	17	13	08	52
15	11	17	13	08	58
15	11	17	13	09	20
15	11	17	13	09	38
15	11	17	13	09	54
15	11	17	13	10	02
15	11	17	13	10	18
15	11	17	13	10	58
15	11	17	13	47	35
15	11	17	13	47	43
15	11	17	13	47	51
15	11	17	14	03	54
15	11	17	14	16	50
15	11	17	14	18	22
15	11	17	15	38	53
15	11	17	15	40	01
15	11	17	15	52	34
15	11	17	15	54	38
15	11	17	15	55	10
15	11	17	15	57	22
15	11	17	15	57	33
15	11	17	17	12	50
15	11	17	17	35	12
15	11	17	18	20	01
15	11	17	18	28	33
15	11	17	18	42	15
15	11	17	18	48	00
15	11	17	18	55	47
15	11	17	18	59	01
15	11	17	18	59	20
15	11	17	18	59	26
15	11	17	19	03	19
15	11	17	19	04	24
15	11	17	19	07	32
15	11	17	19	07	59
15	11	17	19	08	16
15	11	17	19	37	00
15	11	17	19	37	12
15	11	17	19	37	56
15	11	17	19	50	33
15	11	17	19	58	39
15	11	17	20	32	44
15	11	17	20	32	55
15	11	17	21	22	07
15	11	17	21	29	56
15	11	17	21	30	08
15	11	17	21	30	31
15	11	17	21	45	12
15	11	17	21	48	04
15	11	17	21	54	47
15	11	17	22	02	47
15	11	17	22	03	38
15	11	17	22	05	15
15	11	17	22	10	40
15	11	17	22	12	31
15	11	17	22	12	57
15	11	17	22	13	06
15	11	17	22	13	11
15	11	17	22	13	26
15	11	17	22	13	41
15	11	17	22	13	50
15	11	17	22	15	03
15	11	17	22	15	09
15	11	17	22	16	14
15	11	17	22	17	16
15	11	17	22	17	43
15	11	17	22	17	53
15	11	17	22	19	40
15	11	17	22	20	12
15	11	17	22	26	55
15	11	17	22	32	04
15	11	17	22	32	40
15	11	17	22	33	04
15	11	17	22	33	49
15	11	17	22	33	57
15	11	17	23	46	36
15	11	17	23	51	11
15	11	17	23	54	41
15	11	17	23	58	13
15	11	17	23	59	20
15	11	18	00	01	07
15	11	18	00	02	33
15	11	18	00	03	44
15	11	18	00	04	24
15	11	18	00	04	38
15	11	18	00	05	34
15	11	18	00	06	07
15	11	18	00	07	04
15	11	18	00	07	15
15	11	18	00	07	29
15	11	18	00	07	54
15	11	18	00	08	18
15	11	18	00	08	56
15	11	18	00	09	11
15	11	18	00	09	19
15	11	18	00	09	30
15	11	18	00	09	50
15	11	18	00	10	03
15	11	18	00	10	24
15	11	18	00	10	59
15	11	18	00	11	28
15	11	18	00	11	36
15	11	18	00	11	47
15	11	18	00	11	55
15	11	18	00	12	02
15	11	18	00	12	25
15	11	18	00	12	42
15	11	18	00	13	46
15	11	18	00	17	26
15	11	18	00	20	51
15	11	18	00	29	06
15	11	18	00	30	09
15	11	18	00	35	52
15	11	18	00	36	54
15	11	18	02	55	41
15	11	18	02	56	54
15	11	18	03	03	05
15	11	18	03	08	11
15	11	18	03	16	55
15	11	18	03	17	01
15	11	18	03	17	14
15	11	18	03	17	21
15	11	18	03	17	26
15	11	18	03	17	51
15	11	18	03	18	11
15	11	18	03	18	44
15	11	18	03	18	58
15	11	18	03	20	00
15	11	18	03	20	09
15	11	18	03	20	22
15	11	18	03	20	31
15	11	18	03	21	33
15	11	18	03	21	52
15	11	18	03	22	16
15	11	18	03	22	25
15	11	18	03	22	59
15	11	18	03	23	16
15	11	18	03	23	23
15	11	18	03	23	34
15	11	18	03	23	42
15	11	18	03	25	05
15	11	18	03	25	22
15	11	18	03	26	28
15	11	18	03	26	41
15	11	18	03	29	43
15	11	18	03	31	46
15	11	18	03	32	37
15	11	18	03	33	15
15	11	18	03	49	34
15	11	18	04	18	32
15	11	18	04	25	14
15	11	18	04	25	47
15	11	18	04	27	18
15	11	18	04	27	52
15	11	18	04	28	30
15	11	18	04	28	56
15	11	18	04	29	06
15	11	18	04	29	15
15	11	18	04	29	35
15	11	18	04	29	46
15	11	18	04	30	00
15	11	18	04	30	31
15	11	18	04	30	38
15	11	18	04	31	08
15	11	18	04	31	13
15	11	18	04	31	45
15	11	18	04	31	55
15	11	18	04	32	20
15	11	18	04	32	56
15	11	18	04	33	08
15	11	18	04	33	25
15	11	18	04	33	38
15	11	18	04	34	07
15	11	18	04	34	28
15	11	18	04	34	52
15	11	18	04	35	07
15	11	18	04	35	33
15	11	18	04	36	04
15	11	18	04	37	00
15	11	18	04	37	22
15	11	18	04	49	41
15	11	18	05	28	36
15	11	18	05	29	02
15	11	18	05	30	15
15	11	18	05	33	34
15	11	18	05	34	26
15	11	18	05	35	04
15	11	18	05	35	33
15	11	18	05	36	03
15	11	18	05	36	19
15	11	18	05	36	47
15	11	18	05	36	53
15	11	18	05	36	59
15	11	18	05	37	22
15	11	18	05	37	47
15	11	18	05	38	11
15	11	18	05	38	46
15	11	18	05	38	59
15	11	18	05	39	31
15	11	18	05	39	51
15	11	18	05	40	18
15	11	18	05	40	57
15	11	18	05	41	24
15	11	18	05	41	57
15	11	18	05	42	10
15	11	18	05	42	40
15	11	18	05	42	55
15	11	18	05	43	23
15	11	18	05	43	42
15	11	18	05	51	23
15	11	18	05	51	43
15	11	18	05	54	34
15	11	18	06	06	17
15	11	18	06	15	44
15	11	18	06	25	03
15	11	18	06	25	59
15	11	18	06	26	55
15	11	18	06	30	28
15	11	18	06	32	12
15	11	18	06	32	32
15	11	18	06	32	56
15	11	18	06	33	15
15	11	18	06	34	59
15	11	18	06	35	32
15	11	18	06	35	51
15	11	18	06	36	12
15	11	18	06	36	22
15	11	18	06	36	33
15	11	18	06	36	43
15	11	18	06	37	04
15	11	18	06	37	38
15	11	18	06	37	57
15	11	18	06	38	08
15	11	18	06	38	30
15	11	18	06	38	48
15	11	18	06	38	57
15	11	18	06	39	07
15	11	18	06	39	26
15	11	18	06	39	41
15	11	18	06	39	48
15	11	18	06	40	07
15	11	18	06	40	34
15	11	18	06	40	54
15	11	18	06	41	30
15	11	18	06	41	59
15	11	18	06	42	10
15	11	18	06	42	21
15	11	18	06	42	36
15	11	18	06	42	46
15	11	18	06	42	54
15	11	18	06	43	18
15	11	18	06	43	27
15	11	18	06	43	50
15	11	18	06	44	00
15	11	18	06	44	05
15	11	18	06	44	16
15	11	18	06	44	45
15	11	18	06	44	57
15	11	18	06	45	06
15	11	18	06	45	22
15	11	18	06	45	35
15	11	18	06	45	48
15	11	18	06	46	02
15	11	18	06	46	57
15	11	18	06	48	39
15	11	18	07	05	53
15	11	18	07	08	50
15	11	18	07	21	22
15	11	18	07	21	40
15	11	18	07	25	01
15	11	18	07	25	34
15	11	18	07	29	46
15	11	18	07	31	52
15	11	18	07	33	27
15	11	18	07	34	22
15	11	18	07	34	34
15	11	18	07	35	32
15	11	18	07	36	09
15	11	18	07	37	15
15	11	18	07	37	35
15	11	18	07	38	23
15	11	18	07	38	38
15	11	18	07	39	22
15	11	18	07	39	34
15	11	18	07	40	07
15	11	18	07	40	12
15	11	18	07	40	29
15	11	18	07	40	35
15	11	18	07	41	12
15	11	18	07	41	23
15	11	18	07	41	29
15	11	18	07	41	45
15	11	18	07	41	55
15	11	18	07	42	08
15	11	18	07	42	17
15	11	18	07	42	24
15	11	18	07	42	39
15	11	18	07	43	01
15	11	18	07	43	10
15	11	18	07	43	49
15	11	18	07	44	07
15	11	18	07	44	14
15	11	18	07	44	46
15	11	18	07	48	07
15	11	18	07	51	39
15	11	18	08	00	54
15	11	18	08	38	19
15	11	18	08	39	32
15	11	18	08	40	59
15	11	18	08	41	07
15	11	18	08	41	57
15	11	18	08	42	11
15	11	18	08	42	18
15	11	18	08	42	33
15	11	18	08	42	40
15	11	18	08	42	51
15	11	18	08	42	58
15	11	18	08	43	10
15	11	18	08	43	26
15	11	18	08	43	34
15	11	18	08	44	19
15	11	18	08	44	45
15	11	18	08	45	03
15	11	18	08	45	13
15	11	18	08	45	37
15	11	18	08	46	57
15	11	18	08	47	27
15	11	18	08	47	55
15	11	18	08	48	21
15	11	18	08	48	30
15	11	18	08	48	45
15	11	18	08	49	10
15	11	18	08	49	31
15	11	18	08	49	36
15	11	18	08	49	44
15	11	18	08	50	16
15	11	18	08	50	33
15	11	18	08	50	42
15	11	18	08	50	50
15	11	18	08	51	38
15	11	18	08	52	34
15	11	18	08	52	58
15	11	18	08	53	13
15	11	18	08	53	34
15	11	18	08	54	00
15	11	18	08	54	07
15	11	18	08	54	15
15	11	18	08	54	27
15	11	18	08	54	34
15	11	18	08	55	07
15	11	18	08	55	15
15	11	18	08	55	42
15	11	18	08	55	54
15	11	18	08	56	23
15	11	18	08	56	51
15	11	18	08	57	04
15	11	18	08	57	23
15	11	18	08	58	05
15	11	18	08	58	16
15	11	18	08	58	27
15	11	18	08	58	50
15	11	18	08	59	36
15	11	18	09	00	20
15	11	18	09	00	42
15	11	18	09	01	15
15	11	18	09	01	30
15	11	18	09	01	38
15	11	18	09	01	59
15	11	18	09	02	05
15	11	18	09	02	59
15	11	18	09	03	21
15	11	18	09	03	31
15	11	18	09	03	53
15	11	18	09	04	05
15	11	18	09	04	12
15	11	18	09	04	40
15	11	18	09	04	49
15	11	18	09	04	56
15	11	18	09	05	35
15	11	18	09	06	35
15	11	18	09	06	41
15	11	18	09	07	14
15	11	18	09	07	58
15	11	18	09	08	15
15	11	18	09	08	32
15	11	18	09	09	19
15	11	18	09	10	10
15	11	18	09	10	16
15	11	18	09	10	32
15	11	18	09	10	40
15	11	18	09	12	43
15	11	18	09	12	58
15	11	18	09	14	46
15	11	18	09	17	29
15	11	18	09	17	45
15	11	18	09	18	00
15	11	18	09	18	08
15	11	18	09	18	16
15	11	18	09	18	48
15	11	18	09	19	00
15	11	18	09	19	25
15	11	18	09	19	48
15	11	18	09	20	11
15	11	18	09	20	28
15	11	18	09	20	37
15	11	18	09	21	33
15	11	18	09	22	17
15	11	18	09	23	25
15	11	18	09	23	41
15	11	18	09	23	49
15	11	18	09	24	05
15	11	18	09	24	15
15	11	18	09	24	22
15	11	18	09	25	44
15	11	18	09	26	06
15	11	18	09	26	18
15	11	18	09	27	09
15	11	18	09	27	55
15	11	18	09	28	46
15	11	18	09	28	53
15	11	18	09	29	04
15	11	18	09	29	30
15	11	18	09	30	20
15	11	18	09	30	31
15	11	18	09	31	14
15	11	18	09	31	53
15	11	18	09	32	14
15	11	18	09	32	24
15	11	18	09	32	32
15	11	18	09	32	46
15	11	18	09	33	02
15	11	18	09	33	15
15	11	18	09	33	24
15	11	18	09	33	48
15	11	18	09	33	59
15	11	18	09	34	20
15	11	18	09	34	28
15	11	18	09	34	54
15	11	18	09	35	07
15	11	18	09	35	22
15	11	18	09	36	06
15	11	18	09	36	26
15	11	18	09	36	39
15	11	18	09	36	46
15	11	18	09	37	09
15	11	18	09	37	25
15	11	18	09	37	44
15	11	18	09	38	04
15	11	18	09	38	35
15	11	18	09	38	59
15	11	18	09	39	14
15	11	18	09	39	36
15	11	18	09	39	42
15	11	18	09	40	00
15	11	18	09	40	07
15	11	18	09	40	24
15	11	18	09	40	47
15	11	18	09	42	02
15	11	18	09	42	12
15	11	18	09	42	20
15	11	18	09	42	34
15	11	18	09	42	57
15	11	18	09	43	10
15	11	18	09	43	27
15	11	18	09	43	38
15	11	18	09	43	57
15	11	18	09	44	04
15	11	18	09	44	17
15	11	18	09	44	24
15	11	18	09	44	50
15	11	18	09	45	18
15	11	18	09	45	40
15	11	18	09	46	54
15	11	18	09	48	59
15	11	18	09	49	11
15	11	18	09	49	35
15	11	18	09	52	04
15	11	18	09	52	57
15	11	18	09	53	07
15	11	18	09	55	21
15	11	18	09	58	10
15	11	18	09	59	38
15	11	18	09	59	46
15	11	18	10	01	53
15	11	18	10	02	01
15	11	18	10	19	47
15	11	18	10	28	55
15	11	18	10	39	44
15	11	18	10	50	47
15	11	18	11	11	09
15	11	18	11	13	15
15	11	18	11	15	21
15	11	18	11	16	46
15	11	18	11	16	59
15	11	18	11	17	10
15	11	18	11	25	55
15	11	18	12	39	56
15	11	18	12	52	19
15	11	18	12	52	31
15	11	18	13	13	44
15	11	18	14	25	59
15	11	18	14	38	56
15	11	18	17	05	52
15	11	18	17	06	01
15	11	18	17	08	47
15	11	18	17	12	13
15	11	18	17	14	50
15	11	18	17	15	03
15	11	18	17	21	12
15	11	18	17	25	15
15	11	18	17	25	27
15	11	18	17	31	39
15	11	18	17	32	10
15	11	18	17	44	32
15	11	18	17	44	59
15	11	18	18	23	01
15	11	18	18	31	16
15	11	18	18	32	40
15	11	18	18	37	54
15	11	18	20	28	34
15	11	18	20	29	57
15	11	18	20	32	08
15	11	18	20	32	43
15	11	18	20	32	58
15	11	18	20	33	34
15	11	18	20	35	25
15	11	18	20	37	42
15	11	18	20	46	10
15	11	18	20	57	19
15	11	18	21	19	56
15	11	18	21	22	12
15	11	18	21	22	52
15	11	18	21	23	03
15	11	18	21	33	28
15	11	18	21	33	37
15	11	18	21	42	48
15	11	18	21	45	35
15	11	18	22	25	58
15	11	18	22	26	17
15	11	18	23	15	52
15	11	18	23	23	14
15	11	19	00	19	59
15	11	19	00	20	05
15	11	19	00	26	59
15	11	19	00	51	09
15	11	19	00	52	13
15	11	19	00	52	41
15	11	19	00	52	55
15	11	19	00	58	25
15	11	19	01	27	53
15	11	19	01	28	45
15	11	19	01	33	44
15	11	19	01	47	47
15	11	19	01	48	12
15	11	19	01	52	03
15	11	19	01	57	05
15	11	19	01	57	20
15	11	19	01	57	59
15	11	19	01	58	41
15	11	19	02	00	05
15	11	19	02	24	11
15	11	19	02	24	28
15	11	19	02	26	21
15	11	19	08	30	02
15	11	19	08	34	40
15	11	19	09	37	18
15	11	19	11	09	30
15	11	19	11	27	19
15	11	19	11	49	40
15	11	19	12	31	53
15	11	19	12	31	58
15	11	19	12	39	14
15	11	19	12	56	05
15	11	19	12	56	50
15	11	19	12	57	21
15	11	19	12	57	49
15	11	19	12	58	06
15	11	19	13	04	58
15	11	19	13	37	54
15	11	19	13	38	39
15	11	19	13	40	40
15	11	19	13	45	28
15	11	19	13	45	48
15	11	19	14	03	45
15	11	19	14	03	55
15	11	19	14	04	21
15	11	19	14	06	28
15	11	19	14	08	12
15	11	19	14	18	53
15	11	19	14	45	04
15	11	19	14	50	33
15	11	19	14	57	22
15	11	19	14	57	37
15	11	19	14	57	55
15	11	19	14	58	49
15	11	19	14	58	56
15	11	19	15	06	02
15	11	19	15	13	59
15	11	19	15	14	16
15	11	19	15	14	48
15	11	19	15	15	52
15	11	19	15	46	31
15	11	19	16	02	51
15	11	19	16	24	12
15	11	19	16	24	18
15	11	19	16	24	30
15	11	19	16	24	37
15	11	19	16	24	46
15	11	19	17	02	49
15	11	19	17	03	20
15	11	19	17	05	28
15	11	19	17	05	40
15	11	19	19	00	18
15	11	19	19	00	35
15	11	19	19	15	05
15	11	19	19	15	11
15	11	19	19	19	48
15	11	19	19	49	03
15	11	19	19	49	14
15	11	19	19	51	54
15	11	19	20	20	21
15	11	19	20	34	30
15	11	19	20	34	41
15	11	19	20	37	42
15	11	19	20	38	01
15	11	19	20	41	48
15	11	19	20	43	10
15	11	19	20	45	02
15	11	19	20	58	44
15	11	19	21	09	48
15	11	19	21	09	57
15	11	19	22	08	20
15	11	19	22	14	43
15	11	19	22	24	11
15	11	19	22	24	37
15	11	19	22	29	00
15	11	19	22	30	08
15	11	19	22	33	01
15	11	19	22	36	21
15	11	19	22	48	06
15	11	19	22	50	07
15	11	19	22	50	26
15	11	19	22	50	31
15	11	19	22	50	52
15	11	19	22	50	56
15	11	19	22	51	07
15	11	19	22	51	51
15	11	19	22	52	43
15	11	19	22	53	46
15	11	19	22	54	30
15	11	19	23	17	05
15	11	19	23	17	11
15	11	20	00	52	26
15	11	20	02	13	13
15	11	20	02	13	58
15	11	20	04	31	00
15	11	20	07	54	03
15	11	20	09	35	13
15	11	20	10	54	17
15	11	20	11	08	35
15	11	20	11	09	03
15	11	20	11	22	41
15	11	20	11	43	42
15	11	20	11	59	23
15	11	20	12	45	14
15	11	20	12	45	34
15	11	20	12	45	59
15	11	20	12	46	05
15	11	20	13	47	58
15	11	20	14	20	06
15	11	20	14	20	17
15	11	20	14	20	23
15	11	20	14	21	02
15	11	20	14	22	17
15	11	20	14	23	54
15	11	20	15	54	44
15	11	20	15	56	50
15	11	20	15	57	59
15	11	20	16	04	15
15	11	20	17	07	54
15	11	20	17	08	03
15	11	20	17	08	55
15	11	20	17	11	02
15	11	20	17	11	13
15	11	20	17	11	18
15	11	20	17	11	29
15	11	20	17	11	44
15	11	20	17	11	49
15	11	20	17	12	41
15	11	20	17	13	01
15	11	20	17	27	47
15	11	20	20	19	09
15	11	20	20	21	33
15	11	20	20	21	59
15	11	20	20	23	25
15	11	20	20	23	34
15	11	20	20	24	16
15	11	20	20	25	41
15	11	20	20	25	53
15	11	20	20	26	02
15	11	20	20	26	59
15	11	20	20	29	12
15	11	20	20	30	15
15	11	20	20	30	29
15	11	20	20	30	53
15	11	20	20	31	04
15	11	20	20	32	43
15	11	20	20	36	26
15	11	20	20	39	03
15	11	20	20	39	10
15	11	20	20	39	16
15	11	20	20	39	24
15	11	20	20	39	34
15	11	20	20	39	48
15	11	20	20	39	56
15	11	20	20	40	13
15	11	20	20	40	25
15	11	20	20	41	05
15	11	20	20	41	18
15	11	20	20	41	28
15	11	20	20	41	58
15	11	20	20	43	50
15	11	20	20	47	07
15	11	20	20	47	13
15	11	20	20	47	21
15	11	20	20	47	29
15	11	20	20	49	36
15	11	20	20	50	16
15	11	20	20	50	22
15	11	20	20	50	27
15	11	20	20	50	33
15	11	20	20	50	44
15	11	20	20	51	00
15	11	20	21	16	07
15	11	20	21	19	35
15	11	20	21	20	58
15	11	20	21	21	22
15	11	20	21	28	56
15	11	20	21	29	18
15	11	20	21	29	57
15	11	20	21	32	45
15	11	20	21	32	51
15	11	20	21	33	02
15	11	20	21	37	01
15	11	20	21	37	30
15	11	20	21	37	36
15	11	20	21	38	04
15	11	20	21	41	51
15	11	20	21	42	28
15	11	20	21	42	42
15	11	20	21	43	43
15	11	20	21	44	39
15	11	20	21	45	39
15	11	20	21	45	51
15	11	20	21	46	04
15	11	20	21	46	14
15	11	20	21	46	38
15	11	20	21	47	00
15	11	20	21	47	09
15	11	20	21	47	40
15	11	20	21	48	02
15	11	20	21	48	26
15	11	20	21	48	38
15	11	20	21	48	52
15	11	20	21	49	17
15	11	20	21	49	44
15	11	20	21	50	24
15	11	20	21	51	36
15	11	20	21	51	52
15	11	20	21	52	30
15	11	20	21	52	46
15	11	20	21	52	57
15	11	20	21	53	05
15	11	20	21	53	12
15	11	20	21	53	29
15	11	20	21	53	49
15	11	20	21	53	57
15	11	20	21	55	38
15	11	20	21	56	17
15	11	20	22	01	13
15	11	20	22	01	31
15	11	20	22	01	55
15	11	20	22	02	04
15	11	20	22	02	46
15	11	20	22	03	08
15	11	20	22	03	16
15	11	20	22	03	26
15	11	20	22	04	47
15	11	20	22	05	01
15	11	20	22	05	19
15	11	20	22	05	48
15	11	20	22	06	42
15	11	20	22	09	01
15	11	20	22	10	32
15	11	20	22	12	23
15	11	20	22	12	51
15	11	20	22	13	31
15	11	20	22	13	36
15	11	20	22	18	10
15	11	20	22	24	30
15	11	20	22	31	23
15	11	20	22	42	03
15	11	20	22	45	36
15	11	20	22	46	05
15	11	20	22	46	59
15	11	20	22	47	31
15	11	20	22	47	41
15	11	20	22	48	05
15	11	20	22	48	17
15	11	20	22	49	03
15	11	20	22	49	21
15	11	20	22	50	20
15	11	20	22	50	44
15	11	20	22	52	56
15	11	20	22	54	46
15	11	20	22	57	11
15	11	20	23	00	19
15	11	20	23	00	37
15	11	20	23	02	14
15	11	20	23	05	40
15	11	20	23	06	16
15	11	20	23	06	24
15	11	20	23	06	58
15	11	20	23	09	27
15	11	20	23	11	04
15	11	20	23	12	05
15	11	20	23	15	14
15	11	20	23	18	35
15	11	20	23	21	54
15	11	20	23	22	34
15	11	20	23	28	43
15	11	20	23	29	29
15	11	20	23	29	58
15	11	20	23	30	40
15	11	20	23	30	54
15	11	20	23	39	00
15	11	20	23	39	25
15	11	20	23	41	25
15	11	20	23	41	59
15	11	20	23	42	16
15	11	20	23	42	25
15	11	20	23	42	31
15	11	20	23	42	40
15	11	20	23	42	47
15	11	20	23	43	52
15	11	20	23	44	13
15	11	20	23	44	25
15	11	20	23	44	37
15	11	20	23	44	55
15	11	20	23	45	02
15	11	20	23	45	16
15	11	20	23	45	48
15	11	20	23	46	27
15	11	20	23	46	40
15	11	20	23	47	08
15	11	20	23	47	42
15	11	20	23	49	21
15	11	20	23	49	47
15	11	20	23	51	43
15	11	20	23	55	33
15	11	20	23	59	15
15	11	20	23	59	34
15	11	21	00	00	19
15	11	21	00	00	55
15	11	21	00	01	24
15	11	21	00	03	13
15	11	21	00	04	54
15	11	21	00	05	05
15	11	21	00	05	58
15	11	21	00	07	09
15	11	21	00	07	16
15	11	21	00	07	58
15	11	21	00	08	51
15	11	21	00	15	02
15	11	21	00	15	19
15	11	21	00	16	11
15	11	21	00	16	18
15	11	21	00	18	01
15	11	21	00	18	39
15	11	21	00	20	56
15	11	21	00	21	57
15	11	21	00	22	08
15	11	21	00	24	11
15	11	21	00	24	57
15	11	21	00	25	05
15	11	21	00	25	48
15	11	21	00	26	37
15	11	21	00	26	42
15	11	21	00	27	32
15	11	21	00	30	09
15	11	21	00	33	13
15	11	21	00	33	46
15	11	21	00	34	24
15	11	21	00	34	39
15	11	21	00	34	45
15	11	21	00	35	03
15	11	21	00	36	09
15	11	21	00	37	11
15	11	21	00	37	50
15	11	21	00	43	29
15	11	21	00	45	52
15	11	21	00	48	44
15	11	21	00	49	20
15	11	21	00	49	35
15	11	21	00	51	02
15	11	21	00	52	20
15	11	21	00	55	28
15	11	21	00	56	47
15	11	21	00	57	18
15	11	21	00	58	44
15	11	21	00	58	58
15	11	21	00	59	05
15	11	21	01	00	12
15	11	21	01	00	31
15	11	21	01	01	56
15	11	21	01	02	10
15	11	21	01	03	44
15	11	21	01	03	54
15	11	21	01	05	07
15	11	21	01	06	14
15	11	21	01	07	03
15	11	21	01	07	14
15	11	21	01	11	38
15	11	21	01	12	16
15	11	21	01	12	33
15	11	21	01	13	32
15	11	21	01	14	26
15	11	21	01	14	35
15	11	21	01	14	57
15	11	21	01	15	04
15	11	21	01	15	11
15	11	21	01	15	37
15	11	21	01	17	01
15	11	21	01	19	41
15	11	21	01	19	46
15	11	21	01	20	08
15	11	21	01	20	23
15	11	21	01	20	43
15	11	21	01	22	43
15	11	21	01	24	18
15	11	21	01	25	21
15	11	21	01	27	37
15	11	21	01	27	44
15	11	21	01	27	52
15	11	21	01	28	10
15	11	21	01	30	09
15	11	21	01	30	51
15	11	21	01	32	21
15	11	21	01	34	26
15	11	21	01	34	43
15	11	21	01	36	09
15	11	21	01	36	19
15	11	21	01	37	01
15	11	21	01	37	20
15	11	21	01	37	49
15	11	21	01	39	02
15	11	21	01	39	09
15	11	21	01	39	19
15	11	21	01	39	51
15	11	21	01	40	20
15	11	21	01	48	05
15	11	21	01	49	01
15	11	21	01	55	43
15	11	21	01	56	15
15	11	21	01	56	25
15	11	21	01	57	45
15	11	21	01	58	01
15	11	21	01	58	08
15	11	21	01	58	47
15	11	21	01	59	02
15	11	21	02	01	08
15	11	21	02	01	56
15	11	21	02	02	10
15	11	21	02	02	19
15	11	21	02	02	49
15	11	21	02	03	19
15	11	21	02	03	28
15	11	21	02	04	28
15	11	21	02	05	14
15	11	21	02	07	39
15	11	21	02	07	49
15	11	21	02	10	21
15	11	21	02	10	34
15	11	21	02	19	06
15	11	21	02	20	44
15	11	21	02	27	24
15	11	21	02	28	30
15	11	21	02	29	09
15	11	21	02	30	40
15	11	21	02	30	46
15	11	21	02	31	36
15	11	21	02	32	05
15	11	21	02	32	45
15	11	21	02	33	45
15	11	21	02	34	03
15	11	21	02	35	24
15	11	21	02	38	17
15	11	21	02	48	56
15	11	21	02	50	22
15	11	21	02	51	42
15	11	21	03	00	00
15	11	21	03	03	09
15	11	21	03	05	14
15	11	21	03	05	39
15	11	21	03	15	38
15	11	21	03	24	29
15	11	21	03	24	58
15	11	21	03	25	07
15	11	21	03	28	05
15	11	21	03	28	13
15	11	21	03	28	41
15	11	21	03	35	13
15	11	21	03	38	22
15	11	21	03	47	10
15	11	21	03	47	38
15	11	21	03	48	42
15	11	21	03	51	46
15	11	21	03	52	04
15	11	21	03	52	30
15	11	21	03	59	15
15	11	21	04	00	21
15	11	21	10	33	28
15	11	21	10	56	53
15	11	21	10	57	05
15	11	21	11	04	03
15	11	21	11	08	36
15	11	21	11	23	11
15	11	21	12	12	49
15	11	21	12	20	26
15	11	21	12	26	00
15	11	21	12	35	45
15	11	21	12	36	06
15	11	21	12	36	23
15	11	21	12	37	15
15	11	21	12	37	30
15	11	21	12	39	04
15	11	21	12	44	47
15	11	21	12	44	55
15	11	21	12	55	46
15	11	21	12	55	59
15	11	21	12	56	23
15	11	21	12	56	35
15	11	21	12	57	08
15	11	21	13	05	55
15	11	21	13	06	23
15	11	21	13	07	28
15	11	21	13	10	11
15	11	21	13	10	21
15	11	21	13	11	17
15	11	21	13	11	29
15	11	21	13	12	06
15	11	21	13	44	30
15	11	21	14	16	11
15	11	21	14	16	38
15	11	21	14	21	16
15	11	21	14	22	43
15	11	21	14	22	56
15	11	21	14	23	20
15	11	21	14	23	42
15	11	21	14	23	49
15	11	21	14	27	36
15	11	21	14	28	10
15	11	21	14	33	15
15	11	21	14	37	59
15	11	21	15	28	36
15	11	21	15	28	44
15	11	21	15	28	55
15	11	21	15	29	03
15	11	21	15	29	20
15	11	21	15	29	44
15	11	21	15	45	19
15	11	21	15	59	07
15	11	21	15	59	15
15	11	21	16	16	51
15	11	21	16	19	42
15	11	21	16	20	11
15	11	21	16	21	00
15	11	21	16	21	13
15	11	21	17	29	58
15	11	21	17	30	13
15	11	21	17	40	56
15	11	21	17	44	59
15	11	21	17	46	41
15	11	21	17	52	36
15	11	21	17	52	58
15	11	21	17	53	10
15	11	21	17	53	21
15	11	21	18	04	19
15	11	21	18	09	59
15	11	21	18	11	15
15	11	21	18	54	05
15	11	21	18	56	31
15	11	21	18	57	54
15	11	21	19	25	52
15	11	21	19	25	58
15	11	21	19	26	13
15	11	21	20	06	15
15	11	21	20	06	21
15	11	21	20	06	52
15	11	21	20	07	20
15	11	21	20	08	10
15	11	21	20	59	23
15	11	21	21	03	06
15	11	21	21	03	31
15	11	21	21	22	01
15	11	21	22	19	54
15	11	21	22	22	00
15	11	21	22	22	20
15	11	21	22	24	03
15	11	21	22	24	15
15	11	21	22	25	06
15	11	21	22	25	19
15	11	21	22	25	59
15	11	21	22	26	48
15	11	21	22	29	46
15	11	21	22	35	46
15	11	21	22	36	43
15	11	21	22	36	55
15	11	21	22	38	25
15	11	21	22	38	51
15	11	21	22	39	20
15	11	21	22	40	18
15	11	21	22	48	35
15	11	21	22	55	48
15	11	21	22	57	50
15	11	21	22	59	09
15	11	21	22	59	15
15	11	21	23	05	10
15	11	21	23	05	40
15	11	21	23	09	58
15	11	21	23	10	53
15	11	21	23	50	40
15	11	21	23	50	59
15	11	21	23	51	08
15	11	22	00	12	48
15	11	22	00	13	03
15	11	22	02	08	07
15	11	22	02	09	48
15	11	22	04	24	31
15	11	22	11	13	58
15	11	22	11	14	14
15	11	22	11	38	52
15	11	22	11	38	58
15	11	22	12	13	44
15	11	22	12	13	58
15	11	22	12	14	17
15	11	22	12	19	05
15	11	22	12	19	15
15	11	22	12	20	31
15	11	22	12	20	58
15	11	22	12	32	11
15	11	22	12	32	38
15	11	22	12	37	00
15	11	22	12	37	24
15	11	22	12	45	41
15	11	22	12	45	58
15	11	22	13	05	56
15	11	22	13	06	18
15	11	22	13	13	07
15	11	22	13	13	15
15	11	22	13	14	04
15	11	22	13	31	42
15	11	22	13	35	13
15	11	22	13	36	32
15	11	22	13	38	22
15	11	22	13	38	28
15	11	22	13	40	16
15	11	22	13	40	33
15	11	22	13	41	34
15	11	22	13	42	36
15	11	22	13	49	03
15	11	22	13	49	16
15	11	22	13	52	20
15	11	22	13	55	32
15	11	22	13	56	13
15	11	22	13	57	23
15	11	22	14	34	00
15	11	22	15	01	53
15	11	22	15	02	02
15	11	22	15	02	09
15	11	22	15	02	17
15	11	22	15	02	33
15	11	22	15	02	58
15	11	22	15	03	07
15	11	22	15	03	27
15	11	22	15	03	36
15	11	22	15	03	56
15	11	22	15	05	28
15	11	22	15	06	36
15	11	22	15	06	41
15	11	22	15	07	58
15	11	22	15	51	58
15	11	22	15	52	06
15	11	22	16	18	49
15	11	22	16	22	13
15	11	22	16	22	20
15	11	22	16	23	59
15	11	22	16	25	33
15	11	22	16	29	24
15	11	22	16	30	20
15	11	22	16	32	23
15	11	22	16	32	44
15	11	22	16	41	21
15	11	22	16	42	38
15	11	22	16	46	19
15	11	22	16	46	31
15	11	22	16	50	44
15	11	22	16	54	08
15	11	22	16	54	26
15	11	22	16	54	46
15	11	22	16	55	11
15	11	22	17	00	39
15	11	22	17	46	00
15	11	22	17	50	58
15	11	22	17	53	27
15	11	22	17	53	48
15	11	22	17	54	21
15	11	22	17	54	32
15	11	22	17	55	19
15	11	22	17	55	38
15	11	22	18	17	29
15	11	22	18	27	36
15	11	22	18	53	04
15	11	22	18	53	30
15	11	22	18	54	42
15	11	22	18	55	38
15	11	22	18	55	46
15	11	22	19	00	04
15	11	22	19	00	13
15	11	22	19	00	31
15	11	22	19	12	34
15	11	22	19	12	51
15	11	22	19	13	08
15	11	22	19	14	02
15	11	22	19	14	44
15	11	22	20	10	57
15	11	22	20	12	53
15	11	22	20	17	15
15	11	22	20	18	19
15	11	22	20	49	30
15	11	22	20	53	57
15	11	22	21	26	02
15	11	22	21	29	56
15	11	22	21	30	13
15	11	22	21	34	05
15	11	22	21	34	18
15	11	22	21	34	24
15	11	22	22	00	36
15	11	22	22	00	56
15	11	22	22	19	29
15	11	22	22	19	48
15	11	22	22	23	12
15	11	22	22	25	56
15	11	22	22	36	03
15	11	22	22	57	36
15	11	23	02	01	38
15	11	23	02	01	53
15	11	23	02	08	10
15	11	23	02	08	26
15	11	23	02	08	53
15	11	23	02	09	34
15	11	23	02	10	28
15	11	23	02	13	45
15	11	23	02	14	37
15	11	23	02	15	08
15	11	23	02	15	23
15	11	23	02	15	28
15	11	23	02	15	34
15	11	23	02	15	54
15	11	23	02	17	20
15	11	23	02	18	07
15	11	23	06	36	34
15	11	23	10	47	19
15	11	23	11	41	53
15	11	23	11	42	08
15	11	23	12	20	54
15	11	23	12	34	57
15	11	23	13	51	41
15	11	23	14	32	00
15	11	23	14	33	24
15	11	23	14	35	17
15	11	23	14	36	17
15	11	23	14	36	36
15	11	23	14	37	07
15	11	23	15	04	21
15	11	23	15	05	20
15	11	23	15	09	28
15	11	23	15	10	49
15	11	23	15	13	22
15	11	23	15	14	30
15	11	23	15	20	01
15	11	23	15	21	32
15	11	23	15	21	38
15	11	23	15	22	39
15	11	23	15	26	55
15	11	23	15	27	00
15	11	23	15	36	29
15	11	23	15	37	37
15	11	23	15	38	04
15	11	23	15	38	48
15	11	23	15	40	07
15	11	23	15	41	39
15	11	23	15	45	18
15	11	23	15	45	25
15	11	23	15	47	47
15	11	23	15	49	08
15	11	23	16	15	31
15	11	23	16	15	39
15	11	23	16	18	47
15	11	23	16	18	55
15	11	23	16	24	56
15	11	23	16	28	48
15	11	23	16	29	24
15	11	23	16	40	34
15	11	23	16	41	41
15	11	23	16	42	33
15	11	23	16	42	40
15	11	23	16	43	31
15	11	23	16	45	09
15	11	23	16	45	20
15	11	23	16	45	33
15	11	23	18	51	01
15	11	23	18	51	19
15	11	23	18	51	26
15	11	23	18	53	09
15	11	23	18	56	12
15	11	23	18	56	25
15	11	23	18	56	41
15	11	23	18	56	48
15	11	23	18	59	04
15	11	23	19	00	33
15	11	23	19	03	01
15	11	23	19	04	16
15	11	23	19	04	30
15	11	23	19	05	10
15	11	23	19	06	04
15	11	23	19	06	24
15	11	23	19	14	14
15	11	23	19	15	13
15	11	23	19	15	29
15	11	23	19	15	57
15	11	23	19	16	12
15	11	23	19	17	23
15	11	23	19	18	05
15	11	23	19	18	38
15	11	23	19	19	02
15	11	23	19	21	04
15	11	23	19	24	14
15	11	23	19	28	38
15	11	23	19	30	24
15	11	23	19	33	48
15	11	23	19	33	57
15	11	23	19	34	19
15	11	23	22	11	21
15	11	23	22	31	44
15	11	23	22	34	22
15	11	23	22	40	16
15	11	23	22	43	06
15	11	23	22	48	23
15	11	23	22	55	40
15	11	23	22	56	12
15	11	23	23	04	32
15	11	24	00	58	24
15	11	24	00	58	57
15	11	24	01	13	17
15	11	24	01	15	48
15	11	24	01	21	20
15	11	24	01	21	35
15	11	24	01	27	20
15	11	24	01	29	19
15	11	24	01	39	25
15	11	24	01	48	17
15	11	24	01	50	23
15	11	24	05	29	51
15	11	24	05	30	59
15	11	24	06	04	21
15	11	24	06	11	18
15	11	24	09	32	40
15	11	24	09	32	46
15	11	24	10	18	23
15	11	24	10	18	29
15	11	24	10	18	38
15	11	24	10	18	53
15	11	24	10	19	04
15	11	24	10	19	30
15	11	24	10	19	47
15	11	24	11	09	22
15	11	24	11	09	43
15	11	24	11	48	50
15	11	24	11	49	12
15	11	24	11	49	22
15	11	24	12	02	16
15	11	24	12	04	28
15	11	24	12	05	25
15	11	24	12	10	49
15	11	24	12	12	40
15	11	24	12	16	13
15	11	24	12	18	46
15	11	24	12	18	56
15	11	24	12	22	31
15	11	24	12	23	22
15	11	24	12	23	28
15	11	24	12	29	05
15	11	24	12	30	25
15	11	24	12	31	39
15	11	24	13	17	13
15	11	24	14	03	52
15	11	24	14	03	58
15	11	24	14	07	06
15	11	24	14	07	24
15	11	24	14	14	11
15	11	24	14	59	06
15	11	24	15	00	26
15	11	24	15	02	21
15	11	24	15	16	51
15	11	24	15	33	17
15	11	24	15	44	07
15	11	24	15	44	17
15	11	24	16	12	33
15	11	24	17	13	27
15	11	24	17	50	51
15	11	24	17	50	57
15	11	24	18	13	02
15	11	24	18	20	55
15	11	24	18	44	47
15	11	24	19	01	44
15	11	24	19	01	58
15	11	24	19	16	53
15	11	24	19	21	58
15	11	24	20	05	33
15	11	24	20	05	58
15	11	24	20	59	21
15	11	24	20	59	56
15	11	24	21	00	53
15	11	24	21	03	35
15	11	24	21	04	00
15	11	24	21	48	54
15	11	24	21	51	32
15	11	24	21	51	45
15	11	24	22	29	33
15	11	24	22	30	45
15	11	24	22	30	55
15	11	24	22	37	12
15	11	24	22	37	19
15	11	24	23	10	20
15	11	24	23	10	28
15	11	24	23	10	34
15	11	24	23	11	50
15	11	24	23	13	33
15	11	24	23	13	51
15	11	24	23	14	03
15	11	24	23	14	17
15	11	24	23	14	33
15	11	24	23	15	38
15	11	24	23	15	50
15	11	24	23	21	00
15	11	24	23	21	11
15	11	24	23	23	43
15	11	24	23	25	37
15	11	24	23	27	54
15	11	24	23	27	59
15	11	24	23	32	25
15	11	24	23	33	40
15	11	24	23	34	04
15	11	24	23	35	35
15	11	24	23	43	35
15	11	24	23	43	45
15	11	25	00	11	14
15	11	25	00	14	08
15	11	25	00	17	06
15	11	25	00	17	21
15	11	25	00	17	31
15	11	25	01	17	44
15	11	25	01	18	53
15	11	25	01	19	04
15	11	25	01	19	34
15	11	25	01	19	49
15	11	25	01	54	40
15	11	25	01	54	48
15	11	25	03	01	13
15	11	25	03	35	08
15	11	25	10	47	07
15	11	25	10	49	18
15	11	25	11	52	50
15	11	25	12	00	28
15	11	25	12	00	37
15	11	25	12	06	03
15	11	25	12	18	16
15	11	25	12	31	30
15	11	25	12	35	19
15	11	25	12	42	41
15	11	25	12	43	13
15	11	25	12	43	34
15	11	25	12	43	52
15	11	25	12	44	29
15	11	25	12	44	51
15	11	25	12	45	27
15	11	25	12	47	12
15	11	25	12	47	47
15	11	25	12	47	55
15	11	25	12	48	09
15	11	25	14	20	01
15	11	25	14	21	10
15	11	25	14	26	56
15	11	25	14	28	57
15	11	25	14	29	17
15	11	25	14	30	11
15	11	25	15	20	31
15	11	25	15	20	50
15	11	25	15	21	06
15	11	25	16	04	06
15	11	25	16	06	14
15	11	25	17	06	12
15	11	25	17	11	08
15	11	25	17	15	08
15	11	25	17	17	29
15	11	25	17	17	41
15	11	25	17	19	53
15	11	25	17	20	21
15	11	25	17	22	47
15	11	25	17	24	48
15	11	25	17	25	58
15	11	25	17	27	53
15	11	25	17	29	51
15	11	25	17	30	40
15	11	25	17	30	59
15	11	25	17	31	11
15	11	25	17	31	24
15	11	25	17	31	43
15	11	25	17	31	56
15	11	25	17	32	07
15	11	25	17	32	12
15	11	25	17	32	30
15	11	25	17	33	00
15	11	25	17	33	08
15	11	25	17	33	27
15	11	25	17	34	33
15	11	25	17	34	42
15	11	25	17	34	48
15	11	25	17	34	57
15	11	25	17	35	43
15	11	25	17	37	45
15	11	25	17	38	07
15	11	25	17	45	27
15	11	25	17	52	58
15	11	25	18	00	27
15	11	25	18	01	46
15	11	25	18	02	48
15	11	25	18	04	42
15	11	25	18	05	37
15	11	25	18	06	57
15	11	25	18	09	49
15	11	25	18	10	02
15	11	25	18	10	33
15	11	25	18	11	04
15	11	25	18	11	35
15	11	25	18	12	23
15	11	25	18	13	45
15	11	25	18	14	36
15	11	25	18	15	36
15	11	25	18	15	51
15	11	25	18	16	24
15	11	25	18	17	31
15	11	25	18	18	29
15	11	25	18	29	10
15	11	25	18	34	47
15	11	25	18	35	11
15	11	25	18	35	29
15	11	25	18	35	43
15	11	25	18	35	55
15	11	25	18	36	03
15	11	25	18	36	29
15	11	25	18	36	39
15	11	25	18	36	46
15	11	25	18	37	30
15	11	25	18	38	04
15	11	25	18	38	20
15	11	25	18	39	46
15	11	25	18	39	56
15	11	25	18	40	19
15	11	25	18	40	40
15	11	25	18	42	05
15	11	25	18	42	24
15	11	25	18	42	51
15	11	25	18	43	00
15	11	25	18	43	08
15	11	25	18	43	29
15	11	25	18	43	36
15	11	25	18	45	25
15	11	25	18	45	40
15	11	25	18	47	20
15	11	25	18	47	35
15	11	25	18	47	54
15	11	25	18	51	05
15	11	25	18	53	54
15	11	25	18	58	17
15	11	25	19	08	16
15	11	25	19	11	52
15	11	25	19	18	47
15	11	25	19	27	32
15	11	25	19	37	03
15	11	25	19	48	10
15	11	25	19	48	18
15	11	25	19	55	08
15	11	25	19	59	17
15	11	25	20	00	54
15	11	25	20	03	29
15	11	25	20	07	33
15	11	25	20	08	58
15	11	25	20	09	54
15	11	25	20	11	07
15	11	25	20	18	14
15	11	25	20	18	40
15	11	25	20	18	49
15	11	25	20	19	38
15	11	25	20	19	48
15	11	25	20	23	05
15	11	25	20	26	25
15	11	25	20	31	01
15	11	25	20	31	20
15	11	25	20	31	33
15	11	25	20	31	41
15	11	25	20	31	55
15	11	25	20	36	24
15	11	25	20	41	19
15	11	25	20	43	28
15	11	25	20	43	36
15	11	25	20	43	44
15	11	25	20	44	30
15	11	25	20	45	13
15	11	25	20	45	19
15	11	25	20	45	25
15	11	25	20	46	47
15	11	25	20	46	53
15	11	25	20	47	12
15	11	25	21	07	39
15	11	25	21	08	05
15	11	25	21	08	18
15	11	25	21	49	43
15	11	25	21	50	24
15	11	25	21	50	37
15	11	25	22	27	19
15	11	25	22	27	29
15	11	25	22	27	58
15	11	25	22	28	09
15	11	25	22	39	06
15	11	25	22	39	34
15	11	25	22	40	22
15	11	25	22	40	30
15	11	25	22	42	58
15	11	25	22	43	06
15	11	25	22	56	14
15	11	25	22	57	01
15	11	25	23	05	23
15	11	25	23	06	37
15	11	25	23	07	11
15	11	25	23	13	30
15	11	25	23	14	57
15	11	25	23	15	32
15	11	25	23	19	12
15	11	25	23	24	01
15	11	25	23	24	12
15	11	25	23	53	15
15	11	25	23	53	22
15	11	26	00	15	18
15	11	26	00	41	17
15	11	26	00	42	55
15	11	26	00	49	25
15	11	26	01	08	20
15	11	26	01	09	15
15	11	26	01	09	20
15	11	26	01	09	33
15	11	26	01	10	04
15	11	26	01	31	18
15	11	26	01	31	24
15	11	26	01	45	53
15	11	26	01	46	53
15	11	26	01	49	11
15	11	26	02	04	53
15	11	26	02	11	15
15	11	26	02	26	05
15	11	26	02	27	27
15	11	26	02	33	21
15	11	26	02	33	29
15	11	26	02	34	25
15	11	26	02	49	00
15	11	26	02	49	07
15	11	26	03	50	43
15	11	26	03	52	53
15	11	26	05	59	29
15	11	26	06	01	28
15	11	26	06	39	25
15	11	26	06	41	29
15	11	26	06	41	37
