15	10	28	20	45	00	25.40	41.43
15	10	28	21	00	00	24.56	44.49
15	10	28	21	15	00	24.25	44.44
15	10	28	21	30	00	24.15	44.46
15	10	28	21	45	00	24.00	44.42
15	10	28	22	00	00	23.95	46.43
15	10	28	22	15	00	24.15	44.47
15	10	28	22	30	00	24.11	43.48
15	10	28	22	45	00	23.63	43.46
15	10	28	23	00	00	22.49	46.48
15	10	28	23	15	00	22.43	46.47
15	10	28	23	30	00	22.39	47.42
15	10	28	23	45	00	22.24	47.43
15	10	29	00	00	00	22.16	47.47
15	10	29	00	15	00	21.87	47.48
15	10	29	00	30	00	21.85	47.43
15	10	29	00	45	00	21.74	47.48
15	10	29	01	00	00	21.62	47.43
15	10	29	01	15	00	21.48	48.49
15	10	29	01	30	00	21.43	48.49
15	10	29	01	45	00	21.22	48.41
15	10	29	02	00	00	21.10	49.42
15	10	29	02	15	00	21.07	49.44
15	10	29	02	30	00	20.99	49.46
15	10	29	02	45	00	20.99	50.59
15	10	29	03	00	00	20.85	50.53
15	10	29	03	15	00	20.77	50.53
15	10	29	03	30	00	20.65	51.58
15	10	29	03	45	00	20.64	51.50
15	10	29	04	00	00	20.64	50.59
15	10	29	04	15	00	20.64	49.46
15	10	29	04	30	00	20.59	49.44
15	10	29	04	45	00	20.54	48.43
15	10	29	05	00	00	20.56	48.49
15	10	29	05	15	00	20.46	48.45
15	10	29	05	30	00	20.35	48.49
15	10	29	05	45	00	20.27	48.46
15	10	29	06	00	00	20.27	49.42
15	10	29	06	15	00	20.25	48.48
15	10	29	06	30	00	20.20	48.45
15	10	29	06	45	00	20.09	48.49
15	10	29	07	00	00	20.05	47.43
15	10	29	07	15	00	19.94	47.42
15	10	29	07	30	00	19.73	47.47
15	10	29	07	45	00	19.65	46.45
15	10	29	08	00	00	19.69	45.47
15	10	29	08	15	00	19.84	45.45
15	10	29	08	30	00	20.28	43.48
15	10	29	08	45	00	20.79	42.49
15	10	29	09	00	00	21.81	42.45
15	10	29	09	15	00	22.39	41.49
15	10	29	09	30	00	22.87	39.31
15	10	29	09	45	00	23.31	39.38
15	10	29	10	00	00	23.74	40.40
15	10	29	10	15	00	24.04	36.31
15	10	29	10	30	00	24.18	39.32
15	10	29	10	45	00	24.36	38.30
15	10	29	11	00	00	24.36	37.30
15	10	29	11	15	00	24.34	37.39
15	10	29	11	30	00	24.33	36.39
15	10	29	11	45	00	24.30	35.37
15	10	29	12	00	00	24.22	35.39
15	10	29	12	15	00	24.22	33.33
15	10	29	12	30	00	24.19	33.33
15	10	29	12	45	00	24.24	32.36
15	10	29	13	00	00	24.25	32.39
15	10	29	13	15	00	24.30	32.34
15	10	29	13	30	00	24.30	31.34
15	10	29	13	45	00	24.28	31.34
15	10	29	14	00	00	24.26	32.31
15	10	29	14	15	00	24.48	33.31
15	10	29	14	30	00	24.44	35.35
15	10	29	14	45	00	24.48	31.34
15	10	29	15	00	00	24.47	33.35
15	10	29	15	15	00	24.41	33.38
15	10	29	15	30	00	24.40	33.38
15	10	29	15	45	00	24.37	32.36
15	10	29	16	00	00	24.36	32.34
15	10	29	16	15	00	24.36	32.33
15	10	29	16	30	00	24.34	32.31
15	10	29	16	45	00	24.30	31.36
15	10	29	17	00	00	24.28	31.38
15	10	29	17	15	00	24.24	32.38
15	10	29	17	30	00	24.19	32.38
15	10	29	17	45	00	24.17	32.34
15	10	29	18	00	00	24.11	32.38
15	10	29	18	15	00	24.19	32.38
15	10	29	18	30	00	24.29	33.30
15	10	29	18	45	00	24.22	33.33
15	10	29	19	00	00	24.12	33.31
15	10	29	19	15	00	24.03	33.31
15	10	29	19	30	00	23.92	33.33
15	10	29	19	45	00	23.86	33.33
15	10	29	20	00	00	23.81	33.36
15	10	29	20	15	00	23.72	34.33
15	10	29	20	30	00	23.67	34.33
15	10	29	20	45	00	23.63	34.33
15	10	29	21	00	00	23.64	34.37
15	10	29	21	15	00	23.63	34.35
15	10	29	21	30	00	23.56	34.35
15	10	29	21	45	00	23.50	34.33
15	10	29	22	00	00	23.50	35.35
15	10	29	22	15	00	23.55	34.35
15	10	29	22	30	00	23.60	34.32
15	10	29	22	45	00	23.79	34.35
15	10	29	23	00	00	23.71	35.35
15	10	29	23	15	00	23.64	36.32
15	10	29	23	30	00	23.53	35.34
15	10	29	23	45	00	23.46	36.39
15	10	30	00	00	00	23.48	36.31
15	10	30	00	15	00	23.43	36.39
15	10	30	00	30	00	23.35	36.37
15	10	30	00	45	00	23.37	36.36
15	10	30	01	00	00	23.38	36.34
15	10	30	01	15	00	23.38	36.34
15	10	30	01	30	00	23.38	36.36
15	10	30	01	45	00	23.35	37.33
15	10	30	02	00	00	23.24	38.32
15	10	30	02	15	00	23.13	39.30
15	10	30	02	30	00	23.09	40.43
15	10	30	02	45	00	23.09	39.33
15	10	30	03	00	00	22.99	41.41
15	10	30	03	15	00	22.89	41.41
15	10	30	03	30	00	22.87	39.33
15	10	30	03	45	00	22.87	40.42
15	10	30	04	00	00	22.78	40.47
15	10	30	04	15	00	22.72	39.37
15	10	30	04	30	00	22.72	38.39
15	10	30	04	45	00	22.68	40.46
15	10	30	05	00	00	22.60	39.36
15	10	30	05	15	00	22.56	38.37
15	10	30	05	30	00	22.56	38.33
15	10	30	05	45	00	22.47	39.34
15	10	30	06	00	00	22.38	39.36
15	10	30	06	15	00	22.35	38.32
15	10	30	06	30	00	22.33	38.32
15	10	30	06	45	00	22.25	38.34
15	10	30	07	00	00	22.16	38.35
15	10	30	07	15	00	22.16	37.36
15	10	30	07	30	00	22.10	38.37
15	10	30	07	45	00	22.02	38.34
15	10	30	08	00	00	22.00	38.37
15	10	30	08	15	00	22.13	38.37
15	10	30	08	30	00	22.21	38.30
15	10	30	08	45	00	22.56	36.39
15	10	30	09	00	00	23.16	35.34
15	10	30	09	15	00	23.42	35.30
15	10	30	09	30	00	23.79	34.38
15	10	30	09	45	00	23.85	34.31
15	10	30	10	00	00	22.61	35.37
15	10	30	10	15	00	23.16	35.33
15	10	30	10	30	00	23.68	34.30
15	10	30	10	45	00	23.93	33.33
15	10	30	11	00	00	24.15	33.36
15	10	30	11	15	00	24.06	33.38
15	10	30	11	30	00	22.62	36.39
15	10	30	11	45	00	23.75	33.36
15	10	30	12	00	00	23.72	35.30
15	10	30	12	15	00	23.88	35.30
15	10	30	12	30	00	23.99	35.34
15	10	30	12	45	00	22.78	34.30
15	10	30	13	00	00	22.95	36.32
15	10	30	13	15	00	23.90	32.31
15	10	30	13	30	00	23.85	34.38
15	10	30	13	45	00	22.43	36.31
15	10	30	14	00	00	23.10	34.35
15	10	30	14	15	00	23.26	34.35
15	10	30	14	30	00	23.39	34.30
15	10	30	14	45	00	23.50	33.38
15	10	30	15	00	00	22.47	33.35
15	10	30	15	15	00	22.35	34.30
15	10	30	15	30	00	22.83	33.36
15	10	30	15	45	00	23.09	33.38
15	10	30	16	00	00	23.38	32.34
15	10	30	16	15	00	22.87	32.36
15	10	30	16	30	00	22.24	34.38
15	10	30	16	45	00	22.69	33.33
15	10	30	17	00	00	23.01	33.35
15	10	30	17	15	00	23.21	33.31
15	10	30	17	30	00	23.71	32.38
15	10	30	17	45	00	23.52	29.26
15	10	30	18	00	00	22.31	33.33
15	10	30	18	15	00	22.85	32.38
15	10	30	18	30	00	23.17	32.39
15	10	30	18	45	00	23.32	32.33
15	10	30	19	00	00	23.53	33.36
15	10	30	19	15	00	23.49	33.38
15	10	30	19	30	00	22.20	35.39
15	10	30	19	45	00	22.58	35.37
15	10	30	20	00	00	22.79	36.37
15	10	30	20	15	00	22.86	36.39
15	10	30	20	30	00	22.87	37.36
15	10	30	20	45	00	22.87	37.31
15	10	30	21	00	00	22.86	38.37
15	10	30	21	15	00	22.85	37.35
15	10	30	21	30	00	22.83	37.33
15	10	30	21	45	00	22.82	37.38
15	10	30	22	00	00	22.83	38.37
15	10	30	22	15	00	22.83	38.35
15	10	30	22	30	00	21.88	36.37
15	10	30	22	45	00	21.66	38.32
15	10	30	23	00	00	21.84	38.34
15	10	30	23	15	00	21.95	38.39
15	10	30	23	30	00	22.06	38.34
15	10	30	23	45	00	21.96	39.34
15	10	31	00	00	00	22.00	39.33
15	10	31	00	15	00	21.96	39.33
15	10	31	00	30	00	21.91	39.36
15	10	31	00	45	00	21.85	40.40
15	10	31	01	00	00	21.67	40.44
15	10	31	01	15	00	21.40	39.34
15	10	31	01	30	00	21.14	39.39
15	10	31	01	45	00	21.30	41.46
15	10	31	02	00	00	21.03	40.42
15	10	31	02	15	00	21.11	40.40
15	10	31	02	30	00	20.88	40.47
15	10	31	02	45	00	20.92	40.43
15	10	31	03	00	00	20.85	40.45
15	10	31	03	15	00	20.52	41.41
15	10	31	03	30	00	20.49	42.45
15	10	31	03	45	00	20.35	42.47
15	10	31	04	00	00	20.56	42.49
15	10	31	04	15	00	20.68	42.47
15	10	31	04	30	00	20.53	43.46
15	10	31	04	45	00	20.46	43.46
15	10	31	05	00	00	20.41	44.40
15	10	31	05	15	00	20.32	44.47
15	10	31	05	30	00	20.27	45.43
15	10	31	05	45	00	20.48	44.46
15	10	31	06	00	00	20.38	44.49
15	10	31	06	15	00	20.46	44.44
15	10	31	06	30	00	20.24	44.43
15	10	31	06	45	00	20.32	44.41
15	10	31	07	00	00	20.20	45.45
15	10	31	07	15	00	20.14	45.40
15	10	31	07	30	00	19.91	46.43
15	10	31	07	45	00	19.95	46.47
15	10	31	08	00	00	19.87	47.44
15	10	31	08	15	00	19.94	47.48
15	10	31	08	30	00	20.42	46.45
15	10	31	08	45	00	20.75	46.43
15	10	31	09	00	00	21.37	46.40
15	10	31	09	15	00	22.14	45.40
15	10	31	09	30	00	22.73	43.42
15	10	31	09	45	00	22.95	42.42
15	10	31	10	00	00	23.05	42.40
15	10	31	10	15	00	23.50	41.46
15	10	31	10	30	00	23.86	41.46
15	10	31	10	45	00	24.08	41.49
15	10	31	11	00	00	24.11	41.49
15	10	31	11	15	00	24.29	40.47
15	10	31	11	30	00	23.02	39.30
15	10	31	11	45	00	23.27	41.46
15	10	31	12	00	00	23.50	41.46
15	10	31	12	15	00	23.71	41.48
15	10	31	12	30	00	23.85	42.45
15	10	31	12	45	00	23.49	39.31
15	10	31	13	00	00	22.61	42.40
15	10	31	13	15	00	23.31	40.45
15	10	31	13	30	00	23.53	40.44
15	10	31	13	45	00	23.81	40.40
15	10	31	14	00	00	24.00	40.47
15	10	31	14	15	00	23.01	37.30
15	10	31	14	30	00	22.25	40.49
15	10	31	14	45	00	22.80	40.42
15	10	31	15	00	00	23.49	40.48
15	10	31	15	15	00	23.84	40.41
15	10	31	15	30	00	24.12	39.30
15	10	31	15	45	00	23.63	37.35
15	10	31	16	00	00	22.90	41.42
15	10	31	16	15	00	23.48	39.38
15	10	31	16	30	00	23.86	39.38
15	10	31	16	45	00	24.26	39.31
15	10	31	17	00	00	23.75	40.40
15	10	31	17	15	00	23.41	38.37
15	10	31	17	30	00	22.85	39.38
15	10	31	17	45	00	23.23	40.43
15	10	31	18	00	00	23.42	40.47
15	10	31	18	15	00	23.56	40.40
15	10	31	18	30	00	23.53	40.47
15	10	31	18	45	00	23.52	41.46
15	10	31	19	00	00	22.51	41.44
15	10	31	19	15	00	22.78	41.48
15	10	31	19	30	00	23.05	44.47
15	10	31	19	45	00	23.16	43.43
15	10	31	20	00	00	23.17	43.49
15	10	31	20	15	00	23.06	41.46
15	10	31	20	30	00	21.95	43.41
15	10	31	20	45	00	22.13	43.44
15	10	31	21	00	00	22.17	43.41
15	10	31	21	15	00	22.32	44.45
15	10	31	21	30	00	22.28	44.42
15	10	31	21	45	00	22.22	44.44
15	10	31	22	00	00	22.27	45.48
15	10	31	22	15	00	22.20	47.40
15	10	31	22	30	00	22.10	48.43
15	10	31	22	45	00	21.06	44.47
15	10	31	23	00	00	21.39	49.42
15	10	31	23	15	00	21.78	48.46
15	10	31	23	30	00	21.89	49.44
15	10	31	23	45	00	21.95	49.49
15	11	01	00	00	00	21.96	49.42
15	11	01	00	15	00	21.92	49.42
15	11	01	00	30	00	21.89	49.47
15	11	01	00	45	00	21.91	49.47
15	11	01	01	00	00	21.91	48.41
15	11	01	01	15	00	21.87	48.46
15	11	01	01	30	00	21.81	48.46
15	11	01	01	45	00	21.84	48.41
15	11	01	02	00	00	21.76	49.46
15	11	01	02	15	00	21.10	52.57
15	11	01	02	30	00	20.79	54.57
15	11	01	02	45	00	20.37	55.58
15	11	01	03	00	00	20.57	55.56
15	11	01	03	15	00	20.57	55.50
15	11	01	03	30	00	20.52	56.51
15	11	01	03	45	00	20.54	56.57
15	11	01	04	00	00	20.49	56.52
15	11	01	04	15	00	20.43	57.54
15	11	01	04	30	00	20.38	57.55
15	11	01	04	45	00	20.52	57.53
15	11	01	05	00	00	20.56	56.50
15	11	01	05	15	00	20.39	57.51
15	11	01	05	30	00	20.39	56.54
15	11	01	05	45	00	20.38	57.52
15	11	01	06	00	00	20.37	57.59
15	11	01	06	15	00	20.31	57.55
15	11	01	06	30	00	20.28	57.59
15	11	01	06	45	00	20.38	57.50
15	11	01	07	00	00	20.45	56.57
15	11	01	07	15	00	20.34	57.52
15	11	01	07	30	00	20.31	57.57
15	11	01	07	45	00	20.31	56.58
15	11	01	08	00	00	20.25	57.54
15	11	01	08	15	00	20.20	58.54
15	11	01	08	30	00	20.23	58.52
15	11	01	08	45	00	20.48	57.57
15	11	01	09	00	00	20.70	58.55
15	11	01	09	15	00	20.75	57.51
15	11	01	09	30	00	20.78	57.57
15	11	01	09	45	00	20.88	58.50
15	11	01	10	00	00	21.00	57.58
15	11	01	10	15	00	20.99	57.54
15	11	01	10	30	00	21.10	57.57
15	11	01	10	45	00	21.18	57.55
15	11	01	11	00	00	21.53	55.50
15	11	01	11	15	00	21.67	54.50
15	11	01	11	30	00	21.66	57.52
15	11	01	11	45	00	21.58	58.56
15	11	01	12	00	00	21.62	59.51
15	11	01	12	15	00	21.63	59.56
15	11	01	12	30	00	20.88	60.63
15	11	01	12	45	00	20.74	56.59
15	11	01	13	00	00	21.04	60.67
15	11	01	13	15	00	21.03	61.66
15	11	01	13	30	00	21.53	57.55
15	11	01	13	45	00	21.76	56.51
15	11	01	14	00	00	21.84	58.57
15	11	01	14	15	00	21.98	57.50
15	11	01	14	30	00	22.13	56.59
15	11	01	14	45	00	22.28	58.56
15	11	01	15	00	00	22.58	60.61
15	11	01	15	15	00	22.79	59.56
15	11	01	15	30	00	22.80	57.56
15	11	01	15	45	00	22.73	55.52
15	11	01	16	00	00	22.68	56.54
15	11	01	16	15	00	22.67	56.59
15	11	01	16	30	00	22.79	59.53
15	11	01	16	45	00	22.56	61.68
15	11	01	17	00	00	22.43	66.65
15	11	01	17	15	00	22.42	65.63
15	11	01	17	30	00	22.45	63.66
15	11	01	17	45	00	22.45	62.64
15	11	01	18	00	00	22.40	62.68
15	11	01	18	15	00	22.83	57.57
15	11	01	18	30	00	22.94	57.56
15	11	01	18	45	00	22.91	57.59
15	11	01	19	00	00	22.86	57.54
15	11	01	19	15	00	22.90	57.55
15	11	01	19	30	00	22.90	57.57
15	11	01	19	45	00	22.27	63.65
15	11	01	20	00	00	22.09	64.69
15	11	01	20	15	00	22.02	64.67
15	11	01	20	30	00	22.03	65.62
15	11	01	20	45	00	22.07	64.68
15	11	01	21	00	00	22.18	64.60
15	11	01	21	15	00	21.89	67.69
15	11	01	21	30	00	21.78	68.66
15	11	01	21	45	00	21.76	69.64
15	11	01	22	00	00	21.89	68.60
15	11	01	22	15	00	21.93	66.69
15	11	01	22	30	00	22.06	66.68
15	11	01	22	45	00	22.10	66.61
15	11	01	23	00	00	21.58	68.62
15	11	01	23	15	00	21.98	66.65
15	11	01	23	30	00	21.66	63.68
15	11	01	23	45	00	21.44	63.62
15	11	02	00	00	00	21.25	64.60
15	11	02	00	15	00	21.06	63.66
15	11	02	00	30	00	20.82	63.67
15	11	02	00	45	00	20.65	63.65
15	11	02	01	00	00	20.71	62.66
15	11	02	01	15	00	20.65	62.61
15	11	02	01	30	00	20.41	63.68
15	11	02	01	45	00	20.02	64.62
15	11	02	02	00	00	19.93	63.60
15	11	02	02	15	00	19.84	63.66
15	11	02	02	30	00	19.68	64.61
15	11	02	02	45	00	19.75	64.62
15	11	02	03	00	00	19.75	64.61
15	11	02	03	15	00	19.82	63.63
15	11	02	03	30	00	19.71	64.66
15	11	02	03	45	00	19.57	64.69
15	11	02	04	00	00	19.47	64.63
15	11	02	04	15	00	19.50	64.62
15	11	02	04	30	00	19.57	64.62
15	11	02	04	45	00	19.39	64.66
15	11	02	05	00	00	19.28	64.65
15	11	02	05	15	00	19.29	65.61
15	11	02	05	30	00	19.38	64.62
15	11	02	05	45	00	19.31	65.62
15	11	02	06	00	00	19.13	65.68
15	11	02	06	15	00	19.04	66.66
15	11	02	06	30	00	19.06	66.68
15	11	02	06	45	00	19.09	65.62
15	11	02	07	00	00	18.96	66.68
15	11	02	07	15	00	18.88	66.66
15	11	02	07	30	00	18.78	66.60
15	11	02	07	45	00	20.50	59.53
15	11	02	08	00	00	20.82	57.51
15	11	02	08	15	00	20.90	57.52
15	11	02	08	30	00	20.90	56.59
15	11	02	08	45	00	20.96	56.54
15	11	02	09	00	00	20.61	58.57
15	11	02	09	15	00	20.79	57.56
15	11	02	09	30	00	20.82	57.54
15	11	02	09	45	00	21.10	64.64
15	11	02	10	00	00	21.23	58.56
15	11	02	10	15	00	21.25	56.58
15	11	02	10	30	00	20.09	60.68
15	11	02	10	45	00	19.25	63.69
15	11	02	11	00	00	18.93	64.66
15	11	02	11	15	00	18.82	64.66
15	11	02	11	30	00	18.80	63.65
15	11	02	11	45	00	19.39	62.62
15	11	02	12	00	00	20.49	57.51
15	11	02	12	15	00	20.92	57.52
15	11	02	12	30	00	21.11	55.54
15	11	02	12	45	00	20.28	56.52
15	11	02	13	00	00	20.93	55.57
15	11	02	13	15	00	21.17	54.52
15	11	02	13	30	00	21.29	54.52
15	11	02	13	45	00	21.40	53.56
15	11	02	14	00	00	21.53	53.54
15	11	02	14	15	00	21.60	53.58
15	11	02	14	30	00	21.63	52.53
15	11	02	14	45	00	21.60	52.53
15	11	02	15	00	00	21.62	53.51
15	11	02	15	15	00	21.66	53.55
15	11	02	15	30	00	21.64	52.56
15	11	02	15	45	00	21.58	53.59
15	11	02	16	00	00	21.64	66.60
15	11	02	16	15	00	25.07	54.50
15	11	02	16	30	00	27.37	46.44
15	11	02	16	45	00	28.58	42.48
15	11	02	17	00	00	27.30	43.43
15	11	02	17	15	00	25.43	46.40
15	11	02	17	30	00	24.63	48.41
15	11	02	17	45	00	24.11	49.49
15	11	02	18	00	00	23.93	50.55
15	11	02	18	15	00	23.71	50.58
15	11	02	18	30	00	23.53	49.43
15	11	02	18	45	00	23.17	50.58
15	11	02	19	00	00	23.17	49.41
15	11	02	19	15	00	22.95	50.53
15	11	02	19	30	00	22.79	50.50
15	11	02	19	45	00	22.68	49.43
15	11	02	20	00	00	22.60	50.53
15	11	02	20	15	00	22.53	50.56
15	11	02	20	30	00	22.38	50.57
15	11	02	20	45	00	22.25	50.59
15	11	02	21	00	00	22.21	50.57
15	11	02	21	15	00	22.11	50.59
15	11	02	21	30	00	22.09	49.49
15	11	02	21	45	00	22.00	49.45
15	11	02	22	00	00	21.88	49.41
15	11	02	22	15	00	21.33	50.55
15	11	02	22	30	00	21.63	49.46
15	11	02	22	45	00	21.67	49.40
15	11	02	23	00	00	21.59	49.47
15	11	02	23	15	00	21.48	49.40
15	11	02	23	30	00	21.41	48.45
15	11	02	23	45	00	21.41	48.46
15	11	03	00	00	00	21.36	48.46
15	11	03	00	15	00	21.30	48.46
15	11	03	00	30	00	21.25	48.40
15	11	03	00	45	00	21.25	47.44
15	11	03	01	00	00	18.77	51.53
15	11	03	01	15	00	18.08	54.50
15	11	03	01	30	00	17.87	54.54
15	11	03	01	45	00	17.75	53.56
15	11	03	02	00	00	17.76	53.54
15	11	03	02	15	00	17.86	52.57
15	11	03	02	30	00	17.75	52.57
15	11	03	02	45	00	17.65	51.52
15	11	03	03	00	00	17.56	51.57
15	11	03	03	15	00	17.52	50.50
15	11	03	03	30	00	17.47	50.53
15	11	03	03	45	00	17.31	50.56
15	11	03	04	00	00	17.22	50.58
15	11	03	04	15	00	17.05	50.57
15	11	03	04	30	00	17.26	49.47
15	11	03	04	45	00	20.31	43.46
15	11	03	05	00	00	21.74	40.40
15	11	03	05	15	00	18.92	47.49
15	11	03	05	30	00	17.99	48.44
15	11	03	05	45	00	17.53	49.40
15	11	03	06	00	00	17.24	49.47
15	11	03	06	15	00	16.90	49.44
15	11	03	06	30	00	16.65	49.48
15	11	03	06	45	00	17.70	47.46
15	11	03	07	00	00	20.02	41.46
15	11	03	07	15	00	19.51	42.40
15	11	03	07	30	00	17.52	47.43
15	11	03	07	45	00	16.90	48.48
15	11	03	08	00	00	16.73	49.47
15	11	03	08	15	00	16.58	49.43
15	11	03	08	30	00	16.91	48.44
15	11	03	08	45	00	17.87	46.46
15	11	03	09	00	00	18.92	44.42
15	11	03	09	15	00	19.65	42.43
15	11	03	09	30	00	20.25	41.44
15	11	03	09	45	00	20.72	41.42
15	11	03	10	00	00	20.93	39.36
15	11	03	10	15	00	21.17	39.38
15	11	03	10	30	00	21.88	40.40
15	11	03	10	45	00	22.36	40.48
15	11	03	11	00	00	22.49	39.31
15	11	03	11	15	00	22.49	38.37
15	11	03	11	30	00	22.43	39.30
15	11	03	11	45	00	22.32	38.35
15	11	03	12	00	00	21.85	37.36
15	11	03	12	15	00	21.98	38.35
15	11	03	12	30	00	21.98	38.37
15	11	03	12	45	00	22.06	38.37
15	11	03	13	00	00	22.04	38.32
15	11	03	13	15	00	22.02	38.37
15	11	03	13	30	00	22.00	37.35
15	11	03	13	45	00	21.98	38.30
15	11	03	14	00	00	21.95	38.33
15	11	03	14	15	00	21.93	38.38
15	11	03	14	30	00	21.93	37.30
15	11	03	14	45	00	21.89	37.31
15	11	03	15	00	00	21.88	37.31
15	11	03	15	15	00	21.82	36.36
15	11	03	15	30	00	21.78	37.31
15	11	03	15	45	00	21.74	36.39
15	11	03	16	00	00	21.67	36.34
15	11	03	16	15	00	21.64	37.31
15	11	03	16	30	00	21.64	37.36
15	11	03	16	45	00	21.66	37.36
15	11	03	17	00	00	21.60	37.31
15	11	03	17	15	00	21.56	37.36
15	11	03	17	30	00	21.53	37.36
15	11	03	17	45	00	21.53	37.38
15	11	03	18	00	00	21.47	37.38
15	11	03	18	15	00	21.43	49.44
15	11	03	18	30	00	21.73	42.48
15	11	03	18	45	00	21.74	40.40
15	11	03	19	00	00	21.62	41.45
15	11	03	19	15	00	21.50	41.49
15	11	03	19	30	00	21.34	40.42
15	11	03	19	45	00	21.23	40.44
15	11	03	20	00	00	21.21	40.40
15	11	03	20	15	00	21.18	40.40
15	11	03	20	30	00	21.08	40.40
15	11	03	20	45	00	19.68	38.32
15	11	03	21	00	00	18.77	40.42
15	11	03	21	15	00	18.88	40.42
15	11	03	21	30	00	19.21	38.33
15	11	03	21	45	00	19.71	41.44
15	11	03	22	00	00	22.31	37.31
15	11	03	22	15	00	25.24	32.31
15	11	03	22	30	00	26.75	30.34
15	11	03	22	45	00	27.74	29.29
15	11	03	23	00	00	25.76	32.31
15	11	03	23	15	00	24.26	34.35
15	11	03	23	30	00	23.55	35.37
15	11	03	23	45	00	23.10	36.36
15	11	04	00	00	00	22.78	36.32
15	11	04	00	15	00	22.51	36.34
15	11	04	00	30	00	22.27	36.39
15	11	04	00	45	00	22.10	36.34
15	11	04	01	00	00	22.00	36.39
15	11	04	01	15	00	21.93	35.39
15	11	04	01	30	00	21.76	36.34
15	11	04	01	45	00	21.63	36.34
15	11	04	02	00	00	21.53	36.31
15	11	04	02	15	00	21.47	36.34
15	11	04	02	30	00	21.34	36.32
15	11	04	02	45	00	21.18	36.31
15	11	04	03	00	00	21.03	36.37
15	11	04	03	15	00	20.99	36.32
15	11	04	03	30	00	20.92	36.34
15	11	04	03	45	00	20.79	36.32
15	11	04	04	00	00	20.68	36.39
15	11	04	04	15	00	20.63	36.36
15	11	04	04	30	00	20.63	36.34
15	11	04	04	45	00	20.53	36.31
15	11	04	05	00	00	20.43	36.31
15	11	04	05	15	00	20.35	36.32
15	11	04	05	30	00	20.34	35.32
15	11	04	05	45	00	20.28	35.34
15	11	04	06	00	00	20.17	35.37
15	11	04	06	15	00	20.09	35.32
15	11	04	06	30	00	20.05	35.35
15	11	04	06	45	00	20.07	35.30
15	11	04	07	00	00	19.95	36.37
15	11	04	07	15	00	19.82	36.39
15	11	04	07	30	00	19.72	35.39
15	11	04	07	45	00	19.68	35.35
15	11	04	08	00	00	19.94	35.30
15	11	04	08	15	00	20.60	34.37
15	11	04	08	30	00	20.16	34.32
15	11	04	08	45	00	20.13	34.38
15	11	04	09	00	00	20.32	32.34
15	11	04	09	15	00	20.74	32.33
15	11	04	09	30	00	21.04	31.38
15	11	04	09	45	00	21.37	31.39
15	11	04	10	00	00	21.66	31.39
15	11	04	10	15	00	21.85	31.31
15	11	04	10	30	00	21.10	30.34
15	11	04	10	45	00	20.94	30.31
15	11	04	11	00	00	21.43	31.34
15	11	04	11	15	00	21.67	31.36
15	11	04	11	30	00	21.70	31.39
15	11	04	11	45	00	21.63	31.36
15	11	04	12	00	00	21.51	30.34
15	11	04	12	15	00	21.37	30.37
15	11	04	12	30	00	21.50	33.33
15	11	04	12	45	00	24.55	28.24
15	11	04	13	00	00	23.16	29.26
15	11	04	13	15	00	22.42	30.31
15	11	04	13	30	00	22.09	30.39
15	11	04	13	45	00	21.89	30.31
15	11	04	14	00	00	21.84	30.34
15	11	04	14	15	00	21.77	30.34
15	11	04	14	30	00	21.63	29.21
15	11	04	14	45	00	21.56	29.26
15	11	04	15	00	00	21.51	29.26
15	11	04	15	15	00	21.48	29.21
15	11	04	15	30	00	21.33	29.26
15	11	04	15	45	00	21.19	29.21
15	11	04	16	00	00	21.12	29.21
15	11	04	16	15	00	21.06	29.26
15	11	04	16	30	00	21.06	29.24
15	11	04	16	45	00	21.01	29.26
15	11	04	17	00	00	21.08	30.36
15	11	04	17	15	00	21.10	31.39
15	11	04	17	30	00	21.11	32.36
15	11	04	17	45	00	21.14	31.31
15	11	04	18	00	00	21.17	31.34
15	11	04	18	15	00	21.15	31.33
15	11	04	18	30	00	21.12	32.38
15	11	04	18	45	00	21.11	32.38
15	11	04	19	00	00	21.06	32.31
15	11	04	19	15	00	20.89	31.31
15	11	04	19	30	00	20.78	32.38
15	11	04	19	45	00	20.68	32.36
15	11	04	20	00	00	20.60	32.31
15	11	04	20	15	00	20.49	33.31
15	11	04	20	30	00	20.52	33.38
15	11	04	20	45	00	20.53	33.35
15	11	04	21	00	00	20.53	33.30
15	11	04	21	15	00	20.52	33.38
15	11	04	21	30	00	20.50	33.33
15	11	04	21	45	00	20.49	33.33
15	11	04	22	00	00	20.48	33.33
15	11	04	22	15	00	20.45	33.31
15	11	04	22	30	00	20.41	33.31
15	11	04	22	45	00	20.37	33.31
15	11	04	23	00	00	19.73	33.31
15	11	04	23	15	00	19.51	33.34
15	11	04	23	30	00	19.32	33.38
15	11	04	23	45	00	19.44	33.33
15	11	05	00	00	00	20.16	33.31
15	11	05	00	15	00	20.68	32.38
15	11	05	00	30	00	21.21	32.38
15	11	05	00	45	00	21.78	33.33
15	11	05	01	00	00	22.00	33.31
15	11	05	01	15	00	21.96	32.38
15	11	05	01	30	00	21.91	32.39
15	11	05	01	45	00	21.87	33.36
15	11	05	02	00	00	21.81	33.38
15	11	05	02	15	00	21.71	33.31
15	11	05	02	30	00	21.60	33.33
15	11	05	02	45	00	21.50	33.35
15	11	05	03	00	00	21.41	33.38
15	11	05	03	15	00	21.30	33.30
15	11	05	03	30	00	21.14	33.33
15	11	05	03	45	00	21.01	33.38
15	11	05	04	00	00	20.90	34.35
15	11	05	04	15	00	21.11	35.33
15	11	05	04	30	00	21.47	35.37
15	11	05	04	45	00	21.76	34.32
15	11	05	05	00	00	22.10	34.38
15	11	05	05	15	00	22.21	32.36
15	11	05	05	30	00	21.98	32.31
15	11	05	05	45	00	21.81	32.38
15	11	05	06	00	00	21.64	32.33
15	11	05	06	15	00	21.50	33.36
15	11	05	06	30	00	21.33	33.35
15	11	05	06	45	00	21.17	33.33
15	11	05	07	00	00	21.01	33.35
15	11	05	07	15	00	20.88	33.38
15	11	05	07	30	00	21.30	34.35
15	11	05	07	45	00	21.59	34.35
15	11	05	08	00	00	21.91	34.38
15	11	05	08	15	00	22.00	33.38
15	11	05	08	30	00	21.81	33.33
15	11	05	08	45	00	21.69	33.36
15	11	05	09	00	00	21.51	33.38
15	11	05	09	15	00	21.40	33.38
15	11	05	09	30	00	21.30	34.38
15	11	05	09	45	00	21.36	34.37
15	11	05	10	00	00	21.36	34.32
15	11	05	10	15	00	21.37	35.30
15	11	05	10	30	00	21.37	35.38
15	11	05	10	45	00	21.37	35.30
15	11	05	11	00	00	21.39	35.30
15	11	05	11	15	00	21.39	35.32
15	11	05	11	30	00	21.34	34.37
15	11	05	11	45	00	21.32	35.30
15	11	05	12	00	00	21.33	35.35
15	11	05	12	15	00	21.30	34.35
15	11	05	12	30	00	21.34	35.32
15	11	05	12	45	00	21.34	34.30
15	11	05	13	00	00	21.33	34.35
15	11	05	13	15	00	21.33	34.38
15	11	05	13	30	00	21.34	34.33
15	11	05	13	45	00	21.36	34.30
15	11	05	14	00	00	21.37	35.35
15	11	05	14	15	00	21.41	35.32
15	11	05	14	30	00	21.44	35.39
15	11	05	14	45	00	21.48	36.39
15	11	05	15	00	00	21.55	38.39
15	11	05	15	15	00	21.60	38.30
15	11	05	15	30	00	21.64	37.38
15	11	05	15	45	00	21.67	37.33
15	11	05	16	00	00	21.70	37.38
15	11	05	16	15	00	21.70	36.31
15	11	05	16	30	00	21.74	37.34
15	11	05	16	45	00	21.77	36.36
15	11	05	17	00	00	21.80	36.32
15	11	05	17	15	00	21.74	36.34
15	11	05	17	30	00	21.73	35.39
15	11	05	17	45	00	21.67	35.32
15	11	05	18	00	00	21.63	35.35
15	11	05	18	15	00	21.59	36.36
15	11	05	18	30	00	21.51	36.39
15	11	05	18	45	00	21.43	36.34
15	11	05	19	00	00	21.41	36.36
15	11	05	19	15	00	21.36	37.31
15	11	05	19	30	00	21.29	37.38
15	11	05	19	45	00	21.21	37.36
15	11	05	20	00	00	21.12	37.31
15	11	05	20	15	00	21.07	37.31
15	11	05	20	30	00	21.03	37.38
15	11	05	20	45	00	21.01	37.39
15	11	05	21	00	00	21.14	37.31
15	11	05	21	15	00	21.15	37.34
15	11	05	21	30	00	21.15	37.38
15	11	05	21	45	00	21.15	37.31
15	11	05	22	00	00	21.11	36.36
15	11	05	22	15	00	21.14	37.33
15	11	05	22	30	00	21.15	37.31
15	11	05	22	45	00	21.17	36.39
15	11	05	23	00	00	21.12	37.31
15	11	05	23	15	00	21.14	37.33
15	11	05	23	30	00	21.12	37.30
15	11	05	23	45	00	21.11	37.30
15	11	06	00	00	00	21.06	37.33
15	11	06	00	15	00	21.04	37.38
15	11	06	00	30	00	21.00	37.33
15	11	06	00	45	00	20.94	36.31
15	11	06	01	00	00	20.89	37.36
15	11	06	01	15	00	20.85	36.39
15	11	06	01	30	00	20.78	36.34
15	11	06	01	45	00	20.71	36.36
15	11	06	02	00	00	20.63	36.36
15	11	06	02	15	00	20.54	36.36
15	11	06	02	30	00	20.48	36.39
15	11	06	02	45	00	20.42	36.39
15	11	06	03	00	00	20.37	35.37
15	11	06	03	15	00	20.34	36.32
15	11	06	03	30	00	20.27	35.39
15	11	06	03	45	00	20.20	35.37
15	11	06	04	00	00	20.16	35.35
15	11	06	04	15	00	20.08	35.35
15	11	06	04	30	00	20.02	35.32
15	11	06	04	45	00	19.98	35.37
15	11	06	05	00	00	19.93	35.32
15	11	06	05	15	00	19.87	35.35
15	11	06	05	30	00	19.82	35.37
15	11	06	05	45	00	19.76	35.39
15	11	06	06	00	00	19.71	35.32
15	11	06	06	15	00	19.67	35.32
15	11	06	06	30	00	19.60	35.37
15	11	06	06	45	00	19.57	36.32
15	11	06	07	00	00	19.51	36.37
15	11	06	07	15	00	19.46	36.32
15	11	06	07	30	00	19.39	36.37
15	11	06	07	45	00	19.33	36.34
15	11	06	08	00	00	19.28	36.32
15	11	06	08	15	00	19.24	36.39
15	11	06	08	30	00	19.20	36.36
15	11	06	08	45	00	19.26	37.33
15	11	06	09	00	00	19.21	36.34
15	11	06	09	15	00	19.28	35.30
15	11	06	09	30	00	19.38	35.37
15	11	06	09	45	00	19.50	34.37
15	11	06	10	00	00	19.60	34.35
15	11	06	10	15	00	19.69	35.32
15	11	06	10	30	00	19.84	36.32
15	11	06	10	45	00	19.95	36.34
15	11	06	11	00	00	20.04	36.36
15	11	06	11	15	00	20.11	36.36
15	11	06	11	30	00	20.21	36.39
15	11	06	11	45	00	20.27	36.34
15	11	06	12	00	00	20.35	36.32
15	11	06	12	15	00	20.38	35.30
15	11	06	12	30	00	20.46	36.37
15	11	06	12	45	00	20.54	36.34
15	11	06	13	00	00	20.61	36.34
15	11	06	13	15	00	21.10	36.37
15	11	06	13	30	00	21.58	36.32
15	11	06	13	45	00	22.20	36.39
15	11	06	14	00	00	22.68	35.37
15	11	06	14	15	00	22.75	35.37
15	11	06	14	30	00	22.76	34.35
15	11	06	14	45	00	22.80	35.30
15	11	06	15	00	00	22.90	34.38
15	11	06	15	15	00	22.89	34.35
15	11	06	15	30	00	22.86	33.36
15	11	06	15	45	00	22.82	33.33
15	11	06	16	00	00	22.78	33.36
15	11	06	16	15	00	22.73	33.38
15	11	06	16	30	00	22.69	33.38
15	11	06	16	45	00	22.65	33.38
15	11	06	17	00	00	22.61	33.33
15	11	06	17	15	00	22.57	33.31
15	11	06	17	30	00	22.51	33.36
15	11	06	17	45	00	22.49	34.35
15	11	06	18	00	00	22.45	34.38
15	11	06	18	15	00	22.43	35.32
15	11	06	18	30	00	22.39	35.37
15	11	06	18	45	00	22.38	35.39
15	11	06	19	00	00	22.39	37.36
15	11	06	19	15	00	22.40	37.35
15	11	06	19	30	00	22.35	37.33
15	11	06	19	45	00	22.31	37.35
15	11	06	20	00	00	22.27	37.31
15	11	06	20	15	00	22.24	37.39
15	11	06	20	30	00	22.18	37.38
15	11	06	20	45	00	22.04	37.33
15	11	06	21	00	00	21.87	37.33
15	11	06	21	15	00	21.85	37.33
15	11	06	21	30	00	21.74	37.33
15	11	06	21	45	00	21.67	37.33
15	11	06	22	00	00	21.59	37.33
15	11	06	22	15	00	21.51	38.30
15	11	06	22	30	00	21.37	38.30
15	11	06	22	45	00	21.32	38.30
15	11	06	23	00	00	21.23	38.38
15	11	06	23	15	00	21.06	38.37
15	11	06	23	30	00	21.19	38.30
15	11	06	23	45	00	21.33	38.35
15	11	07	00	00	00	21.40	38.32
15	11	07	00	15	00	21.41	37.38
15	11	07	00	30	00	21.41	37.38
15	11	07	00	45	00	21.39	37.35
15	11	07	01	00	00	21.36	37.30
15	11	07	01	15	00	21.34	37.35
15	11	07	01	30	00	21.33	37.35
15	11	07	01	45	00	21.28	37.30
15	11	07	02	00	00	21.21	37.33
15	11	07	02	15	00	21.15	37.38
15	11	07	02	30	00	21.10	37.35
15	11	07	02	45	00	20.60	38.32
15	11	07	03	00	00	20.27	39.33
15	11	07	03	15	00	20.17	40.45
15	11	07	03	30	00	19.94	40.49
15	11	07	03	45	00	20.60	39.36
15	11	07	04	00	00	21.04	39.34
15	11	07	04	15	00	20.85	39.31
15	11	07	04	30	00	20.52	39.33
15	11	07	04	45	00	20.23	39.30
15	11	07	05	00	00	20.01	40.43
15	11	07	05	15	00	19.89	40.48
15	11	07	05	30	00	19.89	40.49
15	11	07	05	45	00	19.54	41.49
15	11	07	06	00	00	20.11	40.43
15	11	07	06	15	00	20.64	39.31
15	11	07	06	30	00	21.15	38.35
15	11	07	06	45	00	20.37	39.39
15	11	07	07	00	00	19.86	39.36
15	11	07	07	15	00	19.61	39.38
15	11	07	07	30	00	19.64	39.38
15	11	07	07	45	00	19.42	40.43
15	11	07	08	00	00	19.83	40.43
15	11	07	08	15	00	20.49	39.39
15	11	07	08	30	00	20.97	38.37
15	11	07	08	45	00	20.89	38.32
15	11	07	09	00	00	20.67	38.37
15	11	07	09	15	00	20.70	38.30
15	11	07	09	30	00	20.72	38.30
15	11	07	09	45	00	20.83	38.32
15	11	07	10	00	00	20.97	39.39
15	11	07	10	15	00	21.07	39.34
15	11	07	10	30	00	21.15	38.37
15	11	07	10	45	00	21.26	38.34
15	11	07	11	00	00	21.34	38.37
15	11	07	11	15	00	21.43	38.30
15	11	07	11	30	00	21.48	38.32
15	11	07	11	45	00	21.53	38.35
15	11	07	12	00	00	21.58	38.32
15	11	07	12	15	00	21.60	37.30
15	11	07	12	30	00	21.62	37.38
15	11	07	12	45	00	21.66	37.33
15	11	07	13	00	00	21.66	37.35
15	11	07	13	15	00	21.69	37.35
15	11	07	13	30	00	21.69	37.35
15	11	07	13	45	00	21.67	37.33
15	11	07	14	00	00	21.73	38.37
15	11	07	14	15	00	21.76	38.30
15	11	07	14	30	00	21.78	37.38
15	11	07	14	45	00	21.78	37.33
15	11	07	15	00	00	21.81	37.33
15	11	07	15	15	00	21.81	37.39
15	11	07	15	30	00	21.82	37.33
15	11	07	15	45	00	21.81	37.36
15	11	07	16	00	00	21.82	39.31
15	11	07	16	15	00	21.84	39.37
15	11	07	16	30	00	21.84	38.37
15	11	07	16	45	00	21.84	37.38
15	11	07	17	00	00	21.81	37.31
15	11	07	17	15	00	21.85	38.30
15	11	07	17	30	00	21.91	38.35
15	11	07	17	45	00	21.92	38.35
15	11	07	18	00	00	21.93	37.38
15	11	07	18	15	00	21.92	37.35
15	11	07	18	30	00	21.93	38.32
15	11	07	18	45	00	21.95	38.32
15	11	07	19	00	00	21.93	39.32
15	11	07	19	15	00	21.95	39.37
15	11	07	19	30	00	22.03	39.38
15	11	07	19	45	00	22.11	40.45
15	11	07	20	00	00	22.17	40.44
15	11	07	20	15	00	22.22	40.42
15	11	07	20	30	00	22.21	41.44
15	11	07	20	45	00	22.10	41.46
15	11	07	21	00	00	22.06	42.45
15	11	07	21	15	00	22.00	42.43
15	11	07	21	30	00	21.95	42.48
15	11	07	21	45	00	21.89	41.46
15	11	07	22	00	00	21.88	41.45
15	11	07	22	15	00	21.87	40.47
15	11	07	22	30	00	21.91	40.45
15	11	07	22	45	00	21.88	40.43
15	11	07	23	00	00	21.91	39.33
15	11	07	23	15	00	21.89	39.31
15	11	07	23	30	00	21.88	39.34
15	11	07	23	45	00	21.78	39.34
15	11	08	00	00	00	21.81	39.30
15	11	08	00	15	00	21.76	38.37
15	11	08	00	30	00	21.76	38.37
15	11	08	00	45	00	21.73	38.39
15	11	08	01	00	00	21.71	38.37
15	11	08	01	15	00	21.69	38.39
15	11	08	01	30	00	21.67	38.32
15	11	08	01	45	00	21.60	38.34
15	11	08	02	00	00	21.59	38.32
15	11	08	02	15	00	21.34	39.31
15	11	08	02	30	00	21.03	40.43
15	11	08	02	45	00	21.21	39.38
15	11	08	03	00	00	21.22	39.30
15	11	08	03	15	00	21.19	40.46
15	11	08	03	30	00	21.14	40.45
15	11	08	03	45	00	21.08	40.40
15	11	08	04	00	00	21.04	40.40
15	11	08	04	15	00	21.01	40.47
15	11	08	04	30	00	20.94	41.44
15	11	08	04	45	00	20.89	41.41
15	11	08	05	00	00	20.86	41.43
15	11	08	05	15	00	20.82	41.43
15	11	08	05	30	00	20.77	41.44
15	11	08	05	45	00	20.71	41.48
15	11	08	06	00	00	20.65	41.48
15	11	08	06	15	00	20.61	42.43
15	11	08	06	30	00	20.57	42.45
15	11	08	06	45	00	20.53	42.40
15	11	08	07	00	00	20.48	42.40
15	11	08	07	15	00	20.42	42.43
15	11	08	07	30	00	20.38	41.41
15	11	08	07	45	00	20.31	41.46
15	11	08	08	00	00	20.28	41.41
15	11	08	08	15	00	20.23	42.45
15	11	08	08	30	00	20.23	42.40
15	11	08	08	45	00	20.24	43.47
15	11	08	09	00	00	20.23	43.40
15	11	08	09	15	00	20.24	45.48
15	11	08	09	30	00	20.25	45.49
15	11	08	09	45	00	20.25	46.48
15	11	08	10	00	00	20.30	48.40
15	11	08	10	15	00	20.31	48.42
15	11	08	10	30	00	20.34	48.45
15	11	08	10	45	00	20.38	47.45
15	11	08	11	00	00	20.32	48.45
15	11	08	11	15	00	20.35	48.40
15	11	08	11	30	00	20.38	48.43
15	11	08	11	45	00	20.39	48.48
15	11	08	12	00	00	20.39	48.43
15	11	08	12	15	00	20.39	48.45
15	11	08	12	30	00	20.42	48.48
15	11	08	12	45	00	20.43	48.45
15	11	08	13	00	00	20.43	49.47
15	11	08	13	15	00	20.43	49.47
15	11	08	13	30	00	20.46	49.49
15	11	08	13	45	00	20.48	49.49
15	11	08	14	00	00	20.49	49.47
15	11	08	14	15	00	20.50	49.44
15	11	08	14	30	00	20.56	50.53
15	11	08	14	45	00	20.60	51.56
15	11	08	15	00	00	20.67	50.59
15	11	08	15	15	00	20.92	56.50
15	11	08	15	30	00	20.97	56.51
15	11	08	15	45	00	20.97	58.52
15	11	08	16	00	00	20.93	57.51
15	11	08	16	15	00	20.89	55.51
15	11	08	16	30	00	20.85	56.59
15	11	08	16	45	00	20.81	58.52
15	11	08	17	00	00	20.83	56.53
15	11	08	17	15	00	20.96	55.50
15	11	08	17	30	00	21.08	55.55
15	11	08	17	45	00	21.19	54.54
15	11	08	18	00	00	21.26	53.54
15	11	08	18	15	00	21.37	52.50
15	11	08	18	30	00	21.40	51.59
15	11	08	18	45	00	21.46	50.53
15	11	08	19	00	00	21.55	50.54
15	11	08	19	15	00	21.58	50.50
15	11	08	19	30	00	21.59	49.46
15	11	08	19	45	00	21.58	49.47
15	11	08	20	00	00	21.53	48.45
15	11	08	20	15	00	21.53	48.46
15	11	08	20	30	00	21.50	48.45
15	11	08	20	45	00	21.43	47.42
15	11	08	21	00	00	21.40	46.42
15	11	08	21	15	00	21.67	47.43
15	11	08	21	30	00	22.10	47.44
15	11	08	21	45	00	22.65	45.42
15	11	08	22	00	00	22.67	45.49
15	11	08	22	15	00	22.58	45.43
15	11	08	22	30	00	22.50	44.46
15	11	08	22	45	00	22.46	44.44
15	11	08	23	00	00	22.42	44.43
15	11	08	23	30	00	22.75	43.41
15	11	08	23	45	00	21.91	44.44
15	11	09	00	00	00	21.56	45.43
15	11	09	00	15	00	21.36	45.45
15	11	09	00	30	00	21.28	45.47
15	11	09	00	45	00	21.19	45.47
15	11	09	01	00	00	21.14	45.45
15	11	09	01	15	00	20.97	44.49
15	11	09	01	30	00	20.86	44.41
15	11	09	01	45	00	20.74	44.46
15	11	09	02	00	00	20.61	44.48
15	11	09	02	15	00	20.53	44.44
15	11	09	02	30	00	20.52	45.41
15	11	09	02	45	00	20.41	45.40
15	11	09	03	00	00	20.31	45.47
15	11	09	03	15	00	20.24	45.40
15	11	09	03	30	00	20.24	45.47
15	11	09	03	45	00	20.09	46.43
15	11	09	04	00	00	19.97	46.46
15	11	09	04	15	00	19.87	46.45
15	11	09	04	30	00	19.83	47.42
15	11	09	04	45	00	19.80	47.42
15	11	09	05	00	00	19.72	47.46
15	11	09	05	15	00	19.65	47.43
15	11	09	05	30	00	19.58	47.43
15	11	09	05	45	00	19.55	47.48
15	11	09	06	00	00	19.49	47.45
15	11	09	06	15	00	19.39	47.45
15	11	09	06	30	00	19.33	47.45
15	11	09	06	45	00	19.32	48.40
15	11	09	07	00	00	19.28	47.43
15	11	09	07	15	00	19.20	47.48
15	11	09	07	30	00	19.13	47.48
15	11	09	07	45	00	19.09	47.45
15	11	09	08	00	00	18.51	49.44
15	11	09	08	15	00	18.93	48.46
15	11	09	08	30	00	18.92	48.44
15	11	09	08	45	00	18.89	48.46
15	11	09	09	00	00	18.88	48.43
15	11	09	09	15	00	18.86	48.46
15	11	09	09	30	00	18.82	49.47
15	11	09	09	45	00	18.80	49.42
15	11	09	10	00	00	18.84	50.53
15	11	09	10	15	00	18.84	53.58
15	11	09	10	30	00	19.11	58.54
15	11	09	10	45	00	22.38	48.47
15	11	09	11	00	00	24.37	41.41
15	11	09	11	15	00	24.94	40.45
15	11	09	11	30	00	24.85	39.39
15	11	09	11	45	00	25.95	37.33
15	11	09	12	00	00	20.74	47.42
15	11	09	12	15	00	18.85	51.56
15	11	09	12	30	00	17.94	55.54
15	11	09	12	45	00	19.98	52.54
15	11	09	13	00	00	21.15	48.46
15	11	09	13	15	00	21.36	47.43
15	11	09	13	30	00	21.48	47.49
15	11	09	13	45	00	21.59	47.41
15	11	09	14	00	00	21.59	46.46
15	11	09	14	15	00	21.55	46.47
15	11	09	14	30	00	21.53	46.45
15	11	09	14	45	00	21.47	47.40
15	11	09	15	00	00	21.47	47.47
15	11	09	15	15	00	21.50	49.46
15	11	09	15	30	00	21.47	49.48
15	11	09	15	45	00	21.39	49.42
15	11	09	16	00	00	21.37	48.42
15	11	09	16	15	00	21.39	47.41
15	11	09	16	30	00	21.41	51.52
15	11	09	16	45	00	21.39	47.43
15	11	09	17	00	00	21.32	47.42
15	11	09	17	15	00	21.22	46.48
15	11	09	17	30	00	21.14	46.46
15	11	09	17	45	00	21.11	46.48
15	11	09	18	00	00	21.06	46.44
15	11	09	18	15	00	20.97	46.44
15	11	09	18	30	00	20.90	46.42
15	11	09	18	45	00	17.65	55.52
15	11	09	19	00	00	19.68	54.52
15	11	09	19	15	00	20.41	49.42
15	11	09	19	30	00	20.61	47.41
15	11	09	19	45	00	20.67	46.48
15	11	09	20	00	00	20.68	46.48
15	11	09	20	15	00	20.64	46.41
15	11	09	20	30	00	20.74	46.42
15	11	09	20	45	00	20.74	46.43
15	11	09	21	00	00	20.71	46.45
15	11	09	21	15	00	20.57	46.46
15	11	09	21	30	00	20.52	45.42
15	11	09	21	45	00	20.48	45.45
15	11	09	22	00	00	20.38	45.47
15	11	09	22	15	00	20.31	46.40
15	11	09	22	30	00	20.30	45.42
15	11	09	22	45	00	20.27	45.43
15	11	09	23	00	00	20.24	45.41
15	11	09	23	15	00	20.19	45.43
15	11	09	23	30	00	20.09	45.42
15	11	09	23	45	00	20.04	46.42
15	11	10	00	00	00	20.02	48.44
15	11	10	00	15	00	20.00	47.43
15	11	10	00	30	00	19.93	47.44
15	11	10	00	45	00	19.84	46.42
15	11	10	01	00	00	19.80	47.44
15	11	10	01	15	00	19.76	47.49
15	11	10	01	30	00	19.72	47.43
15	11	10	01	45	00	19.73	48.49
15	11	10	02	00	00	19.72	48.45
15	11	10	02	15	00	19.61	47.40
15	11	10	02	30	00	19.42	47.43
15	11	10	02	45	00	19.33	47.43
15	11	10	03	00	00	19.20	47.43
15	11	10	03	15	00	19.07	47.46
15	11	10	03	30	00	18.96	47.47
15	11	10	03	45	00	18.89	47.49
15	11	10	04	00	00	18.84	47.42
15	11	10	04	15	00	18.74	47.49
15	11	10	04	30	00	18.66	47.49
15	11	10	04	45	00	18.58	47.49
15	11	10	05	00	00	18.59	47.47
15	11	10	05	15	00	18.51	47.43
15	11	10	05	30	00	18.43	47.48
15	11	10	05	45	00	18.34	47.46
15	11	10	06	00	00	18.33	47.46
15	11	10	06	15	00	18.30	47.45
15	11	10	06	30	00	18.22	47.42
15	11	10	06	45	00	20.61	42.49
15	11	10	07	00	00	21.15	40.42
15	11	10	07	15	00	20.02	42.49
15	11	10	07	30	00	19.46	44.42
15	11	10	07	45	00	19.10	44.49
15	11	10	08	00	00	18.86	45.40
15	11	10	08	15	00	18.69	45.43
15	11	10	08	30	00	18.61	45.42
15	11	10	08	45	00	18.58	47.49
15	11	10	09	00	00	18.88	46.43
15	11	10	09	15	00	19.22	45.43
15	11	10	09	30	00	19.69	45.43
15	11	10	09	45	00	20.16	44.47
15	11	10	10	00	00	20.56	43.44
15	11	10	10	15	00	20.89	42.45
15	11	10	10	30	00	21.11	41.46
15	11	10	10	45	00	21.25	40.44
15	11	10	11	00	00	21.30	40.47
15	11	10	11	15	00	21.33	41.49
15	11	10	11	30	00	20.85	42.42
15	11	10	11	45	00	20.49	42.45
15	11	10	12	00	00	20.94	42.43
15	11	10	12	15	00	21.33	41.49
15	11	10	12	30	00	23.96	36.39
15	11	10	12	45	00	25.71	33.33
15	11	10	13	00	00	26.77	33.36
15	11	10	13	15	00	26.55	33.33
15	11	10	13	30	00	24.84	35.35
15	11	10	13	45	00	23.89	37.36
15	11	10	14	00	00	23.31	38.33
15	11	10	14	15	00	22.89	38.37
15	11	10	14	30	00	22.67	39.36
15	11	10	14	45	00	22.51	40.49
15	11	10	15	00	00	22.32	40.42
15	11	10	15	15	00	22.27	40.42
15	11	10	15	30	00	22.17	40.42
15	11	10	15	45	00	21.99	40.45
15	11	10	16	00	00	21.93	40.40
15	11	10	16	15	00	21.84	40.40
15	11	10	16	30	00	21.73	40.43
15	11	10	16	45	00	21.63	40.45
15	11	10	17	00	00	21.56	40.42
15	11	10	17	15	00	21.33	40.44
15	11	10	17	30	00	21.34	40.42
15	11	10	17	45	00	21.26	40.47
15	11	10	18	00	00	20.79	42.43
15	11	10	18	15	00	21.00	41.41
15	11	10	18	30	00	21.01	41.49
15	11	10	18	45	00	20.96	41.44
15	11	10	19	00	00	20.88	41.48
15	11	10	19	15	00	20.90	41.49
15	11	10	19	30	00	23.42	36.36
15	11	10	19	45	00	25.28	33.31
15	11	10	20	00	00	25.49	33.33
15	11	10	20	15	00	23.77	36.39
15	11	10	20	30	00	20.49	45.46
15	11	10	20	45	00	22.04	42.48
15	11	10	21	00	00	22.07	41.48
15	11	10	21	15	00	21.96	42.47
15	11	10	21	30	00	21.77	41.48
15	11	10	21	45	00	19.33	44.44
15	11	10	22	00	00	18.54	47.42
15	11	10	22	15	00	18.50	48.44
15	11	10	22	30	00	18.55	46.45
15	11	10	22	45	00	22.33	38.32
15	11	10	23	00	00	18.73	51.58
15	11	10	23	15	00	18.22	49.43
15	11	10	23	30	00	18.23	49.48
15	11	10	23	45	00	20.41	47.47
15	11	11	00	00	00	20.83	45.45
15	11	11	00	15	00	20.86	44.49
15	11	11	00	30	00	20.78	44.47
15	11	11	00	45	00	20.67	43.43
15	11	11	01	00	00	20.57	43.44
15	11	11	01	15	00	20.49	42.49
15	11	11	01	30	00	20.38	42.47
15	11	11	01	45	00	20.25	42.40
15	11	11	02	00	00	20.17	42.40
15	11	11	02	15	00	20.08	41.48
15	11	11	02	30	00	19.97	41.41
15	11	11	02	45	00	19.90	41.41
15	11	11	03	00	00	19.83	41.44
15	11	11	03	15	00	18.22	42.40
15	11	11	03	30	00	16.39	45.44
15	11	11	03	45	00	16.04	46.40
15	11	11	04	00	00	15.76	47.43
15	11	11	04	15	00	15.52	47.43
15	11	11	04	30	00	15.29	48.49
15	11	11	04	45	00	15.09	48.42
15	11	11	05	00	00	14.98	48.41
15	11	11	05	15	00	14.83	49.42
15	11	11	05	30	00	16.44	45.45
15	11	11	05	45	00	19.86	36.37
15	11	11	06	00	00	15.80	45.45
15	11	11	06	15	00	15.07	47.49
15	11	11	06	30	00	14.76	47.40
15	11	11	06	45	00	19.04	40.48
15	11	11	07	00	00	17.29	41.41
15	11	11	07	15	00	15.50	46.46
15	11	11	07	30	00	14.87	47.46
15	11	11	07	45	00	14.35	47.46
15	11	11	08	00	00	19.73	37.35
15	11	11	08	15	00	16.43	43.43
15	11	11	08	30	00	15.23	47.49
15	11	11	08	45	00	15.48	47.45
15	11	11	09	00	00	16.21	46.43
15	11	11	09	15	00	17.11	44.46
15	11	11	09	30	00	17.72	43.46
15	11	11	09	45	00	17.70	44.49
15	11	11	10	00	00	18.55	42.42
15	11	11	10	15	00	19.10	42.45
15	11	11	10	30	00	19.42	42.44
15	11	11	10	45	00	19.55	43.48
15	11	11	11	00	00	20.11	43.49
15	11	11	11	15	00	20.50	42.40
15	11	11	11	30	00	20.59	42.45
15	11	11	11	45	00	20.60	42.43
15	11	11	12	00	00	20.54	42.45
15	11	11	12	15	00	20.49	42.47
15	11	11	12	30	00	20.46	43.47
15	11	11	12	45	00	20.45	43.43
15	11	11	13	00	00	20.43	42.45
15	11	11	13	15	00	20.48	42.45
15	11	11	13	30	00	20.48	42.43
15	11	11	13	45	00	20.37	43.49
15	11	11	14	00	00	20.30	43.46
15	11	11	14	15	00	19.91	44.47
15	11	11	14	30	00	20.23	46.43
15	11	11	14	45	00	20.38	44.40
15	11	11	15	00	00	20.49	43.41
15	11	11	15	15	00	20.48	43.48
15	11	11	15	30	00	20.45	43.46
15	11	11	15	45	00	20.43	42.42
15	11	11	16	00	00	20.39	42.47
15	11	11	16	15	00	20.34	42.42
15	11	11	16	30	00	20.30	42.44
15	11	11	16	45	00	20.27	42.47
15	11	11	17	00	00	20.23	42.49
15	11	11	17	15	00	20.20	42.47
15	11	11	17	30	00	20.17	42.49
15	11	11	17	45	00	20.17	51.54
15	11	11	18	00	00	19.25	49.42
15	11	11	18	15	00	22.28	40.48
15	11	11	18	30	00	24.80	34.35
15	11	11	18	45	00	25.94	32.34
15	11	11	19	00	00	24.59	35.37
15	11	11	19	15	00	22.98	37.35
15	11	11	19	30	00	22.27	39.34
15	11	11	19	45	00	22.10	40.47
15	11	11	20	00	00	21.81	40.45
15	11	11	20	15	00	21.43	41.46
15	11	11	20	30	00	21.19	41.48
15	11	11	20	45	00	21.00	43.48
15	11	11	21	00	00	21.23	58.55
15	11	11	21	15	00	21.18	45.40
15	11	11	21	30	00	19.35	45.48
15	11	11	21	45	00	19.57	46.44
15	11	11	22	00	00	20.31	43.43
15	11	11	22	15	00	20.30	43.48
15	11	11	22	30	00	20.43	42.47
15	11	11	22	45	00	23.39	36.36
15	11	11	23	00	00	22.86	37.36
15	11	11	23	15	00	21.64	39.31
15	11	11	23	30	00	21.04	40.45
15	11	11	23	45	00	20.64	41.42
15	11	12	00	00	00	20.27	41.49
15	11	12	00	15	00	20.08	41.46
15	11	12	00	30	00	19.87	41.41
15	11	12	00	45	00	19.72	41.46
15	11	12	01	00	00	19.60	41.41
15	11	12	01	15	00	19.47	41.46
15	11	12	01	30	00	19.33	41.46
15	11	12	01	45	00	19.17	42.45
15	11	12	02	00	00	19.21	42.45
15	11	12	02	15	00	19.20	42.48
15	11	12	02	30	00	19.13	42.45
15	11	12	02	45	00	19.03	42.45
15	11	12	03	00	00	18.96	42.40
15	11	12	03	15	00	18.95	42.40
15	11	12	03	30	00	18.86	42.43
15	11	12	03	45	00	18.73	42.43
15	11	12	04	00	00	18.56	42.45
15	11	12	04	15	00	18.47	42.43
15	11	12	04	30	00	18.41	42.40
15	11	12	04	45	00	18.28	41.46
15	11	12	05	00	00	18.19	41.46
15	11	12	05	15	00	18.10	42.43
15	11	12	05	30	00	18.04	41.49
15	11	12	05	45	00	20.30	37.30
15	11	12	06	00	00	22.06	34.35
15	11	12	06	15	00	21.96	34.38
15	11	12	06	30	00	20.37	37.36
15	11	12	06	45	00	19.65	38.37
15	11	12	07	00	00	19.21	39.31
15	11	12	07	15	00	18.89	39.33
15	11	12	07	30	00	18.65	40.45
15	11	12	07	45	00	18.48	40.40
15	11	12	08	00	00	16.22	44.47
15	11	12	08	15	00	16.26	45.40
15	11	12	08	30	00	21.26	35.30
15	11	12	08	45	00	23.01	32.36
15	11	12	09	00	00	18.56	40.48
15	11	12	09	15	00	18.14	41.43
15	11	12	09	30	00	19.53	39.31
15	11	12	09	45	00	20.39	38.34
15	11	12	10	00	00	20.88	38.37
15	11	12	10	15	00	21.19	37.36
15	11	12	10	30	00	21.36	37.36
15	11	12	10	45	00	21.43	37.39
15	11	12	11	00	00	21.47	37.35
15	11	12	11	15	00	22.49	36.32
15	11	12	11	30	00	25.28	31.39
15	11	12	11	45	00	27.22	28.26
15	11	12	12	00	00	28.05	27.21
15	11	12	12	15	00	28.93	26.26
15	11	12	12	30	00	26.08	29.24
15	11	12	12	45	00	25.02	32.31
15	11	12	13	00	00	24.52	33.33
15	11	12	13	15	00	24.08	34.38
15	11	12	13	30	00	23.77	34.37
15	11	12	13	45	00	23.50	35.35
15	11	12	14	00	00	23.26	35.37
15	11	12	14	15	00	23.09	36.37
15	11	12	14	30	00	22.95	36.32
15	11	12	14	45	00	22.79	36.34
15	11	12	15	00	00	22.76	37.33
15	11	12	15	15	00	22.71	37.33
15	11	12	15	30	00	22.67	37.38
15	11	12	15	45	00	22.58	37.36
15	11	12	16	00	00	22.53	37.39
15	11	12	16	15	00	22.20	37.31
15	11	12	16	30	00	22.10	37.36
15	11	12	16	45	00	22.06	37.35
15	11	12	17	00	00	21.89	37.35
15	11	12	17	15	00	21.87	38.35
15	11	12	17	30	00	21.99	38.30
15	11	12	17	45	00	22.02	37.30
15	11	12	18	00	00	23.57	35.37
15	11	12	18	15	00	23.32	36.37
15	11	12	18	30	00	21.55	39.31
15	11	12	18	45	00	20.82	42.40
15	11	12	19	00	00	20.50	45.48
15	11	12	19	15	00	21.67	42.45
15	11	12	19	30	00	21.81	41.47
15	11	12	19	45	00	21.82	40.42
15	11	12	20	00	00	21.73	40.45
15	11	12	20	15	00	21.62	40.43
15	11	12	20	30	00	20.42	42.43
15	11	12	20	45	00	20.13	43.49
15	11	12	21	00	00	19.68	43.46
15	11	12	21	15	00	19.67	42.44
15	11	12	21	30	00	20.45	42.43
15	11	12	21	45	00	20.82	41.42
15	11	12	22	00	00	20.92	41.42
15	11	12	22	15	00	20.89	40.49
15	11	12	22	30	00	20.82	40.47
15	11	12	22	45	00	19.44	43.44
15	11	12	23	00	00	19.02	43.40
15	11	12	23	15	00	18.92	43.41
15	11	12	23	30	00	19.22	44.42
15	11	12	23	45	00	20.08	41.48
15	11	13	00	00	00	20.25	41.46
15	11	13	00	15	00	20.30	41.41
15	11	13	00	30	00	20.27	41.47
15	11	13	00	45	00	20.25	41.47
15	11	13	01	00	00	20.17	41.42
15	11	13	01	15	00	20.13	41.47
15	11	13	01	30	00	20.00	41.44
15	11	13	01	45	00	19.86	41.49
15	11	13	02	00	00	19.76	42.48
15	11	13	02	15	00	19.71	42.48
15	11	13	02	30	00	19.60	42.45
15	11	13	02	45	00	19.47	42.48
15	11	13	03	00	00	19.36	42.42
15	11	13	03	15	00	19.29	42.45
15	11	13	03	30	00	19.28	42.40
15	11	13	03	45	00	19.17	42.40
15	11	13	04	00	00	19.06	42.40
15	11	13	04	15	00	18.98	42.47
15	11	13	04	30	00	18.89	42.48
15	11	13	04	45	00	18.92	42.45
15	11	13	05	00	00	18.91	42.48
15	11	13	05	15	00	18.84	42.40
15	11	13	05	30	00	18.69	42.40
15	11	13	05	45	00	18.56	42.40
15	11	13	06	00	00	18.47	42.43
15	11	13	06	15	00	18.44	42.45
15	11	13	06	30	00	18.30	42.43
15	11	13	06	45	00	18.21	42.40
15	11	13	07	00	00	18.11	42.43
15	11	13	07	15	00	18.05	42.45
15	11	13	07	30	00	19.87	38.39
15	11	13	07	45	00	21.89	34.37
15	11	13	08	00	00	22.95	32.38
15	11	13	08	15	00	21.23	35.37
15	11	13	08	30	00	20.24	37.33
15	11	13	08	45	00	19.82	38.32
15	11	13	09	00	00	19.73	39.34
15	11	13	09	15	00	19.90	39.31
15	11	13	09	30	00	19.97	39.38
15	11	13	09	45	00	20.50	38.32
15	11	13	10	00	00	20.83	38.33
15	11	13	10	15	00	21.07	37.30
15	11	13	10	30	00	21.28	37.35
15	11	13	10	45	00	21.43	37.39
15	11	13	11	00	00	21.56	37.36
15	11	13	11	15	00	21.59	37.31
15	11	13	11	30	00	21.12	39.33
15	11	13	11	45	00	21.39	39.36
15	11	13	12	00	00	21.40	39.36
15	11	13	12	15	00	21.39	39.34
15	11	13	12	30	00	21.40	40.45
15	11	13	12	45	00	21.51	40.40
15	11	13	13	00	00	21.53	40.45
15	11	13	13	15	00	21.50	40.42
15	11	13	13	30	00	21.46	40.48
15	11	13	13	45	00	21.40	39.38
15	11	13	14	00	00	21.30	40.42
15	11	13	14	15	00	21.22	40.43
15	11	13	14	30	00	23.10	36.34
15	11	13	14	45	00	25.45	32.36
15	11	13	15	00	00	27.27	30.39
15	11	13	15	15	00	26.21	31.34
15	11	13	15	30	00	24.73	35.30
15	11	13	15	45	00	23.95	35.37
15	11	13	16	00	00	23.50	36.34
15	11	13	16	15	00	23.17	36.31
15	11	13	16	30	00	22.90	37.36
15	11	13	16	45	00	22.71	37.35
15	11	13	17	00	00	22.58	37.38
15	11	13	17	15	00	22.10	39.32
15	11	13	17	30	00	21.51	40.48
15	11	13	17	45	00	21.41	41.46
15	11	13	18	00	00	20.83	43.42
15	11	13	18	15	00	20.65	43.44
15	11	13	18	30	00	20.60	43.48
15	11	13	18	45	00	21.51	43.48
15	11	13	19	00	00	20.57	45.40
15	11	13	19	15	00	20.92	44.46
15	11	13	19	30	00	21.01	44.44
15	11	13	19	45	00	21.53	44.40
15	11	13	20	00	00	21.70	43.48
15	11	13	20	15	00	21.71	45.40
15	11	13	20	30	00	21.73	43.44
15	11	13	20	45	00	21.67	42.40
15	11	13	21	00	00	21.63	42.49
15	11	13	21	15	00	21.74	48.48
15	11	13	21	30	00	21.99	45.42
15	11	13	21	45	00	21.80	43.46
15	11	13	22	00	00	21.53	42.47
15	11	13	22	15	00	21.11	43.44
15	11	13	22	30	00	21.19	42.47
15	11	13	22	45	00	21.07	42.43
15	11	13	23	00	00	20.92	42.49
15	11	13	23	15	00	20.82	42.45
15	11	13	23	30	00	20.71	42.45
15	11	13	23	45	00	20.65	43.46
15	11	14	00	00	00	20.54	43.46
15	11	14	00	15	00	20.54	43.41
15	11	14	00	30	00	20.46	43.46
15	11	14	00	45	00	20.31	43.41
15	11	14	01	00	00	20.20	43.46
15	11	14	01	15	00	20.08	43.43
15	11	14	01	30	00	20.02	43.49
15	11	14	01	45	00	19.97	43.49
15	11	14	02	00	00	19.83	42.44
15	11	14	02	15	00	19.72	42.44
15	11	14	02	30	00	19.61	42.44
15	11	14	02	45	00	19.60	43.44
15	11	14	03	00	00	19.53	42.49
15	11	14	03	15	00	19.42	42.44
15	11	14	03	30	00	19.31	43.44
15	11	14	03	45	00	19.25	43.44
15	11	14	04	00	00	19.22	43.49
15	11	14	04	15	00	19.11	43.44
15	11	14	04	30	00	18.99	43.42
15	11	14	04	45	00	18.91	43.46
15	11	14	05	00	00	18.85	43.49
15	11	14	05	15	00	18.80	43.46
15	11	14	05	30	00	18.68	43.41
15	11	14	05	45	00	18.56	43.46
15	11	14	06	00	00	18.50	43.43
15	11	14	06	15	00	18.47	43.46
15	11	14	06	30	00	18.37	43.43
15	11	14	06	45	00	18.28	43.43
15	11	14	07	00	00	18.18	43.41
15	11	14	07	15	00	18.10	43.45
15	11	14	07	30	00	18.05	44.42
15	11	14	07	45	00	18.05	44.45
15	11	14	08	00	00	18.04	43.45
15	11	14	08	15	00	18.00	44.42
15	11	14	08	30	00	17.94	44.47
15	11	14	08	45	00	17.97	44.40
15	11	14	09	00	00	18.10	44.45
15	11	14	09	15	00	18.41	44.47
15	11	14	09	30	00	18.23	45.45
15	11	14	09	45	00	18.11	46.48
15	11	14	10	00	00	18.52	46.49
15	11	14	10	15	00	19.09	45.47
15	11	14	10	30	00	19.75	45.40
15	11	14	10	45	00	19.84	45.45
15	11	14	11	00	00	20.05	44.46
15	11	14	11	15	00	20.50	43.42
15	11	14	11	30	00	20.67	42.49
15	11	14	11	45	00	20.70	43.42
15	11	14	12	00	00	20.71	43.42
15	11	14	12	15	00	20.74	42.47
15	11	14	12	30	00	20.74	43.42
15	11	14	12	45	00	20.75	42.47
15	11	14	13	00	00	20.72	42.49
15	11	14	13	15	00	20.72	43.42
15	11	14	13	30	00	20.72	43.43
15	11	14	13	45	00	20.67	44.47
15	11	14	14	00	00	20.59	44.47
15	11	14	14	15	00	20.50	46.44
15	11	14	14	30	00	20.45	46.45
15	11	14	14	45	00	20.28	47.42
15	11	14	15	00	00	20.31	46.48
15	11	14	15	15	00	20.16	47.44
15	11	14	15	30	00	20.08	52.51
15	11	14	15	45	00	20.31	50.54
15	11	14	16	00	00	20.39	48.43
15	11	14	16	15	00	20.37	47.43
15	11	14	16	30	00	20.38	48.46
15	11	14	16	45	00	20.37	48.45
15	11	14	17	00	00	20.37	51.57
15	11	14	17	15	00	20.38	49.42
15	11	14	17	30	00	20.00	50.57
15	11	14	17	45	00	19.06	51.53
15	11	14	18	00	00	19.18	52.55
15	11	14	18	15	00	19.25	51.51
15	11	14	18	30	00	19.09	53.53
15	11	14	18	45	00	19.24	52.55
15	11	14	19	00	00	18.91	52.50
15	11	14	19	15	00	18.70	52.54
15	11	14	19	30	00	19.90	49.45
15	11	14	19	45	00	20.11	48.46
15	11	14	20	00	00	20.17	48.47
15	11	14	20	15	00	20.16	47.41
15	11	14	20	30	00	20.02	47.46
15	11	14	20	45	00	19.91	47.49
15	11	14	21	00	00	19.83	47.42
15	11	14	21	15	00	19.79	47.44
15	11	14	21	30	00	19.80	48.48
15	11	14	21	45	00	19.76	47.45
15	11	14	22	00	00	19.67	48.47
15	11	14	22	15	00	19.65	48.40
15	11	14	22	30	00	19.61	48.40
15	11	14	22	45	00	19.57	48.42
15	11	14	23	00	00	19.51	48.47
15	11	14	23	15	00	19.47	48.40
15	11	14	23	30	00	19.46	48.40
15	11	14	23	45	00	19.39	47.43
15	11	15	00	00	00	19.36	47.43
15	11	15	00	15	00	19.29	47.47
15	11	15	00	30	00	20.07	47.46
15	11	15	00	45	00	23.59	40.46
15	11	15	01	00	00	25.43	37.33
15	11	15	01	15	00	25.38	37.31
15	11	15	01	30	00	23.23	42.48
15	11	15	01	45	00	22.49	44.47
15	11	15	02	00	00	21.82	45.47
15	11	15	02	15	00	20.99	47.42
15	11	15	02	30	00	18.88	52.59
15	11	15	02	45	00	18.39	53.54
15	11	15	03	00	00	17.86	53.56
15	11	15	03	15	00	18.03	54.59
15	11	15	03	30	00	19.49	50.57
15	11	15	03	45	00	19.80	49.42
15	11	15	04	00	00	19.95	48.48
15	11	15	04	15	00	20.00	48.46
15	11	15	04	30	00	19.97	48.46
15	11	15	04	45	00	19.97	48.44
15	11	15	05	00	00	20.54	47.42
15	11	15	05	15	00	23.38	40.42
15	11	15	05	30	00	25.46	35.32
15	11	15	05	45	00	26.68	33.33
15	11	15	06	00	00	24.87	36.39
15	11	15	06	15	00	23.31	40.48
15	11	15	06	30	00	22.50	42.48
15	11	15	06	45	00	22.00	43.43
15	11	15	07	00	00	21.62	44.46
15	11	15	07	15	00	21.30	45.42
15	11	15	07	30	00	21.11	46.44
15	11	15	07	45	00	20.97	46.45
15	11	15	08	00	00	20.78	46.42
15	11	15	08	15	00	20.61	47.49
15	11	15	08	30	00	20.48	47.41
15	11	15	08	45	00	20.39	47.44
15	11	15	09	00	00	20.32	47.46
15	11	15	09	15	00	20.20	48.40
15	11	15	09	30	00	20.08	48.44
15	11	15	09	45	00	20.00	48.43
15	11	15	10	00	00	19.97	48.41
15	11	15	10	15	00	19.97	48.45
15	11	15	10	30	00	20.00	49.46
15	11	15	10	45	00	20.13	51.59
15	11	15	11	00	00	20.37	53.50
15	11	15	11	15	00	20.85	50.51
15	11	15	11	30	00	21.19	48.47
15	11	15	11	45	00	21.40	45.45
15	11	15	12	00	00	21.48	44.44
15	11	15	12	15	00	21.58	43.41
15	11	15	12	30	00	21.64	42.45
15	11	15	12	45	00	21.66	41.41
15	11	15	13	00	00	21.63	40.47
15	11	15	13	15	00	21.66	40.47
15	11	15	13	30	00	21.60	41.47
15	11	15	13	45	00	21.50	41.46
15	11	15	14	00	00	21.44	41.49
15	11	15	14	15	00	21.37	41.49
15	11	15	14	30	00	21.34	40.49
15	11	15	14	45	00	21.32	40.40
15	11	15	15	00	00	21.32	40.48
15	11	15	15	15	00	21.29	39.38
15	11	15	15	30	00	21.23	39.38
15	11	15	15	45	00	21.18	39.31
15	11	15	16	00	00	21.46	38.37
15	11	15	16	15	00	24.87	35.33
15	11	15	16	30	00	25.86	32.31
15	11	15	16	45	00	24.12	35.34
15	11	15	17	00	00	23.21	36.37
15	11	15	17	15	00	22.68	36.34
15	11	15	17	30	00	22.31	36.36
15	11	15	17	45	00	22.06	36.36
15	11	15	18	00	00	21.87	37.35
15	11	15	18	15	00	21.69	37.38
15	11	15	18	30	00	21.53	37.38
15	11	15	18	45	00	21.40	37.35
15	11	15	19	00	00	21.26	37.36
15	11	15	19	15	00	21.15	37.31
15	11	15	19	30	00	22.67	34.38
15	11	15	19	45	00	25.42	30.34
15	11	15	20	00	00	26.96	28.21
15	11	15	20	15	00	26.24	29.22
15	11	15	20	30	00	24.15	33.38
15	11	15	20	45	00	22.39	36.36
15	11	15	21	00	00	22.56	35.32
15	11	15	21	15	00	22.32	35.35
15	11	15	21	30	00	22.10	36.32
15	11	15	21	45	00	21.91	36.34
15	11	15	22	00	00	21.70	35.34
15	11	15	22	15	00	21.51	35.32
15	11	15	22	30	00	21.59	35.38
15	11	15	22	45	00	24.59	30.36
15	11	15	23	00	00	25.88	28.21
15	11	15	23	15	00	23.81	31.34
15	11	15	23	30	00	22.79	33.38
15	11	15	23	45	00	22.35	35.30
15	11	16	00	00	00	22.03	34.35
15	11	16	00	15	00	21.80	35.38
15	11	16	00	30	00	21.53	34.35
15	11	16	00	45	00	21.37	35.35
15	11	16	01	00	00	21.21	35.39
15	11	16	01	15	00	21.04	36.34
15	11	16	01	30	00	20.89	36.32
15	11	16	01	45	00	20.63	36.34
15	11	16	02	00	00	20.46	37.34
15	11	16	02	15	00	20.32	37.36
15	11	16	02	30	00	20.20	37.33
15	11	16	02	45	00	20.07	37.33
15	11	16	03	00	00	20.02	38.33
15	11	16	03	15	00	19.89	37.38
15	11	16	03	30	00	19.75	36.34
15	11	16	03	45	00	19.61	36.37
15	11	16	04	00	00	19.54	36.34
15	11	16	04	15	00	19.47	35.39
15	11	16	04	30	00	19.33	35.35
15	11	16	04	45	00	19.22	35.30
15	11	16	05	00	00	19.14	35.32
15	11	16	05	15	00	19.11	36.32
15	11	16	05	30	00	19.00	35.32
15	11	16	05	45	00	18.91	35.32
15	11	16	06	00	00	18.81	35.34
15	11	16	06	15	00	18.78	35.30
15	11	16	06	30	00	18.70	35.35
15	11	16	06	45	00	18.61	35.35
15	11	16	07	00	00	18.54	35.30
15	11	16	07	15	00	18.45	35.37
15	11	16	07	30	00	18.43	35.37
15	11	16	07	45	00	18.30	35.33
15	11	16	08	00	00	18.82	34.35
15	11	16	08	15	00	21.70	30.39
15	11	16	08	30	00	20.79	32.39
15	11	16	08	45	00	20.04	33.38
15	11	16	09	00	00	19.79	32.36
15	11	16	09	15	00	19.86	29.26
15	11	16	09	30	00	20.16	28.21
15	11	16	09	45	00	20.50	28.24
15	11	16	10	00	00	20.78	28.24
15	11	16	10	15	00	21.01	28.24
15	11	16	10	30	00	21.18	27.26
15	11	16	10	45	00	21.26	27.23
15	11	16	11	00	00	21.23	27.26
15	11	16	11	15	00	21.12	27.21
15	11	16	11	30	00	21.04	28.21
15	11	16	11	45	00	20.99	29.29
15	11	16	12	00	00	21.00	29.29
15	11	16	12	15	00	20.92	29.24
15	11	16	12	30	00	20.83	29.26
15	11	16	12	45	00	20.74	28.24
15	11	16	13	00	00	20.63	27.24
15	11	16	13	15	00	20.50	27.28
15	11	16	13	30	00	22.07	27.28
15	11	16	13	45	00	24.95	23.24
15	11	16	14	00	00	25.99	22.20
15	11	16	14	15	00	23.90	24.20
15	11	16	14	30	00	22.83	25.28
15	11	16	14	45	00	22.43	26.23
15	11	16	15	00	00	22.14	27.21
15	11	16	15	15	00	21.88	27.26
15	11	16	15	30	00	21.63	27.23
15	11	16	15	45	00	21.43	27.26
15	11	16	16	00	00	21.32	27.23
15	11	16	16	15	00	21.15	27.24
15	11	16	16	30	00	21.03	28.24
15	11	16	16	45	00	20.90	28.21
15	11	16	17	00	00	20.82	28.24
15	11	16	17	15	00	20.71	26.26
15	11	16	17	30	00	19.13	25.25
15	11	16	17	45	00	20.63	25.27
15	11	16	18	00	00	23.92	21.22
15	11	16	18	15	00	23.21	23.24
15	11	16	18	30	00	22.18	24.26
15	11	16	18	45	00	21.64	23.26
15	11	16	19	00	00	21.37	25.27
15	11	16	19	15	00	21.04	25.27
15	11	16	19	30	00	20.71	27.21
15	11	16	19	45	00	20.52	28.24
15	11	16	20	00	00	20.35	28.29
15	11	16	20	15	00	20.16	28.24
15	11	16	20	30	00	20.01	28.26
15	11	16	20	45	00	19.90	29.29
15	11	16	21	00	00	19.90	28.26
15	11	16	21	15	00	22.87	26.23
15	11	16	21	30	00	25.05	23.21
15	11	16	21	45	00	26.24	21.28
15	11	16	22	00	00	27.10	20.26
15	11	16	22	15	00	27.85	20.23
15	11	16	22	30	00	28.24	19.18
15	11	16	22	45	00	28.75	19.12
15	11	16	23	00	00	27.06	22.27
15	11	16	23	15	00	25.11	25.20
15	11	16	23	30	00	24.10	26.28
15	11	16	23	45	00	22.58	27.21
15	11	17	00	00	00	21.84	27.23
15	11	17	00	15	00	21.29	27.21
15	11	17	00	30	00	20.57	27.23
15	11	17	00	45	00	20.52	28.26
15	11	17	01	00	00	20.48	29.29
15	11	17	01	15	00	21.11	29.28
15	11	17	01	30	00	22.72	26.23
15	11	17	01	45	00	24.82	24.27
15	11	17	02	00	00	25.93	23.26
15	11	17	02	15	00	26.63	23.28
15	11	17	02	30	00	27.23	22.23
15	11	17	02	45	00	27.78	22.25
15	11	17	03	00	00	27.80	23.24
15	11	17	03	15	00	25.75	25.20
15	11	17	03	30	00	24.51	27.21
15	11	17	03	45	00	23.72	27.28
15	11	17	04	00	00	23.13	28.23
15	11	17	04	15	00	22.68	28.24
15	11	17	04	30	00	22.35	29.29
15	11	17	04	45	00	22.04	30.39
15	11	17	05	00	00	21.77	30.34
15	11	17	05	15	00	21.51	30.34
15	11	17	05	30	00	21.36	30.39
15	11	17	05	45	00	21.18	30.34
15	11	17	06	00	00	21.00	30.36
15	11	17	06	15	00	20.86	31.39
15	11	17	06	30	00	20.77	31.36
15	11	17	06	45	00	20.63	31.38
15	11	17	07	00	00	20.48	32.33
15	11	17	07	15	00	20.35	32.34
15	11	17	07	30	00	20.31	32.38
15	11	17	07	45	00	20.17	33.31
15	11	17	08	00	00	20.04	33.31
15	11	17	08	15	00	19.93	33.33
15	11	17	08	30	00	19.95	33.33
15	11	17	08	45	00	20.07	34.33
15	11	17	09	00	00	20.28	33.35
15	11	17	09	15	00	20.67	33.33
15	11	17	09	30	00	21.12	31.36
15	11	17	09	45	00	21.53	31.34
15	11	17	10	00	00	21.87	31.36
15	11	17	10	15	00	22.09	30.39
15	11	17	10	30	00	22.29	30.39
15	11	17	10	45	00	22.33	29.26
15	11	17	11	00	00	22.28	29.21
15	11	17	11	15	00	22.21	30.31
15	11	17	11	30	00	22.16	31.38
15	11	17	11	45	00	22.28	30.38
15	11	17	12	00	00	22.24	30.34
15	11	17	12	15	00	22.25	31.34
15	11	17	12	30	00	21.76	32.39
15	11	17	12	45	00	22.09	31.34
15	11	17	13	00	00	22.14	33.38
15	11	17	13	15	00	21.92	33.35
15	11	17	13	30	00	22.04	35.30
15	11	17	13	45	00	22.03	35.37
15	11	17	14	00	00	21.99	35.37
15	11	17	14	15	00	21.96	36.39
15	11	17	14	30	00	22.00	36.36
15	11	17	14	45	00	21.99	35.35
15	11	17	15	00	00	21.99	35.37
15	11	17	15	15	00	21.92	35.30
15	11	17	15	30	00	21.89	35.30
15	11	17	15	45	00	21.85	37.39
15	11	17	16	00	00	21.82	36.39
15	11	17	16	15	00	21.80	36.34
15	11	17	16	30	00	21.77	36.39
15	11	17	16	45	00	21.71	36.34
15	11	17	17	00	00	21.67	35.39
15	11	17	17	15	00	21.60	35.30
15	11	17	17	30	00	21.59	35.35
15	11	17	17	45	00	21.53	35.30
15	11	17	18	00	00	21.48	35.37
15	11	17	18	15	00	21.46	35.37
15	11	17	18	30	00	23.12	33.30
15	11	17	18	45	00	26.28	29.26
15	11	17	19	00	00	26.52	28.29
15	11	17	19	15	00	24.22	33.36
15	11	17	19	30	00	23.81	33.35
15	11	17	19	45	00	23.21	34.30
15	11	17	20	00	00	22.87	34.30
15	11	17	20	15	00	22.65	35.35
15	11	17	20	30	00	22.46	36.32
15	11	17	20	45	00	22.29	36.39
15	11	17	21	00	00	22.14	36.32
15	11	17	21	15	00	22.00	36.34
15	11	17	21	30	00	19.87	40.41
15	11	17	21	45	00	19.32	41.44
15	11	17	22	00	00	22.75	35.37
15	11	17	22	15	00	23.46	32.38
15	11	17	22	30	00	20.53	39.33
15	11	17	22	45	00	19.93	40.42
15	11	17	23	00	00	19.44	42.40
15	11	17	23	15	00	19.24	42.47
15	11	17	23	30	00	18.66	43.40
15	11	17	23	45	00	18.44	44.49
15	11	18	00	00	00	21.58	37.33
15	11	18	00	15	00	21.63	36.37
15	11	18	00	30	00	19.35	41.41
15	11	18	00	45	00	18.85	42.43
15	11	18	01	00	00	18.32	43.43
15	11	18	01	15	00	18.16	43.46
15	11	18	01	30	00	17.96	43.43
15	11	18	01	45	00	17.86	43.41
15	11	18	02	00	00	17.47	44.40
15	11	18	02	15	00	17.19	44.42
15	11	18	02	30	00	16.84	44.49
15	11	18	02	45	00	16.66	45.48
15	11	18	03	00	00	16.57	45.45
15	11	18	03	15	00	17.29	43.48
15	11	18	03	30	00	18.81	39.36
15	11	18	03	45	00	17.54	42.45
15	11	18	04	00	00	16.87	43.41
15	11	18	04	15	00	16.51	44.42
15	11	18	04	30	00	18.74	39.37
15	11	18	04	45	00	18.08	40.40
15	11	18	05	00	00	17.09	42.44
15	11	18	05	15	00	16.65	43.48
15	11	18	05	30	00	17.38	42.45
15	11	18	05	45	00	18.89	38.35
15	11	18	06	00	00	17.26	41.46
15	11	18	06	15	00	16.62	42.42
15	11	18	06	30	00	16.50	43.46
15	11	18	06	45	00	19.83	36.31
15	11	18	07	00	00	17.35	41.41
15	11	18	07	15	00	16.65	43.42
15	11	18	07	30	00	16.37	43.45
15	11	18	07	45	00	19.53	37.33
15	11	18	08	00	00	17.36	41.43
15	11	18	08	15	00	16.65	43.44
15	11	18	08	30	00	15.96	44.42
15	11	18	08	45	00	20.41	36.36
15	11	18	09	00	00	22.49	33.31
15	11	18	09	15	00	24.44	31.34
15	11	18	09	30	00	26.53	29.24
15	11	18	09	45	00	27.26	26.23
15	11	18	10	00	00	22.06	34.30
15	11	18	10	15	00	21.76	35.37
15	11	18	10	30	00	21.96	36.37
15	11	18	10	45	00	21.96	36.34
15	11	18	11	00	00	22.07	37.36
15	11	18	11	15	00	21.88	38.33
15	11	18	11	30	00	23.12	36.34
15	11	18	11	45	00	23.43	36.34
15	11	18	12	00	00	23.50	35.32
15	11	18	12	15	00	23.52	35.39
15	11	18	12	30	00	23.46	36.32
15	11	18	12	45	00	23.48	40.41
15	11	18	13	00	00	23.50	38.37
15	11	18	13	15	00	23.34	37.36
15	11	18	13	30	00	22.71	37.38
15	11	18	13	45	00	21.33	38.35
15	11	18	14	00	00	21.41	41.41
15	11	18	14	15	00	21.82	40.40
15	11	18	14	30	00	22.02	40.41
15	11	18	14	45	00	22.25	39.34
15	11	18	15	00	00	22.32	39.34
15	11	18	15	15	00	22.31	38.37
15	11	18	15	30	00	22.31	38.34
15	11	18	15	45	00	22.27	38.34
15	11	18	16	00	00	22.24	38.32
15	11	18	16	15	00	22.21	38.34
15	11	18	16	30	00	22.17	38.32
15	11	18	16	45	00	22.14	38.34
15	11	18	17	00	00	22.09	38.39
15	11	18	17	15	00	22.03	39.30
15	11	18	17	30	00	21.22	41.41
15	11	18	17	45	00	20.94	42.45
15	11	18	18	00	00	21.62	40.42
15	11	18	18	15	00	21.71	40.45
15	11	18	18	30	00	21.77	41.42
15	11	18	18	45	00	21.77	40.47
15	11	18	19	00	00	21.74	40.46
15	11	18	19	15	00	21.67	40.40
15	11	18	19	30	00	21.58	40.48
15	11	18	19	45	00	21.58	42.49
15	11	18	20	00	00	21.56	40.42
15	11	18	20	15	00	21.46	40.45
15	11	18	20	30	00	21.37	40.49
15	11	18	20	45	00	21.34	41.49
15	11	18	21	00	00	21.36	41.44
15	11	18	21	15	00	21.34	41.46
15	11	18	21	30	00	21.29	41.43
15	11	18	21	45	00	21.23	41.43
15	11	18	22	00	00	21.17	41.48
15	11	18	22	15	00	21.08	41.41
15	11	18	22	30	00	21.11	41.46
15	11	18	22	45	00	21.14	43.49
15	11	18	23	00	00	21.11	43.41
15	11	18	23	15	00	21.03	42.42
15	11	18	23	30	00	21.00	42.45
15	11	18	23	45	00	20.99	42.47
15	11	19	00	00	00	21.00	43.44
15	11	19	00	15	00	21.00	42.42
15	11	19	00	30	00	20.93	42.43
15	11	19	00	45	00	20.82	41.43
15	11	19	01	00	00	20.78	43.49
15	11	19	01	15	00	20.77	43.49
15	11	19	01	30	00	20.74	43.47
15	11	19	01	45	00	20.71	48.44
15	11	19	02	00	00	23.32	39.34
15	11	19	02	15	00	23.48	38.35
15	11	19	02	30	00	22.25	39.38
15	11	19	02	45	00	21.70	39.30
15	11	19	03	00	00	21.32	40.40
15	11	19	03	15	00	21.04	40.45
15	11	19	03	30	00	20.82	41.42
15	11	19	03	45	00	20.79	41.44
15	11	19	04	00	00	23.08	36.39
15	11	19	04	15	00	24.47	34.38
15	11	19	04	30	00	22.99	36.31
15	11	19	04	45	00	22.11	38.30
15	11	19	05	00	00	21.60	38.34
15	11	19	05	15	00	21.23	39.34
15	11	19	05	30	00	20.97	40.41
15	11	19	05	45	00	20.81	40.48
15	11	19	06	00	00	20.63	40.43
15	11	19	06	15	00	22.87	36.37
15	11	19	06	30	00	24.36	33.38
15	11	19	06	45	00	22.91	36.32
15	11	19	07	00	00	21.99	37.33
15	11	19	07	15	00	21.46	38.37
15	11	19	07	30	00	21.08	39.37
15	11	19	07	45	00	20.88	39.39
15	11	19	08	00	00	20.65	39.31
15	11	19	08	15	00	21.53	37.33
15	11	19	08	30	00	23.52	34.38
15	11	19	08	45	00	23.82	33.38
15	11	19	09	00	00	22.71	35.35
15	11	19	09	15	00	22.32	35.34
15	11	19	09	30	00	22.31	36.37
15	11	19	09	45	00	22.57	36.31
15	11	19	10	00	00	22.83	36.39
15	11	19	10	15	00	23.09	36.39
15	11	19	10	30	00	23.30	35.39
15	11	19	10	45	00	23.41	35.32
15	11	19	11	00	00	23.45	36.32
15	11	19	11	15	00	23.48	36.34
15	11	19	11	30	00	23.52	36.39
15	11	19	11	45	00	23.61	36.31
15	11	19	12	00	00	23.60	37.39
15	11	19	12	15	00	23.57	37.38
15	11	19	12	30	00	23.52	37.33
15	11	19	12	45	00	23.52	38.30
15	11	19	13	00	00	23.37	39.37
15	11	19	13	15	00	23.03	40.48
15	11	19	13	30	00	22.99	40.43
15	11	19	13	45	00	23.10	39.34
15	11	19	14	00	00	23.10	39.34
15	11	19	14	15	00	23.09	39.36
15	11	19	14	30	00	23.08	39.38
15	11	19	14	45	00	23.08	39.33
15	11	19	15	00	00	23.12	40.48
15	11	19	15	15	00	23.17	40.40
15	11	19	15	30	00	23.15	40.48
15	11	19	15	45	00	23.13	40.40
15	11	19	16	00	00	23.12	39.36
15	11	19	16	15	00	23.03	41.46
15	11	19	16	30	00	22.95	43.46
15	11	19	16	45	00	22.89	41.41
15	11	19	17	00	00	22.86	40.42
15	11	19	17	15	00	22.86	42.44
15	11	19	17	30	00	22.89	41.46
15	11	19	17	45	00	22.85	40.42
15	11	19	18	00	00	22.79	40.45
15	11	19	18	15	00	22.75	40.42
15	11	19	18	30	00	22.71	40.45
15	11	19	18	45	00	22.62	40.42
15	11	19	19	00	00	22.57	40.49
15	11	19	19	15	00	21.70	46.45
15	11	19	19	30	00	22.22	45.48
15	11	19	19	45	00	22.31	44.44
15	11	19	20	00	00	22.24	43.43
15	11	19	20	15	00	22.25	45.45
15	11	19	20	30	00	22.25	44.41
15	11	19	20	45	00	22.18	44.40
15	11	19	21	00	00	22.07	44.45
15	11	19	21	15	00	22.02	43.41
15	11	19	21	30	00	21.95	43.42
15	11	19	21	45	00	21.88	43.42
15	11	19	22	00	00	21.77	42.47
15	11	19	22	15	00	21.70	43.43
15	11	19	22	30	00	21.66	43.45
15	11	19	22	45	00	21.71	44.45
15	11	19	23	00	00	21.69	43.45
15	11	19	23	15	00	21.70	44.43
15	11	19	23	30	00	21.60	43.45
15	11	19	23	45	00	21.56	43.46
15	11	20	00	00	00	21.46	43.41
15	11	20	00	15	00	21.37	43.42
15	11	20	00	30	00	23.52	38.35
15	11	20	00	45	00	25.75	34.33
15	11	20	01	00	00	27.07	32.33
15	11	20	01	15	00	27.91	30.34
15	11	20	01	30	00	27.60	31.39
15	11	20	01	45	00	25.65	34.30
15	11	20	02	00	00	24.58	36.39
15	11	20	02	15	00	23.92	37.33
15	11	20	02	30	00	23.49	38.30
15	11	20	02	45	00	23.23	38.37
15	11	20	03	00	00	22.86	38.34
15	11	20	03	15	00	22.60	39.37
15	11	20	03	30	00	22.36	39.33
15	11	20	03	45	00	22.22	39.31
15	11	20	04	00	00	22.07	40.48
15	11	20	04	15	00	22.00	40.43
15	11	20	04	30	00	24.76	35.32
15	11	20	04	45	00	24.87	35.30
15	11	20	05	00	00	23.61	37.38
15	11	20	05	15	00	22.97	38.30
15	11	20	05	30	00	22.57	39.31
15	11	20	05	45	00	22.28	40.41
15	11	20	06	00	00	22.11	40.48
15	11	20	06	15	00	21.92	40.42
15	11	20	06	30	00	21.74	41.44
15	11	20	06	45	00	21.58	41.44
15	11	20	07	00	00	21.46	41.49
15	11	20	07	15	00	21.36	41.48
15	11	20	07	30	00	21.19	42.40
15	11	20	07	45	00	21.10	41.41
15	11	20	08	00	00	21.06	41.47
15	11	20	08	15	00	21.04	41.44
15	11	20	08	30	00	21.01	41.46
15	11	20	08	45	00	21.11	41.46
15	11	20	09	00	00	21.33	41.47
15	11	20	09	15	00	21.70	40.47
15	11	20	09	30	00	22.13	40.48
15	11	20	09	45	00	22.60	39.38
15	11	20	10	00	00	23.05	39.34
15	11	20	10	15	00	23.38	39.37
15	11	20	10	30	00	23.61	38.37
15	11	20	10	45	00	23.88	39.36
15	11	20	11	00	00	24.08	39.38
15	11	20	11	15	00	24.12	40.45
15	11	20	11	30	00	24.18	40.44
15	11	20	11	45	00	24.25	40.40
15	11	20	12	00	00	24.21	40.46
15	11	20	12	15	00	24.19	40.45
15	11	20	12	30	00	24.15	40.42
15	11	20	12	45	00	24.12	40.45
15	11	20	13	00	00	24.07	40.48
15	11	20	13	15	00	24.06	40.43
15	11	20	13	30	00	24.00	40.40
15	11	20	13	45	00	23.90	40.43
15	11	20	14	00	00	23.81	40.45
15	11	20	14	15	00	23.74	40.48
15	11	20	14	30	00	23.71	40.41
15	11	20	14	45	00	23.63	40.40
15	11	20	15	00	00	23.60	40.48
15	11	20	15	15	00	23.57	40.42
15	11	20	15	30	00	23.53	40.40
15	11	20	15	45	00	23.49	39.36
15	11	20	16	00	00	23.49	40.42
15	11	20	16	15	00	23.49	40.46
15	11	20	16	30	00	23.48	39.38
15	11	20	16	45	00	23.45	39.38
15	11	20	17	00	00	23.42	40.41
15	11	20	17	15	00	23.42	40.47
15	11	20	17	30	00	23.37	39.38
15	11	20	17	45	00	23.34	40.45
15	11	20	18	00	00	23.27	40.45
15	11	20	18	15	00	23.20	40.48
15	11	20	18	30	00	23.13	40.48
15	11	20	18	45	00	22.99	40.42
15	11	20	19	00	00	22.85	40.42
15	11	20	19	15	00	22.64	41.47
15	11	20	19	30	00	22.43	41.48
15	11	20	19	45	00	22.06	44.44
15	11	20	20	00	00	21.62	45.43
15	11	20	20	15	00	22.09	44.47
15	11	20	20	30	00	21.88	45.45
15	11	20	20	45	00	18.07	56.54
15	11	20	21	00	00	21.53	45.49
15	11	20	21	15	00	22.04	43.43
15	11	20	21	30	00	22.21	43.46
15	11	20	21	45	00	22.33	44.40
15	11	20	22	00	00	19.84	50.53
15	11	20	22	15	00	20.13	51.53
15	11	20	22	30	00	21.93	51.53
15	11	20	22	45	00	22.49	51.58
15	11	20	23	00	00	22.79	49.40
15	11	20	23	15	00	23.16	49.41
15	11	20	23	30	00	23.42	49.47
15	11	20	23	45	00	23.43	49.42
15	11	21	00	00	00	22.40	40.49
15	11	21	00	15	00	21.30	38.32
15	11	21	00	30	00	20.28	40.41
15	11	21	00	45	00	20.27	45.40
15	11	21	01	00	00	18.98	50.57
15	11	21	01	15	00	19.51	53.50
15	11	21	01	30	00	20.16	53.56
15	11	21	01	45	00	18.47	55.52
15	11	21	02	00	00	17.96	51.57
15	11	21	02	15	00	17.41	56.59
15	11	21	02	30	00	17.76	55.57
15	11	21	02	45	00	17.41	56.55
15	11	21	03	00	00	17.11	57.54
15	11	21	03	15	00	19.58	52.59
15	11	21	03	30	00	19.43	49.42
15	11	21	03	45	00	20.21	49.43
15	11	21	04	00	00	18.89	50.57
15	11	21	04	15	00	17.90	52.57
15	11	21	04	30	00	17.46	51.51
15	11	21	04	45	00	17.78	51.51
15	11	21	05	00	00	17.94	50.56
15	11	21	05	15	00	18.04	50.50
15	11	21	05	30	00	17.99	50.54
15	11	21	05	45	00	17.67	51.52
15	11	21	06	00	00	17.74	51.52
15	11	21	06	15	00	17.53	51.54
15	11	21	06	30	00	17.47	52.50
15	11	21	06	45	00	17.43	52.56
15	11	21	07	00	00	17.17	52.53
15	11	21	07	15	00	17.00	52.56
15	11	21	07	30	00	16.94	52.57
15	11	21	07	45	00	17.16	52.52
15	11	21	08	00	00	17.30	51.58
15	11	21	08	15	00	17.15	52.55
15	11	21	08	30	00	16.57	54.52
15	11	21	08	45	00	16.82	53.52
15	11	21	09	00	00	17.22	53.59
15	11	21	09	15	00	17.75	52.50
15	11	21	09	30	00	18.48	52.55
15	11	21	09	45	00	19.20	51.57
15	11	21	10	00	00	19.84	50.57
15	11	21	10	15	00	20.39	50.54
15	11	21	10	30	00	20.86	49.49
15	11	21	10	45	00	21.22	49.42
15	11	21	11	00	00	21.50	48.42
15	11	21	11	15	00	21.55	48.47
15	11	21	11	30	00	21.50	48.45
15	11	21	11	45	00	21.29	49.47
15	11	21	12	00	00	21.15	49.43
15	11	21	12	15	00	21.50	50.52
15	11	21	12	30	00	21.98	50.53
15	11	21	12	45	00	22.39	48.43
15	11	21	13	00	00	22.54	46.47
15	11	21	13	15	00	22.64	47.42
15	11	21	13	30	00	22.51	46.43
15	11	21	13	45	00	22.40	45.41
15	11	21	14	00	00	22.32	43.44
15	11	21	14	15	00	22.27	42.48
15	11	21	14	30	00	22.31	40.47
15	11	21	14	45	00	22.27	39.36
15	11	21	15	00	00	22.17	37.33
15	11	21	15	15	00	22.10	36.39
15	11	21	15	30	00	22.07	36.33
15	11	21	15	45	00	21.99	37.38
15	11	21	16	00	00	21.91	34.30
15	11	21	16	15	00	22.04	41.41
15	11	21	16	30	00	22.04	40.40
15	11	21	16	45	00	21.98	39.31
15	11	21	17	00	00	21.89	39.33
15	11	21	17	15	00	21.82	39.34
15	11	21	17	30	00	21.78	39.39
15	11	21	17	45	00	21.80	43.41
15	11	21	18	00	00	21.95	41.44
15	11	21	18	15	00	21.96	40.44
15	11	21	18	30	00	21.91	40.49
15	11	21	18	45	00	21.82	40.45
15	11	21	19	00	00	21.76	40.45
15	11	21	19	15	00	21.64	40.42
15	11	21	19	30	00	21.44	40.48
15	11	21	19	45	00	21.40	40.45
15	11	21	20	00	00	21.32	40.40
15	11	21	20	15	00	21.77	55.59
15	11	21	20	30	00	24.84	42.44
15	11	21	20	45	00	26.73	37.38
15	11	21	21	00	00	27.96	34.30
15	11	21	21	15	00	28.80	32.36
15	11	21	21	30	00	27.66	34.33
15	11	21	21	45	00	25.94	37.33
15	11	21	22	00	00	24.91	37.35
15	11	21	22	15	00	24.24	38.33
15	11	21	22	30	00	23.89	40.41
15	11	21	22	45	00	23.63	40.43
15	11	21	23	00	00	23.39	40.40
15	11	21	23	15	00	23.17	40.47
15	11	21	23	30	00	23.05	40.42
15	11	21	23	45	00	22.82	39.38
15	11	22	00	00	00	22.50	39.30
15	11	22	00	15	00	22.40	40.41
15	11	22	00	30	00	22.21	40.42
15	11	22	00	45	00	22.03	40.40
15	11	22	01	00	00	21.87	40.45
15	11	22	01	15	00	21.73	40.42
15	11	22	01	30	00	21.60	41.49
15	11	22	01	45	00	21.51	42.43
15	11	22	02	00	00	21.37	43.41
15	11	22	02	15	00	21.26	43.40
15	11	22	02	30	00	21.18	44.42
15	11	22	02	45	00	21.10	44.42
15	11	22	03	00	00	20.99	43.48
15	11	22	03	15	00	20.88	43.48
15	11	22	03	30	00	20.83	43.41
15	11	22	03	45	00	20.82	43.42
15	11	22	04	00	00	20.72	42.44
15	11	22	04	15	00	20.63	42.49
15	11	22	04	30	00	20.49	43.44
15	11	22	04	45	00	20.46	43.42
15	11	22	05	00	00	20.39	42.47
15	11	22	05	15	00	20.28	42.42
15	11	22	05	30	00	20.19	42.47
15	11	22	05	45	00	20.08	42.42
15	11	22	06	00	00	20.05	42.49
15	11	22	06	15	00	19.97	42.47
15	11	22	06	30	00	19.87	42.47
15	11	22	06	45	00	19.78	42.47
15	11	22	07	00	00	19.73	43.46
15	11	22	07	15	00	19.71	43.49
15	11	22	07	30	00	19.60	43.49
15	11	22	07	45	00	19.51	43.47
15	11	22	08	00	00	19.44	43.46
15	11	22	08	15	00	19.42	43.44
15	11	22	08	30	00	19.39	43.49
15	11	22	08	45	00	19.50	43.42
15	11	22	09	00	00	19.73	42.47
15	11	22	09	15	00	19.94	41.41
15	11	22	09	30	00	20.30	41.44
15	11	22	09	45	00	20.61	41.42
15	11	22	10	00	00	20.93	40.44
15	11	22	10	15	00	21.25	40.42
15	11	22	10	30	00	21.60	39.30
15	11	22	10	45	00	21.91	39.39
15	11	22	11	00	00	22.11	39.34
15	11	22	11	15	00	22.21	39.32
15	11	22	11	30	00	22.39	38.39
15	11	22	11	45	00	22.53	38.32
15	11	22	12	00	00	22.51	38.37
15	11	22	12	15	00	22.62	38.37
15	11	22	12	30	00	22.82	38.30
15	11	22	12	45	00	22.98	38.35
15	11	22	13	00	00	22.94	39.34
15	11	22	13	15	00	23.06	39.33
15	11	22	13	30	00	23.02	39.32
15	11	22	13	45	00	23.16	39.33
15	11	22	14	00	00	23.19	40.46
15	11	22	14	15	00	23.09	40.43
15	11	22	14	30	00	23.02	40.48
15	11	22	14	45	00	22.91	40.40
15	11	22	15	00	00	22.80	40.42
15	11	22	15	15	00	22.82	42.45
15	11	22	15	30	00	22.75	42.49
15	11	22	15	45	00	22.72	42.49
15	11	22	16	00	00	22.67	43.41
15	11	22	16	15	00	22.62	43.48
15	11	22	16	30	00	22.62	43.46
15	11	22	16	45	00	22.43	44.49
15	11	22	17	00	00	22.60	44.42
15	11	22	17	15	00	22.65	44.44
15	11	22	17	30	00	22.67	44.40
15	11	22	17	45	00	22.64	44.42
15	11	22	18	00	00	22.54	44.49
15	11	22	18	15	00	22.49	44.49
15	11	22	18	30	00	22.45	45.43
15	11	22	18	45	00	22.40	45.40
15	11	22	19	00	00	22.33	45.48
15	11	22	19	15	00	21.95	46.45
15	11	22	19	30	00	22.13	46.49
15	11	22	19	45	00	22.11	46.46
15	11	22	20	00	00	22.06	46.46
15	11	22	20	15	00	21.99	45.42
15	11	22	20	30	00	21.91	46.48
15	11	22	20	45	00	21.84	46.45
15	11	22	21	00	00	21.71	46.48
15	11	22	21	15	00	21.67	45.45
15	11	22	21	30	00	21.64	45.42
15	11	22	21	45	00	20.56	47.45
15	11	22	22	00	00	20.37	47.49
15	11	22	22	15	00	20.21	47.40
15	11	22	22	30	00	21.98	43.48
15	11	22	22	45	00	24.77	37.33
15	11	22	23	00	00	26.26	35.32
15	11	22	23	15	00	27.18	34.30
15	11	22	23	30	00	26.62	35.30
15	11	22	23	45	00	24.94	37.38
15	11	23	00	00	00	24.08	38.34
15	11	23	00	15	00	23.59	39.38
15	11	23	00	30	00	23.23	39.38
15	11	23	00	45	00	22.98	40.46
15	11	23	01	00	00	22.76	40.45
15	11	23	01	15	00	22.60	40.48
15	11	23	01	30	00	22.43	40.40
15	11	23	01	45	00	22.31	40.40
15	11	23	02	00	00	22.20	40.42
15	11	23	02	15	00	22.07	40.48
15	11	23	02	30	00	21.93	40.40
15	11	23	02	45	00	21.74	40.45
15	11	23	03	00	00	21.62	40.45
15	11	23	03	15	00	21.47	40.47
15	11	23	03	30	00	22.53	39.34
15	11	23	03	45	00	24.74	35.32
15	11	23	04	00	00	25.93	33.33
15	11	23	04	15	00	25.87	33.30
15	11	23	04	30	00	24.19	36.39
15	11	23	04	45	00	23.28	37.31
15	11	23	05	00	00	22.73	38.37
15	11	23	05	15	00	22.32	38.37
15	11	23	05	30	00	22.04	39.31
15	11	23	05	45	00	21.80	39.38
15	11	23	06	00	00	21.58	40.43
15	11	23	06	15	00	21.40	40.45
15	11	23	06	30	00	21.22	40.45
15	11	23	06	45	00	23.56	36.31
15	11	23	07	00	00	25.16	34.38
15	11	23	07	15	00	26.05	33.38
15	11	23	07	30	00	24.33	35.37
15	11	23	07	45	00	23.21	37.31
15	11	23	08	00	00	22.60	38.32
15	11	23	08	15	00	22.16	38.30
15	11	23	08	30	00	21.89	39.34
15	11	23	08	45	00	21.78	39.33
15	11	23	09	00	00	21.71	39.38
15	11	23	09	15	00	21.69	39.31
15	11	23	09	30	00	21.84	39.31
15	11	23	09	45	00	22.04	38.37
15	11	23	10	00	00	24.06	36.36
15	11	23	10	15	00	26.17	33.38
15	11	23	10	30	00	26.10	34.33
15	11	23	10	45	00	24.76	36.32
15	11	23	11	00	00	24.08	37.33
15	11	23	11	15	00	23.75	38.37
15	11	23	11	30	00	23.56	38.35
15	11	23	11	45	00	22.89	38.33
15	11	23	12	00	00	22.64	38.33
15	11	23	12	15	00	22.98	38.30
15	11	23	12	30	00	23.32	39.33
15	11	23	12	45	00	23.57	39.31
15	11	23	13	00	00	23.64	39.39
15	11	23	13	15	00	23.55	39.32
15	11	23	13	30	00	23.38	39.39
15	11	23	13	45	00	23.21	39.33
15	11	23	14	00	00	23.48	41.45
15	11	23	14	15	00	23.55	40.45
15	11	23	14	30	00	23.52	40.48
15	11	23	14	45	00	23.32	41.44
15	11	23	15	00	00	23.45	41.46
15	11	23	15	15	00	23.16	42.45
15	11	23	15	30	00	22.25	37.35
15	11	23	15	45	00	21.74	41.43
15	11	23	16	00	00	22.09	42.43
15	11	23	16	15	00	20.37	48.47
15	11	23	16	30	00	19.53	51.51
15	11	23	16	45	00	19.15	52.58
15	11	23	17	00	00	20.24	49.44
15	11	23	17	15	00	20.81	48.40
15	11	23	17	30	00	21.10	47.43
15	11	23	17	45	00	21.19	47.44
15	11	23	18	00	00	21.22	47.40
15	11	23	18	15	00	21.19	47.45
15	11	23	18	30	00	21.10	47.47
15	11	23	18	45	00	21.00	47.49
15	11	23	19	00	00	20.16	50.57
15	11	23	19	15	00	19.21	52.54
15	11	23	19	30	00	20.42	50.52
15	11	23	19	45	00	20.68	48.43
15	11	23	20	00	00	20.75	47.45
15	11	23	20	15	00	20.78	47.44
15	11	23	20	30	00	20.77	46.45
15	11	23	20	45	00	20.75	46.41
15	11	23	21	00	00	20.81	45.49
15	11	23	21	15	00	20.90	47.40
15	11	23	21	30	00	20.96	47.48
15	11	23	21	45	00	21.00	46.45
15	11	23	22	00	00	20.93	46.46
15	11	23	22	15	00	20.79	45.47
15	11	23	22	30	00	20.72	46.41
15	11	23	22	45	00	20.68	47.44
15	11	23	23	00	00	20.68	48.42
15	11	23	23	15	00	20.65	46.40
15	11	23	23	30	00	20.68	49.40
15	11	23	23	45	00	20.64	48.47
15	11	24	00	00	00	20.64	48.40
15	11	24	00	15	00	20.70	49.41
15	11	24	00	30	00	20.70	49.43
15	11	24	00	45	00	20.68	51.52
15	11	24	01	00	00	19.46	49.42
15	11	24	01	15	00	18.00	52.51
15	11	24	01	30	00	19.46	60.67
15	11	24	01	45	00	23.43	45.46
15	11	24	02	00	00	24.22	42.40
15	11	24	02	15	00	22.80	45.47
15	11	24	02	30	00	22.17	45.45
15	11	24	02	45	00	21.85	45.40
15	11	24	03	00	00	21.63	44.49
15	11	24	03	15	00	21.53	44.46
15	11	24	03	30	00	21.44	46.43
15	11	24	03	45	00	21.26	45.43
15	11	24	04	00	00	21.04	44.48
15	11	24	04	15	00	20.93	45.43
15	11	24	04	30	00	20.83	44.47
15	11	24	04	45	00	20.70	44.49
15	11	24	05	00	00	20.57	45.43
15	11	24	05	15	00	20.57	45.45
15	11	24	05	30	00	20.49	46.41
15	11	24	05	45	00	20.39	46.45
15	11	24	06	00	00	22.69	42.40
15	11	24	06	15	00	24.98	37.30
15	11	24	06	30	00	23.86	38.37
15	11	24	06	45	00	22.58	40.49
15	11	24	07	00	00	21.96	42.45
15	11	24	07	15	00	21.60	42.45
15	11	24	07	30	00	21.26	43.43
15	11	24	07	45	00	21.01	43.43
15	11	24	08	00	00	20.90	43.48
15	11	24	08	15	00	20.74	44.49
15	11	24	08	30	00	20.61	44.46
15	11	24	08	45	00	20.50	45.43
15	11	24	09	00	00	20.50	45.40
15	11	24	09	15	00	20.43	45.48
15	11	24	09	30	00	20.35	45.49
15	11	24	09	45	00	20.27	46.48
15	11	24	10	00	00	20.30	46.48
15	11	24	10	15	00	20.28	46.43
15	11	24	10	30	00	19.35	49.42
15	11	24	10	45	00	20.00	47.49
15	11	24	11	00	00	20.09	47.40
15	11	24	11	15	00	20.01	47.48
15	11	24	11	30	00	20.11	47.44
15	11	24	11	45	00	20.17	47.42
15	11	24	12	00	00	17.52	60.65
15	11	24	12	15	00	17.20	62.62
15	11	24	12	30	00	17.35	62.63
15	11	24	12	45	00	17.96	54.53
15	11	24	13	00	00	18.28	53.50
15	11	24	13	15	00	18.47	52.52
15	11	24	13	30	00	19.72	49.42
15	11	24	13	45	00	20.13	47.40
15	11	24	14	00	00	20.30	45.47
15	11	24	14	15	00	19.32	45.40
15	11	24	14	30	00	20.16	43.41
15	11	24	14	45	00	20.41	42.43
15	11	24	15	00	00	20.49	41.41
15	11	24	15	15	00	20.70	42.48
15	11	24	15	30	00	20.83	40.40
15	11	24	15	45	00	20.71	38.35
15	11	24	16	00	00	20.67	38.37
15	11	24	16	15	00	20.61	46.42
15	11	24	16	30	00	20.63	44.49
15	11	24	16	45	00	20.61	42.44
15	11	24	17	00	00	20.56	41.43
15	11	24	17	15	00	20.48	40.40
15	11	24	17	30	00	20.46	40.40
15	11	24	17	45	00	20.39	40.41
15	11	24	18	00	00	20.27	39.31
15	11	24	18	15	00	19.02	35.39
15	11	24	18	30	00	19.51	40.41
15	11	24	18	45	00	19.97	39.34
15	11	24	19	00	00	20.13	39.31
15	11	24	19	15	00	17.35	38.33
15	11	24	19	30	00	18.86	39.38
15	11	24	19	45	00	19.62	38.32
15	11	24	20	00	00	20.04	42.45
15	11	24	20	15	00	20.09	39.33
15	11	24	20	30	00	20.07	38.30
15	11	24	20	45	00	20.04	38.30
15	11	24	21	00	00	19.97	38.30
15	11	24	21	15	00	19.91	39.37
15	11	24	21	30	00	19.86	38.37
15	11	24	21	45	00	19.82	38.35
15	11	24	22	00	00	19.65	38.35
15	11	24	22	15	00	19.67	38.30
15	11	24	22	30	00	19.68	39.36
15	11	24	22	45	00	19.71	39.31
15	11	24	23	00	00	19.65	39.31
15	11	24	23	15	00	20.43	37.30
15	11	24	23	30	00	23.56	34.38
15	11	24	23	45	00	25.32	31.34
15	11	25	00	00	00	24.37	32.31
15	11	25	00	15	00	22.97	35.35
15	11	25	00	30	00	22.28	36.37
15	11	25	00	45	00	22.00	37.33
15	11	25	01	00	00	21.70	38.32
15	11	25	01	15	00	21.48	39.36
15	11	25	01	30	00	21.25	40.43
15	11	25	01	45	00	21.08	40.46
15	11	25	02	00	00	20.83	39.36
15	11	25	02	15	00	20.65	38.32
15	11	25	02	30	00	20.49	38.30
15	11	25	02	45	00	20.35	37.36
15	11	25	03	00	00	20.92	37.34
15	11	25	03	15	00	23.24	32.38
15	11	25	03	30	00	24.47	30.34
15	11	25	03	45	00	25.14	30.36
15	11	25	04	00	00	24.60	30.36
15	11	25	04	15	00	22.95	33.31
15	11	25	04	30	00	22.10	34.33
15	11	25	04	45	00	21.53	35.37
15	11	25	05	00	00	21.08	35.30
15	11	25	05	15	00	20.77	36.32
15	11	25	05	30	00	20.56	36.39
15	11	25	05	45	00	20.35	36.33
15	11	25	06	00	00	20.13	37.31
15	11	25	06	15	00	20.97	35.34
15	11	25	06	30	00	23.09	32.36
15	11	25	06	45	00	24.30	30.37
15	11	25	07	00	00	24.44	30.31
15	11	25	07	15	00	22.73	32.31
15	11	25	07	30	00	21.85	33.38
15	11	25	07	45	00	21.29	34.35
15	11	25	08	00	00	20.86	35.37
15	11	25	08	15	00	20.56	35.30
15	11	25	08	30	00	20.37	35.32
15	11	25	08	45	00	20.19	35.30
15	11	25	09	00	00	20.01	35.37
15	11	25	09	15	00	19.87	36.34
15	11	25	09	30	00	19.95	35.30
15	11	25	09	45	00	20.19	35.35
15	11	25	10	00	00	20.39	34.35
15	11	25	10	15	00	20.71	33.38
15	11	25	10	30	00	21.06	33.31
15	11	25	10	45	00	21.30	32.38
15	11	25	11	00	00	21.48	32.31
15	11	25	11	15	00	21.55	31.36
15	11	25	11	30	00	21.55	31.39
15	11	25	11	45	00	21.50	31.34
15	11	25	12	00	00	20.59	30.31
15	11	25	12	15	00	21.74	31.31
15	11	25	12	30	00	25.23	27.21
15	11	25	12	45	00	24.89	26.26
15	11	25	13	00	00	23.81	31.34
15	11	25	13	15	00	23.19	32.38
15	11	25	13	30	00	22.72	33.38
15	11	25	13	45	00	22.43	33.33
15	11	25	14	00	00	22.22	33.36
15	11	25	14	15	00	22.07	33.36
15	11	25	14	30	00	21.93	33.36
15	11	25	14	45	00	21.82	33.35
15	11	25	15	00	00	21.70	33.35
15	11	25	15	15	00	21.53	33.38
15	11	25	15	30	00	20.14	33.31
15	11	25	15	45	00	19.76	33.31
15	11	25	16	00	00	20.00	31.39
15	11	25	16	15	00	20.00	31.39
15	11	25	16	30	00	19.82	31.34
15	11	25	16	45	00	19.04	32.31
15	11	25	17	00	00	19.11	31.36
15	11	25	17	15	00	22.10	30.39
15	11	25	17	30	00	25.51	26.20
15	11	25	17	45	00	20.56	33.35
15	11	25	18	00	00	21.03	34.30
15	11	25	18	15	00	25.42	28.24
15	11	25	18	30	00	27.54	26.28
15	11	25	18	45	00	22.86	31.36
15	11	25	19	00	00	21.33	35.30
15	11	25	19	15	00	20.59	35.35
15	11	25	19	30	00	19.94	37.36
15	11	25	19	45	00	19.53	37.36
15	11	25	20	00	00	19.93	37.31
15	11	25	20	15	00	19.80	37.38
15	11	25	20	30	00	19.58	37.34
15	11	25	20	45	00	23.75	31.36
15	11	25	21	00	00	25.61	28.29
15	11	25	21	15	00	23.97	30.39
15	11	25	21	30	00	22.97	33.36
15	11	25	21	45	00	22.40	33.36
15	11	25	22	00	00	22.00	34.33
15	11	25	22	15	00	21.73	34.35
15	11	25	22	30	00	21.48	34.35
15	11	25	22	45	00	21.48	37.33
15	11	25	23	00	00	21.64	36.37
15	11	25	23	15	00	21.91	38.37
15	11	25	23	30	00	23.38	29.21
15	11	25	23	45	00	25.32	27.29
15	11	26	00	00	00	26.49	26.23
15	11	26	00	15	00	25.34	27.29
15	11	26	00	30	00	23.72	29.26
15	11	26	00	45	00	22.90	30.34
15	11	26	01	00	00	22.38	31.33
15	11	26	01	15	00	21.98	32.31
15	11	26	01	30	00	21.71	32.31
15	11	26	01	45	00	21.46	33.36
15	11	26	02	00	00	21.26	34.33
15	11	26	02	15	00	21.71	34.30
15	11	26	02	30	00	24.37	29.26
15	11	26	02	45	00	25.91	27.26
15	11	26	03	00	00	24.78	28.29
15	11	26	03	15	00	23.21	30.38
15	11	26	03	30	00	22.39	31.36
15	11	26	03	45	00	21.88	32.38
15	11	26	04	00	00	21.53	32.36
15	11	26	04	15	00	21.82	31.34
15	11	26	04	30	00	24.44	27.21
15	11	26	04	45	00	25.88	25.22
15	11	26	05	00	00	25.81	25.27
15	11	26	05	15	00	23.78	28.26
15	11	26	05	30	00	22.71	29.28
15	11	26	05	45	00	22.06	30.31
15	11	26	06	00	00	21.62	30.36
15	11	26	06	15	00	21.30	31.39
15	11	26	06	30	00	22.80	28.28
15	11	26	06	45	00	24.84	25.20
15	11	26	07	00	00	25.47	23.29
15	11	26	07	15	00	25.91	23.21
