15	11	03	20	59	54
15	11	03	21	00	17
15	11	03	21	00	39
15	11	03	21	01	08
15	11	03	21	01	16
15	11	03	21	01	51
15	11	03	21	02	34
15	11	03	21	02	50
15	11	03	21	02	57
15	11	03	21	03	04
15	11	03	21	03	14
15	11	03	21	03	23
15	11	03	21	03	35
15	11	03	21	04	01
15	11	03	21	04	42
15	11	03	21	05	26
15	11	03	21	05	50
15	11	03	21	06	08
15	11	03	21	06	54
15	11	03	21	07	09
15	11	03	21	07	15
15	11	03	21	07	45
15	11	03	21	08	01
15	11	03	21	08	29
15	11	03	21	08	55
15	11	03	21	09	22
15	11	03	21	10	14
15	11	03	21	10	24
15	11	03	21	10	51
15	11	03	21	11	00
15	11	03	21	11	30
15	11	03	21	11	39
15	11	03	21	12	12
15	11	03	21	12	23
15	11	03	21	12	30
15	11	03	21	12	59
15	11	03	21	13	35
15	11	03	21	14	45
15	11	03	21	16	11
15	11	03	21	16	50
15	11	03	21	17	11
15	11	03	21	17	25
15	11	03	21	17	32
15	11	03	21	17	44
15	11	03	21	17	57
15	11	03	21	18	47
15	11	03	21	19	02
15	11	03	21	19	52
15	11	03	21	20	05
15	11	03	21	20	53
15	11	03	21	20	58
15	11	03	21	21	07
15	11	03	21	21	35
15	11	03	21	21	51
15	11	03	21	22	02
15	11	03	21	23	00
15	11	03	21	23	29
15	11	03	21	24	29
15	11	03	21	26	17
15	11	03	21	26	28
15	11	03	21	26	45
15	11	03	21	27	38
15	11	03	21	29	45
15	11	03	21	32	50
15	11	03	21	33	03
15	11	03	21	33	11
15	11	03	21	38	01
15	11	03	21	45	58
15	11	03	21	49	44
15	11	03	21	50	01
15	11	03	21	50	15
15	11	03	21	50	52
15	11	03	21	51	20
15	11	03	21	53	34
15	11	03	22	04	21
15	11	03	22	04	41
15	11	03	22	06	36
15	11	03	22	07	10
15	11	03	22	11	51
15	11	03	22	12	17
15	11	03	22	16	24
15	11	03	22	19	44
15	11	03	22	19	50
15	11	03	22	19	57
15	11	03	22	20	09
15	11	03	22	22	44
15	11	03	22	23	24
15	11	03	22	23	31
15	11	03	22	23	48
15	11	03	22	23	56
15	11	03	22	24	05
15	11	03	22	24	14
15	11	03	22	24	22
15	11	03	22	24	29
15	11	03	22	24	58
15	11	03	22	25	09
15	11	03	22	25	30
15	11	03	22	25	41
15	11	03	22	25	57
15	11	03	22	26	19
15	11	03	22	26	31
15	11	03	22	26	40
15	11	03	22	26	47
15	11	03	22	26	55
15	11	03	22	27	25
15	11	03	22	28	10
15	11	03	22	29	19
15	11	03	22	30	26
15	11	03	22	31	46
15	11	03	22	31	54
15	11	03	22	32	36
15	11	03	22	34	22
15	11	03	22	34	38
15	11	03	22	34	58
15	11	03	22	35	05
15	11	03	22	36	49
15	11	03	22	41	50
15	11	03	22	42	44
15	11	03	22	43	44
15	11	03	22	47	11
15	11	03	22	48	06
15	11	03	22	57	34
15	11	03	22	58	36
15	11	03	22	59	04
15	11	03	23	13	52
15	11	03	23	14	00
15	11	03	23	14	12
15	11	03	23	14	19
15	11	03	23	16	31
15	11	03	23	16	39
15	11	03	23	29	41
15	11	03	23	48	49
15	11	04	00	15	34
15	11	04	00	19	31
15	11	04	00	27	29
15	11	04	01	06	43
15	11	04	01	37	22
15	11	04	01	37	32
15	11	04	01	39	35
15	11	04	01	39	53
15	11	04	01	40	04
15	11	04	01	40	19
15	11	04	03	04	14
15	11	04	04	04	03
15	11	04	05	39	52
15	11	04	05	40	00
15	11	04	05	40	12
15	11	04	05	40	28
15	11	04	07	25	45
15	11	04	08	04	57
15	11	04	09	13	07
15	11	04	11	40	24
15	11	04	11	41	30
15	11	04	11	43	35
15	11	04	15	37	46
15	11	04	15	37	55
15	11	04	15	40	07
15	11	04	15	40	19
15	11	04	15	40	49
15	11	04	15	40	58
15	11	04	16	13	44
15	11	04	16	21	18
15	11	04	16	21	51
15	11	04	16	33	58
15	11	04	16	37	46
15	11	04	17	32	35
15	11	04	19	12	44
15	11	04	19	12	57
15	11	04	19	13	13
15	11	04	19	13	30
15	11	04	19	13	42
15	11	04	19	14	28
15	11	04	19	15	01
15	11	04	19	15	17
15	11	04	19	16	04
15	11	04	19	16	18
15	11	04	19	17	02
15	11	04	19	17	14
15	11	04	19	17	34
15	11	04	19	18	34
15	11	04	19	18	50
15	11	04	19	18	56
15	11	04	19	19	18
15	11	04	19	19	54
15	11	04	19	20	08
15	11	04	19	20	14
15	11	04	19	20	30
15	11	04	19	20	39
15	11	04	19	20	57
15	11	04	19	24	59
15	11	04	19	25	21
15	11	04	19	25	34
15	11	04	19	25	42
15	11	04	19	26	02
15	11	04	19	26	09
15	11	04	19	26	37
15	11	04	19	27	04
15	11	04	19	27	31
15	11	04	19	27	41
15	11	04	19	27	51
15	11	04	19	27	58
15	11	04	19	28	19
15	11	04	19	28	43
15	11	04	19	29	23
15	11	04	19	29	30
15	11	04	19	29	50
15	11	04	19	30	12
15	11	04	19	30	20
15	11	04	19	30	51
15	11	04	19	30	58
15	11	04	19	31	09
15	11	04	19	31	20
15	11	04	19	31	50
15	11	04	19	32	30
15	11	04	19	32	58
15	11	04	19	33	06
15	11	04	19	33	19
15	11	04	19	33	27
15	11	04	19	33	35
15	11	04	19	34	12
15	11	04	19	34	33
15	11	04	19	34	41
15	11	04	19	34	48
15	11	04	19	35	12
15	11	04	19	35	22
15	11	04	19	35	38
15	11	04	19	35	58
15	11	04	19	36	14
15	11	04	19	36	26
15	11	04	19	36	37
15	11	04	19	36	46
15	11	04	19	37	00
15	11	04	19	37	26
15	11	04	19	37	43
15	11	04	19	37	55
15	11	04	19	38	30
15	11	04	19	38	42
15	11	04	19	39	23
15	11	04	19	39	52
15	11	04	19	40	04
15	11	04	19	40	15
15	11	04	19	41	05
15	11	04	19	41	14
15	11	04	19	41	30
15	11	04	19	42	05
15	11	04	19	42	12
15	11	04	19	42	21
15	11	04	19	42	35
15	11	04	19	42	47
15	11	04	19	43	00
15	11	04	19	43	07
15	11	04	19	43	32
15	11	04	19	43	39
15	11	04	19	43	47
15	11	04	19	44	00
15	11	04	19	44	12
15	11	04	19	44	21
15	11	04	19	45	00
15	11	04	19	45	07
15	11	04	19	45	22
15	11	04	19	45	39
15	11	04	19	46	00
15	11	04	19	46	11
15	11	04	19	46	36
15	11	04	19	46	53
15	11	04	19	47	08
15	11	04	19	47	20
15	11	04	19	47	29
15	11	04	19	47	42
15	11	04	19	47	48
15	11	04	20	27	54
15	11	04	20	29	31
15	11	04	20	29	42
15	11	04	20	36	22
15	11	04	20	36	38
15	11	04	20	37	21
15	11	04	20	38	07
15	11	04	20	38	19
15	11	04	20	38	26
15	11	04	20	38	47
15	11	04	20	39	59
15	11	04	20	40	12
15	11	04	20	40	43
15	11	04	20	41	05
15	11	04	20	41	32
15	11	04	20	42	03
15	11	04	20	44	41
15	11	04	20	45	13
15	11	04	20	45	22
15	11	04	20	45	47
15	11	04	20	46	21
15	11	04	20	46	54
15	11	04	20	47	24
15	11	04	20	47	35
15	11	04	20	48	43
15	11	04	22	32	00
15	11	04	22	32	24
15	11	05	09	03	22
15	11	05	09	03	46
15	11	05	09	04	10
15	11	05	09	04	35
15	11	05	09	04	42
15	11	05	09	04	59
15	11	05	09	05	05
15	11	05	09	05	46
15	11	05	09	06	01
15	11	05	09	06	19
15	11	05	09	10	06
15	11	05	09	10	19
15	11	05	09	11	42
15	11	05	09	16	39
15	11	05	09	16	47
15	11	05	09	19	48
15	11	05	09	22	43
15	11	05	09	23	25
15	11	05	09	23	41
15	11	05	09	23	49
15	11	05	09	24	01
15	11	05	09	24	10
15	11	05	09	24	19
15	11	05	09	44	30
15	11	05	09	44	39
15	11	05	09	45	15
15	11	05	09	45	23
15	11	05	09	45	30
15	11	05	09	45	44
15	11	05	09	45	56
15	11	05	09	46	16
15	11	05	09	46	39
15	11	05	09	47	14
15	11	05	09	49	24
15	11	05	09	49	44
15	11	05	09	49	53
15	11	05	09	49	58
15	11	05	09	52	07
15	11	05	09	52	21
15	11	05	09	52	34
15	11	05	09	52	45
15	11	05	09	52	56
15	11	05	09	53	02
15	11	05	09	53	08
15	11	05	09	53	16
15	11	05	09	53	31
15	11	05	09	54	06
15	11	05	09	54	32
15	11	05	09	54	44
15	11	05	10	35	13
15	11	05	10	35	35
15	11	05	10	35	46
15	11	05	10	36	20
15	11	05	10	36	28
15	11	05	10	37	27
15	11	05	10	37	41
15	11	05	10	38	12
15	11	05	10	38	21
15	11	05	10	38	25
15	11	05	10	38	36
15	11	05	10	38	54
15	11	05	10	39	13
15	11	05	10	39	28
15	11	05	10	39	35
15	11	05	10	39	47
15	11	05	10	39	55
15	11	05	10	40	07
15	11	05	10	40	21
15	11	05	10	40	31
15	11	05	10	40	51
15	11	05	10	41	32
15	11	05	10	41	42
15	11	05	10	41	59
15	11	05	10	42	21
15	11	05	10	42	41
15	11	05	10	43	05
15	11	05	10	43	15
15	11	05	10	43	28
15	11	05	10	43	48
15	11	05	10	44	18
15	11	05	10	44	48
15	11	05	10	45	54
15	11	05	10	46	21
15	11	05	10	48	14
15	11	05	10	48	42
15	11	05	10	48	51
15	11	05	10	49	17
15	11	05	10	49	22
15	11	05	12	13	29
15	11	05	12	14	00
15	11	05	12	14	21
15	11	05	12	14	39
15	11	05	12	17	34
15	11	05	12	17	46
15	11	05	12	18	53
15	11	05	12	19	03
15	11	05	12	19	13
15	11	05	12	19	34
15	11	05	12	19	56
15	11	05	12	20	56
15	11	05	12	21	38
15	11	05	12	21	48
15	11	05	12	23	33
15	11	05	12	23	39
15	11	05	12	23	50
15	11	05	12	24	17
15	11	05	12	24	28
15	11	05	12	24	42
15	11	05	12	24	55
15	11	05	12	25	06
15	11	05	12	25	20
15	11	05	12	25	31
15	11	05	14	04	53
15	11	05	14	05	02
15	11	05	14	05	30
15	11	05	14	05	45
15	11	05	14	05	57
15	11	05	14	06	06
15	11	05	14	06	20
15	11	05	14	06	30
15	11	05	14	06	42
15	11	05	14	07	29
15	11	05	14	07	37
15	11	05	14	07	50
15	11	05	14	08	17
15	11	05	14	08	33
15	11	05	14	08	47
15	11	05	14	09	03
15	11	05	14	09	11
15	11	05	14	09	32
15	11	05	14	09	39
15	11	05	14	09	49
15	11	05	14	09	56
15	11	05	14	10	05
15	11	05	14	10	20
15	11	05	14	10	29
15	11	05	14	10	47
15	11	05	14	11	03
15	11	05	14	11	18
15	11	05	14	11	29
15	11	05	14	11	44
15	11	05	14	12	09
15	11	05	14	12	17
15	11	05	14	12	33
15	11	05	14	12	47
15	11	05	14	12	56
15	11	05	14	13	39
15	11	05	14	14	08
15	11	05	14	14	28
15	11	05	14	14	39
15	11	05	14	14	56
15	11	05	14	15	08
15	11	05	14	15	19
15	11	05	14	15	27
15	11	05	14	16	05
15	11	05	14	16	26
15	11	05	14	16	33
15	11	05	14	18	05
15	11	05	14	18	20
15	11	05	14	18	33
15	11	05	14	18	42
15	11	05	14	19	04
15	11	05	14	19	24
15	11	05	14	19	41
15	11	05	14	20	05
15	11	05	14	20	14
15	11	05	14	20	29
15	11	05	14	20	38
15	11	05	14	20	45
15	11	05	14	20	56
15	11	05	14	21	06
15	11	05	14	21	28
15	11	05	14	21	34
15	11	05	14	21	47
15	11	05	14	21	53
15	11	05	14	22	11
15	11	05	14	22	25
15	11	05	14	22	37
15	11	05	14	23	07
15	11	05	14	23	16
15	11	05	14	23	28
15	11	05	14	23	51
15	11	05	14	23	59
15	11	05	14	24	18
15	11	05	14	25	50
15	11	05	14	26	05
15	11	05	14	26	13
15	11	05	14	26	20
15	11	05	14	27	10
15	11	05	14	27	20
15	11	05	14	28	42
15	11	05	14	29	13
15	11	05	14	30	16
15	11	05	14	30	25
15	11	05	14	30	50
15	11	05	14	30	57
15	11	05	14	31	34
15	11	05	14	32	38
15	11	05	14	34	55
15	11	05	14	36	06
15	11	05	14	36	18
15	11	05	14	36	33
15	11	05	14	36	43
15	11	05	14	39	11
15	11	05	14	41	00
15	11	05	14	41	32
15	11	05	14	41	38
15	11	05	14	41	50
15	11	05	14	42	03
15	11	05	14	42	23
15	11	05	14	42	33
15	11	05	14	42	47
15	11	05	14	43	01
15	11	05	14	43	12
15	11	05	14	43	20
15	11	05	14	43	34
15	11	05	14	43	56
15	11	05	14	44	12
15	11	05	14	44	19
15	11	05	14	45	04
15	11	05	14	45	28
15	11	05	14	45	53
15	11	05	14	46	04
15	11	05	14	46	11
15	11	05	14	51	04
15	11	05	14	52	08
15	11	05	14	53	29
15	11	05	14	54	17
15	11	05	14	54	22
15	11	05	14	54	41
15	11	05	14	55	01
15	11	05	14	55	18
15	11	05	14	55	30
15	11	05	14	55	52
15	11	05	14	56	01
15	11	05	14	56	09
15	11	06	09	44	25
15	11	06	09	45	01
15	11	06	09	45	10
15	11	06	09	45	16
15	11	06	09	45	34
15	11	06	09	45	45
15	11	06	09	46	04
15	11	06	09	46	17
15	11	06	09	46	42
15	11	06	09	46	57
15	11	06	09	47	07
15	11	06	09	48	42
15	11	06	09	48	57
15	11	06	09	49	09
15	11	06	09	49	17
15	11	06	09	49	41
15	11	06	09	50	11
15	11	06	09	50	56
15	11	06	09	51	03
15	11	06	09	51	10
15	11	06	09	51	18
15	11	06	09	52	45
15	11	06	09	53	27
15	11	06	09	53	52
15	11	06	09	54	04
15	11	06	09	54	58
15	11	06	09	55	46
15	11	06	09	55	57
15	11	06	09	56	28
15	11	06	09	56	35
15	11	06	09	56	48
15	11	06	09	56	57
15	11	06	09	57	08
15	11	06	09	57	16
15	11	06	09	57	30
15	11	06	09	57	40
15	11	06	09	57	50
15	11	06	09	57	57
15	11	06	09	58	03
15	11	06	09	58	38
15	11	06	09	59	01
15	11	06	10	46	42
15	11	06	10	47	21
15	11	06	10	48	39
15	11	06	10	48	59
15	11	06	10	49	19
15	11	06	10	50	36
15	11	06	10	51	29
15	11	06	10	51	41
15	11	06	10	52	00
15	11	06	10	52	52
15	11	06	10	53	08
15	11	06	10	53	44
15	11	06	10	54	14
15	11	06	10	54	46
15	11	06	10	57	26
15	11	06	10	57	59
15	11	06	10	58	04
15	11	06	10	58	11
15	11	06	10	58	23
15	11	06	10	58	31
15	11	06	10	58	48
15	11	06	10	58	54
15	11	06	10	59	08
15	11	06	10	59	29
15	11	06	10	59	39
15	11	06	10	59	50
15	11	06	11	00	00
15	11	06	11	00	14
15	11	06	13	31	52
15	11	06	13	32	26
15	11	06	13	32	34
15	11	06	13	32	42
15	11	06	13	32	48
15	11	06	13	32	57
15	11	06	13	33	05
15	11	06	13	33	19
15	11	06	13	33	31
15	11	06	13	33	48
15	11	06	13	33	58
15	11	06	13	34	13
15	11	06	13	34	22
15	11	06	13	34	53
15	11	06	13	35	02
15	11	06	13	35	44
15	11	06	13	36	11
15	11	06	13	36	40
15	11	06	13	38	28
15	11	06	13	39	47
15	11	06	13	39	55
15	11	06	13	40	07
15	11	06	13	41	03
15	11	06	13	41	55
15	11	06	13	42	27
15	11	06	13	42	43
15	11	06	13	43	05
15	11	06	13	44	33
15	11	06	13	44	49
15	11	06	13	45	00
15	11	06	13	45	05
15	11	06	13	45	33
15	11	06	13	47	08
15	11	06	13	47	22
15	11	06	13	47	34
15	11	06	13	48	13
15	11	06	13	48	55
15	11	06	13	49	32
15	11	06	13	49	55
15	11	06	13	50	32
15	11	06	13	50	56
15	11	06	13	51	16
15	11	06	13	51	24
15	11	06	13	51	32
15	11	06	13	51	50
15	11	06	13	51	58
15	11	06	13	52	09
15	11	06	13	52	23
15	11	06	13	52	29
15	11	06	13	53	12
15	11	06	13	53	29
15	11	06	13	53	58
15	11	06	13	54	07
15	11	06	13	54	16
15	11	06	13	54	26
15	11	06	13	54	38
15	11	06	13	54	48
15	11	06	13	55	18
15	11	06	13	55	32
15	11	06	13	55	40
15	11	06	13	55	48
15	11	06	13	56	10
15	11	06	13	56	18
15	11	06	13	56	39
15	11	06	13	56	52
15	11	06	13	59	06
15	11	06	13	59	19
15	11	06	13	59	35
15	11	06	13	59	42
15	11	06	14	00	13
15	11	06	14	00	26
15	11	06	14	01	01
15	11	06	14	50	01
15	11	06	14	50	45
15	11	06	14	51	01
15	11	06	14	51	34
15	11	06	14	51	41
15	11	06	14	52	00
15	11	06	14	52	08
15	11	06	14	52	18
15	11	06	14	52	24
15	11	06	14	52	39
15	11	06	14	52	59
15	11	06	14	53	08
15	11	06	14	53	14
15	11	06	14	53	19
15	11	06	14	53	36
15	11	06	14	53	43
15	11	06	14	53	57
15	11	06	14	54	11
15	11	06	14	54	40
15	11	06	14	54	46
15	11	06	14	55	02
15	11	06	14	55	12
15	11	06	14	55	18
15	11	06	14	55	27
15	11	06	14	55	41
15	11	06	14	55	54
15	11	06	14	56	32
15	11	06	14	56	41
15	11	06	14	56	53
15	11	06	14	57	19
15	11	06	14	57	36
15	11	06	14	57	48
15	11	06	14	58	16
15	11	06	14	58	32
15	11	06	14	58	39
15	11	06	14	59	38
15	11	06	15	00	01
15	11	06	15	00	08
15	11	06	15	00	17
15	11	06	15	00	27
15	11	06	15	00	45
15	11	06	15	01	04
15	11	06	15	01	31
15	11	06	15	01	39
15	11	06	15	01	45
15	11	06	15	01	53
15	11	06	15	02	01
15	11	06	15	02	16
15	11	06	15	02	28
15	11	06	15	02	35
15	11	06	15	02	56
15	11	06	15	03	08
15	11	06	15	03	24
15	11	06	16	15	02
15	11	06	16	15	26
15	11	06	16	15	35
15	11	06	16	16	03
15	11	06	16	16	10
15	11	06	16	16	22
15	11	06	16	18	01
15	11	06	16	18	26
15	11	06	16	18	40
15	11	06	16	19	33
15	11	06	16	20	01
15	11	06	16	20	17
15	11	06	16	22	17
15	11	06	16	22	24
15	11	06	16	22	31
15	11	06	16	22	40
15	11	06	16	22	50
15	11	06	16	22	59
15	11	06	16	23	35
15	11	06	16	23	45
15	11	06	16	23	56
15	11	06	16	24	02
15	11	06	16	24	09
15	11	06	16	24	35
15	11	06	16	24	50
15	11	06	16	25	00
15	11	09	09	00	10
15	11	09	09	00	18
15	11	09	09	00	43
15	11	09	09	00	51
15	11	09	09	01	03
15	11	09	09	01	15
15	11	09	09	01	21
15	11	09	09	01	44
15	11	09	09	02	08
15	11	09	09	02	46
15	11	09	09	03	01
15	11	09	09	03	08
15	11	09	09	03	48
15	11	09	09	03	58
15	11	09	09	05	38
15	11	09	09	05	46
15	11	09	09	05	52
15	11	09	09	06	20
15	11	09	09	06	44
15	11	09	09	07	04
15	11	09	09	07	10
15	11	09	09	07	19
15	11	09	09	07	27
15	11	09	09	07	43
15	11	09	09	07	52
15	11	09	09	08	19
15	11	09	09	08	39
15	11	09	09	08	50
15	11	09	09	11	13
15	11	09	09	11	38
15	11	09	09	13	04
15	11	09	09	15	28
15	11	09	09	16	13
15	11	09	09	16	57
15	11	09	09	17	09
15	11	09	09	17	18
15	11	09	09	17	25
15	11	09	09	18	35
15	11	09	09	18	41
15	11	09	09	18	52
15	11	09	09	19	47
15	11	09	09	19	57
15	11	09	09	20	04
15	11	09	09	20	20
15	11	09	09	20	33
15	11	09	09	20	49
15	11	09	09	21	09
15	11	09	09	21	22
15	11	09	09	21	30
15	11	09	10	58	53
15	11	09	10	59	13
15	11	09	10	59	21
15	11	09	10	59	34
15	11	09	10	59	56
15	11	09	11	00	02
15	11	09	11	00	50
15	11	09	11	01	20
15	11	09	11	02	03
15	11	09	11	02	55
15	11	09	11	03	03
15	11	09	11	03	31
15	11	09	11	03	42
15	11	09	11	04	39
15	11	09	11	05	00
15	11	09	11	05	12
15	11	09	11	05	26
15	11	09	11	05	40
15	11	09	11	05	57
15	11	09	11	06	18
15	11	09	11	07	00
15	11	09	11	07	46
15	11	09	11	07	55
15	11	09	11	08	02
15	11	09	11	08	20
15	11	09	11	08	35
15	11	09	11	08	40
15	11	09	11	09	01
15	11	09	11	09	11
15	11	09	11	09	19
15	11	09	11	09	43
15	11	09	11	10	08
15	11	09	11	10	16
15	11	09	11	10	49
15	11	09	11	10	59
15	11	09	11	11	38
15	11	09	11	11	53
15	11	09	14	49	06
15	11	09	14	49	46
15	11	09	14	49	59
15	11	09	14	50	10
15	11	09	14	50	22
15	11	09	14	56	02
15	11	09	14	56	18
15	11	09	14	56	46
15	11	09	14	57	14
15	11	09	14	57	22
15	11	09	14	58	32
15	11	09	14	58	37
15	11	09	15	00	34
15	11	09	15	00	51
15	11	09	15	02	27
15	11	09	15	02	42
15	11	09	15	03	19
15	11	09	15	03	25
15	11	09	15	03	37
15	11	09	15	04	00
15	11	09	15	04	17
15	11	09	15	04	30
15	11	09	15	04	46
15	11	09	15	04	58
15	11	09	15	05	06
15	11	09	15	41	47
15	11	09	15	42	32
15	11	09	15	42	41
15	11	09	15	42	53
15	11	09	15	43	11
15	11	09	15	43	26
15	11	09	15	43	39
15	11	09	15	44	18
15	11	09	15	44	28
15	11	09	15	45	17
15	11	09	15	45	42
15	11	09	15	48	29
15	11	09	15	49	41
15	11	09	15	50	27
15	11	09	15	51	21
15	11	09	15	51	34
15	11	09	15	51	40
15	11	09	15	51	48
15	11	09	15	52	06
15	11	09	15	53	08
15	11	09	15	53	15
15	11	09	15	54	07
15	11	09	15	54	44
15	11	09	15	55	02
15	11	09	15	55	15
15	11	09	15	55	34
15	11	09	15	55	41
15	11	09	15	55	52
15	11	09	15	55	59
15	11	09	15	56	10
15	11	10	09	34	43
15	11	10	09	35	16
15	11	10	09	35	22
15	11	10	09	35	39
15	11	10	09	35	47
15	11	10	09	35	53
15	11	10	09	36	19
15	11	10	09	36	41
15	11	10	09	37	02
15	11	10	09	38	07
15	11	10	09	38	25
15	11	10	09	38	43
15	11	10	09	39	45
15	11	10	09	43	07
15	11	10	09	43	20
15	11	10	09	43	35
15	11	10	09	43	46
15	11	10	09	44	08
15	11	10	09	44	50
15	11	10	09	45	02
15	11	10	09	45	09
15	11	10	09	45	39
15	11	10	09	45	49
15	11	10	09	46	04
15	11	10	09	46	52
15	11	10	09	47	20
15	11	10	12	00	30
15	11	10	12	01	27
15	11	10	12	01	35
15	11	10	12	01	49
15	11	10	12	02	44
15	11	10	12	04	02
15	11	10	12	05	07
15	11	10	12	06	42
15	11	10	12	06	55
15	11	10	12	08	34
15	11	10	12	10	35
15	11	10	12	11	53
15	11	10	12	12	10
15	11	10	12	12	25
15	11	10	12	12	47
15	11	10	12	13	03
15	11	10	12	13	28
15	11	10	12	13	48
15	11	10	12	13	54
15	11	10	12	14	08
15	11	10	12	14	21
15	11	10	12	14	39
15	11	10	12	14	52
15	11	10	12	15	07
15	11	10	12	15	23
15	11	10	12	15	34
15	11	10	12	15	55
15	11	10	12	16	02
15	11	10	12	16	18
15	11	10	12	16	23
15	11	10	12	16	33
15	11	10	12	17	15
15	11	10	12	17	30
15	11	10	12	39	54
15	11	10	13	09	17
15	11	10	13	09	25
15	11	10	13	09	38
15	11	10	13	10	03
15	11	10	13	10	14
15	11	10	13	10	26
15	11	10	13	10	41
15	11	10	13	10	56
15	11	10	13	11	17
15	11	10	13	11	29
15	11	10	13	15	25
15	11	10	13	21	26
15	11	10	13	26	03
15	11	10	13	35	17
15	11	10	13	35	35
15	11	10	13	35	55
15	11	10	13	36	27
15	11	10	13	36	36
15	11	10	13	36	45
15	11	10	13	36	58
15	11	10	13	37	07
15	11	10	13	37	12
15	11	10	14	13	56
15	11	10	14	14	01
15	11	10	14	14	18
15	11	10	14	14	32
15	11	10	14	14	45
15	11	10	14	15	02
15	11	10	14	15	31
15	11	10	14	15	40
15	11	10	14	19	02
15	11	10	14	19	30
15	11	10	14	19	36
15	11	10	14	20	12
15	11	10	14	20	21
15	11	10	14	20	53
15	11	10	14	21	24
15	11	10	14	21	32
15	11	10	14	21	46
15	11	10	14	22	00
15	11	10	14	22	09
15	11	10	14	22	28
15	11	10	14	22	40
15	11	10	14	22	47
15	11	10	14	23	21
15	11	10	14	23	54
15	11	10	14	24	14
15	11	10	14	24	44
15	11	10	14	24	53
15	11	10	14	25	09
15	11	10	14	25	16
15	11	10	14	25	21
15	11	10	14	25	28
15	11	10	14	25	44
15	11	10	14	25	57
15	11	10	14	26	14
15	11	10	14	26	28
15	11	10	14	26	46
15	11	10	14	27	02
15	11	10	14	27	21
15	11	10	14	27	37
15	11	10	14	27	54
15	11	10	14	28	51
15	11	10	14	29	01
15	11	10	14	29	08
15	11	10	14	30	29
15	11	10	14	30	55
15	11	10	14	31	04
15	11	10	14	31	18
15	11	10	14	31	30
15	11	10	14	31	41
15	11	10	14	32	21
15	11	10	14	32	34
15	11	10	14	33	36
15	11	10	14	34	15
15	11	10	14	34	45
15	11	10	14	34	57
15	11	10	14	35	11
15	11	10	14	35	25
15	11	10	14	35	35
15	11	10	14	35	56
15	11	10	14	36	40
15	11	10	14	36	49
15	11	10	14	37	40
15	11	10	14	38	14
15	11	10	14	38	21
15	11	10	14	38	35
15	11	10	14	38	51
15	11	10	14	39	04
15	11	10	14	39	10
15	11	10	14	39	22
15	11	10	14	39	31
15	11	10	14	39	37
15	11	10	14	39	47
15	11	10	14	39	55
15	11	10	14	40	22
15	11	10	14	41	20
15	11	10	16	17	04
15	11	10	16	17	31
15	11	10	16	17	42
15	11	10	16	17	57
15	11	10	16	18	09
15	11	10	16	18	30
15	11	10	16	18	43
15	11	10	16	18	53
15	11	10	16	19	04
15	11	10	16	19	35
15	11	10	16	20	54
15	11	10	16	21	33
15	11	10	16	21	59
15	11	10	16	22	58
15	11	10	16	24	33
15	11	10	16	24	39
15	11	10	16	26	14
15	11	10	16	27	16
15	11	10	16	27	44
15	11	10	16	29	12
15	11	10	16	29	34
15	11	10	16	31	20
15	11	10	16	31	38
15	11	10	16	31	54
15	11	10	16	32	06
15	11	10	16	32	14
15	11	10	16	32	24
15	11	10	16	32	32
15	11	10	16	32	40
15	11	10	16	33	41
15	11	10	16	33	48
15	11	11	00	19	31
15	11	11	00	20	13
15	11	12	09	38	03
15	11	12	09	38	38
15	11	12	09	39	40
15	11	12	09	39	52
15	11	12	09	39	59
15	11	12	09	40	13
15	11	12	09	41	10
15	11	12	09	41	18
15	11	12	09	42	37
15	11	12	09	42	53
15	11	12	09	43	03
15	11	12	09	43	25
15	11	12	09	44	27
15	11	12	09	44	39
15	11	12	09	44	56
15	11	12	09	45	19
15	11	12	09	45	35
15	11	12	09	46	27
15	11	12	09	46	41
15	11	12	09	46	48
15	11	12	09	46	54
15	11	12	09	47	05
15	11	12	09	47	15
15	11	12	09	47	23
15	11	12	09	47	54
15	11	12	09	48	04
15	11	12	09	48	13
15	11	12	09	48	50
15	11	12	09	49	01
15	11	12	09	49	15
15	11	12	09	49	22
15	11	12	09	49	30
15	11	12	09	49	45
15	11	12	09	49	58
15	11	12	09	50	34
15	11	12	09	50	40
15	11	12	09	51	24
15	11	12	11	06	08
15	11	12	11	06	22
15	11	12	11	06	36
15	11	12	11	06	47
15	11	12	11	07	04
15	11	12	11	07	18
15	11	12	11	07	27
15	11	12	11	07	34
15	11	12	11	07	40
15	11	12	11	07	57
15	11	12	11	08	10
15	11	12	11	08	19
15	11	12	11	08	28
15	11	12	11	08	45
15	11	12	11	10	17
15	11	12	11	10	34
15	11	12	11	13	46
15	11	12	11	14	34
15	11	12	11	14	46
15	11	12	11	21	17
15	11	12	11	25	34
15	11	12	11	26	38
15	11	12	11	29	19
15	11	12	11	32	01
15	11	12	11	32	20
15	11	12	11	32	29
15	11	12	11	33	04
15	11	12	11	33	35
15	11	12	11	33	49
15	11	12	11	33	56
15	11	12	11	41	20
15	11	12	11	41	39
15	11	12	11	41	56
15	11	12	11	42	09
15	11	12	11	42	15
15	11	12	11	42	39
15	11	12	11	43	11
15	11	12	11	43	21
15	11	12	11	43	27
15	11	12	11	43	34
15	11	12	11	43	44
15	11	12	11	43	57
15	11	12	11	44	05
15	11	12	11	44	33
15	11	12	11	44	39
15	11	12	11	45	00
15	11	12	11	45	09
15	11	12	11	45	20
15	11	12	11	45	49
15	11	12	11	46	05
15	11	12	11	46	19
15	11	12	11	46	27
15	11	12	11	47	26
15	11	12	11	49	56
15	11	12	11	50	18
15	11	12	11	50	51
15	11	12	11	51	13
15	11	12	11	51	52
15	11	12	11	52	02
15	11	12	11	52	13
15	11	12	11	52	21
15	11	12	11	52	44
15	11	12	11	52	58
15	11	12	11	53	10
15	11	12	11	53	18
15	11	12	11	53	27
15	11	12	11	53	39
15	11	12	11	53	50
15	11	12	11	54	03
15	11	12	11	54	21
15	11	12	11	54	36
15	11	12	14	34	14
15	11	12	14	34	19
15	11	12	14	34	35
15	11	12	14	34	55
15	11	12	14	35	02
15	11	12	14	35	11
15	11	12	14	35	17
15	11	12	14	36	22
15	11	12	14	36	44
15	11	12	14	36	59
15	11	12	14	38	06
15	11	12	14	38	26
15	11	12	14	39	15
15	11	12	14	39	21
15	11	12	14	39	27
15	11	12	14	39	50
15	11	12	14	40	02
15	11	12	14	40	14
15	11	12	14	40	22
15	11	12	14	40	34
15	11	12	14	40	53
15	11	12	14	41	19
15	11	12	14	41	30
15	11	12	14	41	46
15	11	12	14	42	51
15	11	12	14	43	00
15	11	12	14	43	49
15	11	12	14	43	59
15	11	12	14	44	34
15	11	12	14	44	47
15	11	12	14	45	09
15	11	12	14	45	31
15	11	12	14	45	37
15	11	12	14	45	47
15	11	12	14	46	19
15	11	12	14	46	34
15	11	12	14	47	32
15	11	12	14	47	49
15	11	12	14	48	10
15	11	12	14	48	21
15	11	12	14	48	40
15	11	12	14	49	14
15	11	12	14	49	31
15	11	12	14	49	54
15	11	12	14	50	24
15	11	12	14	50	31
15	11	12	14	50	38
15	11	12	14	50	49
15	11	12	14	50	57
15	11	12	14	51	43
15	11	12	14	52	08
15	11	12	14	54	47
15	11	12	14	55	06
15	11	12	14	55	14
15	11	12	14	55	20
15	11	12	14	55	39
15	11	12	14	55	56
15	11	12	14	56	12
15	11	12	14	56	26
15	11	12	14	56	32
15	11	12	14	56	43
15	11	12	14	58	43
15	11	12	15	01	35
15	11	12	15	04	42
15	11	12	15	05	34
15	11	12	15	10	01
15	11	12	15	13	06
15	11	12	15	14	20
15	11	12	15	15	39
15	11	12	15	17	23
15	11	12	15	17	39
15	11	12	15	17	48
15	11	12	15	18	34
15	11	12	15	18	46
15	11	12	15	19	14
15	11	12	17	50	16
15	11	12	17	52	04
15	11	13	09	17	28
15	11	13	09	18	10
15	11	13	09	18	56
15	11	13	09	19	01
15	11	13	09	19	27
15	11	13	09	19	38
15	11	13	09	19	56
15	11	13	09	20	17
15	11	13	09	20	26
15	11	13	09	20	41
15	11	13	09	21	48
15	11	13	09	22	14
15	11	13	09	22	56
15	11	13	09	23	02
15	11	13	09	25	28
15	11	13	09	25	34
15	11	13	09	25	48
15	11	13	09	25	54
15	11	13	09	26	10
15	11	13	09	28	47
15	11	13	09	29	17
15	11	13	09	31	20
15	11	13	09	34	30
15	11	13	09	34	40
15	11	13	09	37	41
15	11	13	09	37	55
15	11	13	09	38	41
15	11	13	09	39	16
15	11	13	09	39	30
15	11	13	09	39	35
15	11	13	09	39	48
15	11	13	09	40	10
15	11	13	09	40	29
15	11	13	09	40	49
15	11	13	09	40	56
15	11	13	09	41	03
15	11	13	09	41	12
15	11	13	09	41	20
15	11	13	09	41	43
15	11	13	09	43	53
15	11	13	09	44	08
15	11	13	09	44	15
15	11	13	09	44	45
15	11	13	09	44	55
15	11	13	09	45	09
15	11	13	09	45	27
15	11	13	09	45	38
15	11	13	09	45	59
15	11	13	09	46	07
15	11	13	09	46	14
15	11	13	09	46	22
15	11	13	09	47	39
15	11	13	09	48	10
15	11	13	09	48	23
15	11	13	09	49	03
15	11	13	09	49	17
15	11	13	09	49	49
15	11	13	09	49	56
15	11	13	09	50	12
15	11	13	09	50	29
15	11	13	09	50	49
15	11	13	09	51	13
15	11	13	09	51	25
15	11	13	09	51	48
15	11	13	09	52	14
15	11	13	09	52	31
15	11	13	09	52	40
15	11	13	09	53	02
15	11	13	09	53	18
15	11	13	09	53	37
15	11	13	14	05	55
15	11	13	14	06	06
15	11	13	14	06	47
15	11	13	14	06	54
15	11	13	14	07	07
15	11	13	14	07	20
15	11	13	14	07	26
15	11	13	14	07	32
15	11	13	14	07	44
15	11	13	14	07	57
15	11	13	14	08	05
15	11	13	14	08	11
15	11	13	14	08	56
15	11	13	14	09	10
15	11	13	14	10	06
15	11	13	14	10	27
15	11	13	14	10	41
15	11	13	14	10	58
15	11	13	14	11	53
15	11	13	14	13	04
15	11	13	14	13	09
15	11	13	14	13	59
15	11	13	14	14	10
15	11	13	14	14	33
15	11	13	14	14	44
15	11	13	14	15	00
15	11	13	14	15	47
15	11	13	14	16	22
15	11	13	14	17	19
15	11	13	14	17	33
15	11	13	14	17	43
15	11	13	14	17	49
15	11	13	14	18	05
15	11	13	14	18	39
15	11	13	14	19	45
15	11	13	14	19	59
15	11	13	14	20	09
15	11	13	14	20	20
15	11	13	14	22	10
15	11	13	14	22	21
15	11	13	14	22	54
15	11	13	14	23	23
15	11	13	14	24	09
15	11	13	14	24	56
15	11	13	14	25	23
15	11	13	14	25	35
15	11	13	14	25	43
15	11	13	14	25	51
15	11	13	14	25	58
15	11	13	14	26	07
15	11	13	14	26	16
15	11	13	14	26	35
15	11	13	14	26	56
15	11	13	14	27	02
15	11	13	14	27	38
15	11	13	14	27	57
15	11	13	14	28	14
15	11	13	14	28	24
15	11	13	14	55	42
15	11	13	14	55	57
15	11	13	14	56	21
15	11	13	14	56	28
15	11	13	14	56	34
15	11	13	14	56	56
15	11	13	14	57	10
15	11	13	14	57	20
15	11	13	14	57	39
15	11	13	14	57	49
15	11	13	14	58	00
15	11	13	14	58	09
15	11	13	14	58	28
15	11	13	14	59	05
15	11	13	14	59	13
15	11	13	14	59	38
15	11	13	14	59	58
15	11	13	15	00	09
15	11	13	15	01	01
15	11	13	15	01	37
15	11	13	15	01	50
15	11	13	15	01	57
15	11	13	15	02	15
15	11	13	15	02	22
15	11	13	15	02	35
15	11	13	15	03	07
15	11	13	15	03	20
15	11	13	15	03	46
15	11	13	15	04	02
15	11	13	15	04	32
15	11	13	15	05	12
15	11	13	15	05	22
15	11	13	15	05	31
15	11	13	15	05	39
15	11	13	15	05	47
15	11	13	15	06	01
15	11	13	15	06	08
15	11	13	15	06	17
15	11	13	15	06	25
15	11	13	15	06	40
15	11	13	15	06	58
15	11	13	15	07	09
15	11	13	20	27	40
15	11	13	20	27	53
15	11	16	14	01	38
15	11	16	14	01	45
15	11	16	14	02	10
15	11	16	14	02	17
15	11	16	14	02	49
15	11	16	14	02	56
15	11	16	14	03	22
15	11	16	14	03	35
15	11	16	14	03	55
15	11	16	14	04	17
15	11	16	14	04	49
15	11	16	14	05	16
15	11	16	14	05	26
15	11	16	14	05	34
15	11	16	14	05	42
15	11	16	14	05	58
15	11	16	14	06	15
15	11	16	14	06	28
15	11	16	14	09	11
15	11	16	14	10	03
15	11	16	14	12	29
15	11	16	14	13	01
15	11	16	14	13	37
15	11	16	14	15	24
15	11	16	14	17	46
15	11	16	14	23	40
15	11	16	14	23	52
15	11	16	14	25	27
15	11	16	14	27	10
15	11	16	14	27	45
15	11	16	14	27	53
15	11	16	14	28	09
15	11	16	14	28	26
15	11	16	14	28	34
15	11	16	14	28	41
15	11	16	14	29	05
15	11	16	14	29	12
15	11	16	14	29	38
15	11	16	14	29	54
15	11	16	14	34	32
15	11	16	14	35	03
15	11	16	14	35	09
15	11	16	14	35	29
15	11	16	14	35	59
15	11	16	14	36	36
15	11	16	14	36	52
15	11	16	14	37	02
15	11	16	14	37	18
15	11	16	14	37	28
15	11	16	14	37	47
15	11	16	14	37	54
15	11	16	14	38	47
15	11	16	14	39	01
15	11	16	14	39	21
15	11	16	14	40	01
15	11	16	14	40	37
15	11	16	14	40	56
15	11	16	14	42	27
15	11	16	14	42	47
15	11	16	14	42	56
15	11	16	14	43	43
15	11	16	14	44	02
15	11	16	14	44	10
15	11	16	14	44	28
15	11	16	14	44	39
15	11	16	14	44	59
15	11	16	14	45	47
15	11	16	14	47	15
15	11	16	14	47	34
15	11	16	14	47	46
15	11	16	14	47	54
15	11	16	14	48	18
15	11	16	14	48	45
15	11	16	14	48	56
15	11	16	14	49	03
15	11	16	14	49	12
15	11	16	14	49	19
15	11	16	14	49	30
15	11	16	14	50	20
15	11	16	18	38	46
15	11	16	22	13	00
15	11	17	08	35	44
15	11	17	08	36	03
15	11	17	08	36	20
15	11	17	08	37	17
15	11	17	08	37	36
15	11	17	08	37	44
15	11	17	08	37	56
15	11	17	08	38	26
15	11	17	08	38	38
15	11	17	08	38	56
15	11	17	08	39	01
15	11	17	08	39	23
15	11	17	08	39	46
15	11	17	08	40	09
15	11	17	08	40	19
15	11	17	08	40	35
15	11	17	08	40	43
15	11	17	08	40	51
15	11	17	08	40	58
15	11	17	08	41	08
15	11	17	08	41	26
15	11	17	08	41	45
15	11	17	08	41	57
15	11	17	08	42	32
15	11	17	08	42	37
15	11	17	08	43	09
15	11	17	08	43	15
15	11	17	08	43	25
15	11	17	08	43	41
15	11	17	08	43	50
15	11	17	08	51	04
15	11	17	08	51	09
15	11	17	08	51	18
15	11	17	08	52	28
15	11	17	08	54	06
15	11	17	08	54	18
15	11	17	08	54	27
15	11	17	08	54	41
15	11	17	08	54	47
15	11	17	08	54	52
15	11	17	08	55	06
15	11	17	08	55	21
15	11	17	08	55	47
15	11	17	08	55	54
15	11	17	08	56	00
15	11	17	08	56	08
15	11	17	08	59	59
15	11	17	09	00	04
15	11	17	09	03	25
15	11	17	09	05	27
15	11	17	09	06	44
15	11	17	09	08	01
15	11	17	09	08	20
15	11	17	09	08	32
15	11	17	09	08	52
15	11	17	09	09	03
15	11	17	09	09	09
15	11	17	09	09	21
15	11	17	09	09	35
15	11	17	09	09	43
15	11	17	09	12	46
15	11	17	09	14	05
15	11	17	09	14	16
15	11	17	09	14	28
15	11	17	09	14	38
15	11	17	09	14	50
15	11	17	09	15	05
15	11	17	09	15	16
15	11	17	09	15	24
15	11	17	09	15	36
15	11	17	09	15	57
15	11	17	09	16	04
15	11	17	09	16	20
15	11	17	09	16	40
15	11	17	09	16	48
15	11	17	09	17	01
15	11	17	09	17	13
15	11	17	09	17	20
15	11	17	09	17	54
15	11	17	09	18	14
15	11	17	09	18	27
15	11	17	09	18	52
15	11	17	09	19	01
15	11	17	09	19	15
15	11	17	09	19	26
15	11	17	09	19	50
15	11	17	09	27	34
15	11	17	09	27	47
15	11	17	09	27	58
15	11	17	09	28	08
15	11	17	09	28	52
15	11	17	09	29	01
15	11	17	09	29	08
15	11	17	09	29	26
15	11	17	09	29	40
15	11	17	09	30	05
15	11	17	09	31	11
15	11	17	09	33	09
15	11	17	09	35	56
15	11	17	09	36	24
15	11	17	09	36	48
15	11	17	09	36	59
15	11	17	09	37	06
15	11	17	09	37	13
15	11	17	09	37	30
15	11	17	09	37	36
15	11	17	09	37	46
15	11	17	09	38	06
15	11	17	09	38	42
15	11	17	09	38	59
15	11	17	09	39	07
15	11	17	09	39	13
15	11	17	09	39	32
15	11	17	09	39	51
15	11	17	10	49	04
15	11	17	10	49	31
15	11	17	10	49	42
15	11	17	10	49	49
15	11	17	10	50	10
15	11	17	10	50	37
15	11	17	10	50	51
15	11	17	10	51	17
15	11	17	10	51	32
15	11	17	10	51	39
15	11	17	10	51	49
15	11	17	10	52	04
15	11	17	10	52	10
15	11	17	10	52	28
15	11	17	10	52	39
15	11	17	10	52	49
15	11	17	10	53	05
15	11	17	10	53	29
15	11	17	10	53	41
15	11	17	10	54	07
15	11	17	10	54	23
15	11	17	10	54	35
15	11	17	10	54	51
15	11	17	10	55	24
15	11	17	10	55	32
15	11	17	10	55	46
15	11	17	10	55	53
15	11	17	10	55	59
15	11	17	10	56	24
15	11	17	10	56	46
15	11	17	10	56	55
15	11	17	10	57	12
15	11	17	10	57	28
15	11	17	10	57	35
15	11	17	10	57	48
15	11	17	11	25	48
15	11	17	11	25	53
15	11	17	11	26	36
15	11	17	11	26	45
15	11	17	11	27	12
15	11	17	11	27	35
15	11	17	11	28	08
15	11	17	11	29	27
15	11	17	11	32	35
15	11	17	11	32	50
15	11	17	11	33	06
15	11	17	11	33	28
15	11	17	11	33	37
15	11	17	11	34	25
15	11	17	11	34	32
15	11	17	11	34	39
15	11	17	11	34	46
15	11	17	11	34	52
15	11	17	11	35	22
15	11	17	11	35	27
15	11	17	11	35	53
15	11	17	11	36	23
15	11	17	12	35	30
15	11	17	12	35	35
15	11	17	12	35	52
15	11	17	12	36	00
15	11	17	12	36	23
15	11	17	12	36	30
15	11	17	12	36	41
15	11	17	12	36	47
15	11	17	12	37	22
15	11	17	12	39	10
15	11	17	12	43	14
15	11	17	12	45	03
15	11	17	12	46	13
15	11	17	12	46	24
15	11	17	12	47	56
15	11	17	12	53	53
15	11	17	12	54	03
15	11	17	12	57	54
15	11	17	12	58	54
15	11	17	12	59	00
15	11	17	12	59	18
15	11	17	12	59	51
15	11	17	12	59	57
15	11	17	13	00	05
15	11	17	13	00	32
15	11	17	13	00	43
15	11	17	13	00	57
15	11	17	13	01	12
15	11	17	13	01	18
15	11	17	13	01	39
15	11	17	14	15	07
15	11	17	14	15	40
15	11	17	14	16	06
15	11	17	14	16	14
15	11	17	14	16	19
15	11	17	14	16	38
15	11	17	14	16	54
15	11	17	14	17	03
15	11	17	14	17	13
15	11	17	14	17	26
15	11	17	14	17	35
15	11	17	14	17	41
15	11	17	14	17	50
15	11	17	14	17	59
15	11	17	14	18	13
15	11	17	14	18	21
15	11	17	14	18	29
15	11	17	14	26	35
15	11	17	14	28	20
15	11	17	14	29	20
15	11	17	14	30	22
15	11	17	14	31	12
15	11	17	14	31	19
15	11	17	14	31	32
15	11	17	14	31	39
15	11	17	14	31	46
15	11	17	14	31	54
15	11	17	14	32	03
15	11	17	14	32	15
15	11	17	14	32	25
15	11	17	14	32	30
15	11	17	14	32	35
15	11	17	14	32	47
15	11	17	14	32	56
15	11	17	14	34	38
15	11	17	14	36	55
15	11	17	14	40	35
15	11	17	14	41	08
15	11	17	14	43	19
15	11	17	14	44	37
15	11	17	14	46	09
15	11	17	14	46	25
15	11	17	14	46	57
15	11	17	14	47	09
15	11	17	14	47	27
15	11	17	14	47	32
15	11	17	14	47	49
15	11	17	14	51	11
15	11	17	14	52	05
15	11	17	14	52	14
15	11	17	14	52	20
15	11	17	14	52	31
15	11	17	14	52	43
15	11	17	14	53	01
15	11	17	14	54	09
15	11	17	14	54	17
15	11	17	14	54	40
15	11	17	14	54	58
15	11	17	14	55	11
15	11	17	14	55	35
15	11	17	14	55	45
15	11	17	14	55	50
15	11	17	14	56	31
15	11	17	21	41	41
15	11	17	21	41	54
15	11	18	09	17	39
15	11	18	09	17	46
15	11	18	09	17	59
15	11	18	09	18	05
15	11	18	09	18	52
15	11	18	09	19	03
15	11	18	09	19	16
15	11	18	09	19	26
15	11	18	09	20	16
15	11	18	09	20	44
15	11	18	09	21	01
15	11	18	09	21	22
15	11	18	09	21	40
15	11	18	09	21	52
15	11	18	09	22	09
15	11	18	09	22	36
15	11	18	09	23	08
15	11	18	09	23	26
15	11	18	09	25	42
15	11	18	09	26	16
15	11	18	09	26	22
15	11	18	09	29	36
15	11	18	09	33	43
15	11	18	09	33	50
15	11	18	09	35	08
15	11	18	09	35	59
15	11	18	09	37	10
15	11	18	09	38	13
15	11	18	09	38	21
15	11	18	09	38	27
15	11	18	09	38	38
15	11	18	09	39	00
15	11	18	09	39	11
15	11	18	09	39	27
15	11	18	09	39	57
15	11	18	09	40	55
15	11	18	12	56	16
15	11	18	12	56	38
15	11	18	12	56	47
15	11	18	12	56	54
15	11	18	12	57	08
15	11	18	12	57	34
15	11	18	12	57	43
15	11	18	12	58	09
15	11	18	12	58	16
15	11	18	12	58	27
15	11	18	12	58	38
15	11	18	12	58	52
15	11	18	12	59	35
15	11	18	13	01	22
15	11	18	13	01	53
15	11	18	13	02	04
15	11	18	13	02	16
15	11	18	13	03	23
15	11	18	13	03	38
15	11	18	13	04	25
15	11	18	13	04	57
15	11	18	13	05	07
15	11	18	13	06	08
15	11	18	13	06	41
15	11	18	13	07	15
15	11	18	13	07	53
15	11	18	13	08	19
15	11	18	13	08	56
15	11	18	13	09	03
15	11	18	13	09	25
15	11	18	13	10	24
15	11	18	13	11	02
15	11	18	13	11	12
15	11	18	13	11	37
15	11	18	13	11	46
15	11	18	13	11	57
15	11	18	13	12	10
15	11	18	13	12	47
15	11	18	13	13	21
15	11	18	13	13	32
15	11	18	13	14	13
15	11	18	13	14	45
15	11	18	13	14	58
15	11	18	13	16	18
15	11	18	13	16	25
15	11	18	13	16	37
15	11	18	13	16	50
15	11	18	13	17	03
15	11	18	13	17	22
15	11	18	13	18	01
15	11	18	13	19	10
15	11	18	13	19	39
15	11	18	13	19	53
15	11	18	13	20	06
15	11	18	13	20	34
15	11	18	13	20	41
15	11	18	13	20	56
15	11	18	13	21	04
15	11	18	13	21	31
15	11	18	13	21	51
15	11	18	13	22	04
15	11	18	13	22	10
15	11	18	13	22	20
15	11	18	13	23	08
15	11	18	13	23	18
15	11	18	13	23	36
15	11	18	14	23	21
15	11	18	14	24	32
15	11	18	14	24	56
15	11	18	14	25	17
15	11	18	14	25	29
15	11	18	14	25	38
15	11	18	14	26	38
15	11	18	14	26	51
15	11	18	14	26	57
15	11	18	14	27	05
15	11	18	14	29	21
15	11	18	14	32	00
15	11	18	14	32	14
15	11	18	14	32	27
15	11	18	14	32	43
15	11	18	14	32	54
15	11	18	14	33	02
15	11	18	14	33	09
15	11	18	14	33	20
15	11	18	14	33	36
15	11	18	14	33	51
15	11	18	14	34	07
15	11	18	14	34	15
15	11	18	14	34	25
15	11	18	14	35	23
15	11	18	14	35	59
15	11	18	14	43	41
15	11	18	14	44	03
15	11	18	14	44	17
15	11	18	14	44	30
15	11	18	14	44	45
15	11	18	14	44	52
15	11	18	14	45	05
15	11	18	14	46	14
15	11	18	14	47	58
15	11	18	14	48	14
15	11	18	14	48	28
15	11	18	14	48	44
15	11	18	14	49	19
15	11	18	14	51	13
15	11	18	14	51	21
15	11	18	14	51	26
15	11	18	14	51	36
15	11	18	14	51	56
15	11	18	14	52	06
15	11	18	14	52	32
15	11	18	14	52	42
15	11	18	14	52	57
15	11	18	14	54	57
15	11	18	14	56	16
15	11	18	14	56	45
15	11	18	14	56	56
15	11	18	14	57	42
15	11	18	14	57	51
15	11	18	14	58	12
15	11	18	14	58	20
15	11	18	14	59	17
15	11	18	15	00	17
15	11	18	15	00	26
15	11	18	15	01	59
15	11	18	15	02	27
15	11	18	15	02	50
15	11	18	15	03	14
15	11	18	15	03	25
15	11	18	15	03	37
15	11	18	15	03	53
15	11	18	22	14	00
15	11	18	22	14	11
15	11	19	08	22	50
15	11	19	08	22	56
15	11	19	08	23	29
15	11	19	08	23	58
15	11	19	08	24	05
15	11	19	08	24	12
15	11	19	08	24	27
15	11	19	08	24	38
15	11	19	08	24	44
15	11	19	08	24	55
15	11	19	08	25	06
15	11	19	08	25	19
15	11	19	08	25	24
15	11	19	08	25	42
15	11	19	08	25	51
15	11	19	08	25	58
15	11	19	08	26	18
15	11	19	08	26	31
15	11	19	08	26	47
15	11	19	08	26	56
15	11	19	08	27	32
15	11	19	08	27	51
15	11	19	08	28	27
15	11	19	08	32	05
15	11	19	08	35	15
15	11	19	08	39	53
15	11	19	08	40	00
15	11	19	08	40	14
15	11	19	08	40	37
15	11	19	08	40	59
15	11	19	08	41	08
15	11	19	08	41	14
15	11	19	08	41	20
15	11	19	08	41	25
15	11	19	08	41	30
15	11	19	08	41	50
15	11	19	08	41	56
15	11	19	08	42	16
15	11	19	08	42	24
15	11	19	08	42	30
15	11	19	08	44	27
15	11	19	08	45	44
15	11	19	08	45	50
15	11	19	08	46	33
15	11	19	08	48	03
15	11	19	08	48	15
15	11	19	08	48	22
15	11	19	08	48	38
15	11	19	08	49	00
15	11	19	08	49	06
15	11	19	08	50	43
15	11	19	08	51	36
15	11	19	08	51	59
15	11	19	08	53	02
15	11	19	08	53	26
15	11	19	08	53	38
15	11	19	08	54	01
15	11	19	08	56	30
15	11	19	08	56	45
15	11	19	08	56	55
15	11	19	08	57	02
15	11	19	08	57	35
15	11	19	08	57	49
15	11	19	08	58	25
15	11	19	08	58	33
15	11	19	08	58	45
15	11	19	08	58	53
15	11	19	08	59	02
15	11	19	08	59	12
15	11	19	08	59	20
15	11	19	08	59	33
15	11	19	08	59	40
15	11	19	08	59	58
15	11	19	09	00	08
15	11	19	09	00	18
15	11	19	09	00	38
15	11	19	09	01	16
15	11	19	09	01	26
15	11	19	09	50	49
15	11	19	09	51	05
15	11	19	09	51	42
15	11	19	09	52	13
15	11	19	09	52	25
15	11	19	09	52	46
15	11	19	09	52	52
15	11	19	09	53	34
15	11	19	09	54	59
15	11	19	09	56	36
15	11	19	09	58	20
15	11	19	09	58	44
15	11	19	09	59	11
15	11	19	09	59	24
15	11	19	09	59	43
15	11	19	10	00	31
15	11	19	10	00	37
15	11	19	10	00	43
15	11	19	10	01	21
15	11	19	10	01	26
15	11	19	10	01	35
15	11	19	10	01	43
15	11	19	10	02	20
15	11	19	10	02	52
15	11	19	11	00	16
15	11	19	11	00	32
15	11	19	11	00	54
15	11	19	11	01	15
15	11	19	11	01	27
15	11	19	11	02	23
15	11	19	11	04	25
15	11	19	11	05	09
15	11	19	11	05	45
15	11	19	11	06	10
15	11	19	11	06	57
15	11	19	11	07	15
15	11	19	11	07	21
15	11	19	11	07	40
15	11	19	11	07	56
15	11	19	11	08	04
15	11	19	11	08	25
15	11	19	11	08	40
15	11	19	11	08	56
15	11	19	11	10	26
15	11	19	11	10	48
15	11	19	11	11	08
15	11	19	11	11	15
15	11	19	11	11	25
15	11	19	11	11	45
15	11	19	11	11	55
15	11	19	11	12	08
15	11	19	11	12	16
15	11	19	11	12	45
15	11	19	11	13	20
15	11	19	11	13	29
15	11	19	11	14	09
15	11	19	11	14	19
15	11	19	11	14	44
15	11	19	11	15	03
15	11	19	11	16	11
15	11	19	11	16	34
15	11	19	11	16	52
15	11	19	11	17	23
15	11	19	11	17	50
15	11	19	11	18	00
15	11	19	14	06	03
15	11	19	14	06	58
15	11	19	14	07	11
15	11	19	14	07	20
15	11	19	14	08	10
15	11	19	14	08	29
15	11	19	14	09	10
15	11	19	14	09	16
15	11	19	14	09	42
15	11	19	14	09	55
15	11	19	14	10	02
15	11	19	14	10	16
15	11	19	14	10	23
15	11	19	14	10	32
15	11	19	14	10	44
15	11	19	14	10	55
15	11	19	14	11	05
15	11	19	14	11	15
15	11	19	14	11	28
15	11	19	14	11	47
15	11	19	14	11	54
15	11	19	14	12	17
15	11	19	14	12	29
15	11	19	14	19	12
15	11	19	14	22	30
15	11	19	14	24	28
15	11	19	14	24	52
15	11	19	14	25	12
15	11	19	14	25	24
15	11	19	14	25	32
15	11	19	14	25	47
15	11	19	14	25	58
15	11	19	14	26	13
15	11	19	14	26	21
15	11	19	14	26	28
15	11	19	14	26	37
15	11	19	14	29	56
15	11	19	14	33	48
15	11	19	14	34	21
15	11	19	14	38	33
15	11	19	14	39	19
15	11	19	14	40	40
15	11	19	14	40	52
15	11	19	14	41	16
15	11	19	14	41	24
15	11	19	14	41	37
15	11	19	14	41	44
15	11	19	14	41	55
15	11	19	14	42	10
15	11	19	14	42	16
15	11	19	14	42	27
15	11	19	14	42	34
15	11	19	14	42	47
15	11	19	14	42	55
15	11	19	14	43	14
15	11	19	14	43	38
15	11	19	14	44	18
15	11	19	14	44	28
15	11	19	14	44	41
15	11	19	14	44	47
15	11	19	14	44	56
15	11	19	14	45	04
15	11	19	14	45	17
15	11	19	14	45	31
15	11	19	14	45	42
15	11	19	14	46	18
15	11	19	14	46	32
15	11	19	14	56	23
15	11	19	14	56	47
15	11	19	14	57	06
15	11	19	14	57	25
15	11	19	14	57	54
15	11	19	14	58	13
15	11	19	14	58	24
15	11	19	14	58	30
15	11	19	14	58	38
15	11	19	14	58	57
15	11	19	14	59	11
15	11	19	14	59	24
15	11	19	14	59	30
15	11	19	15	00	46
15	11	19	15	01	16
15	11	19	15	01	24
15	11	19	15	03	50
15	11	19	15	04	17
15	11	19	15	05	38
15	11	19	15	05	48
15	11	19	15	06	49
15	11	19	15	07	14
15	11	19	15	07	24
15	11	19	15	07	51
15	11	19	15	08	05
15	11	19	15	08	34
15	11	19	15	09	03
15	11	19	15	09	12
15	11	19	15	09	25
15	11	19	15	09	38
15	11	19	15	10	11
15	11	19	15	10	17
15	11	19	15	10	24
15	11	19	15	10	33
15	11	19	15	10	51
15	11	19	15	11	13
15	11	19	15	11	18
15	11	19	21	28	39
15	11	19	21	28	52
15	11	20	07	24	09
15	11	20	07	24	52
15	11	20	07	25	29
15	11	20	07	26	17
15	11	20	07	26	34
15	11	20	07	26	44
15	11	20	07	26	57
15	11	20	07	27	14
15	11	20	07	27	22
15	11	20	07	28	21
15	11	20	07	29	00
15	11	20	07	29	13
15	11	20	07	29	22
15	11	20	07	29	37
15	11	20	07	29	59
15	11	20	07	30	14
15	11	20	07	30	31
15	11	20	07	30	47
15	11	20	07	30	57
15	11	20	07	31	20
15	11	20	07	31	32
15	11	20	07	31	45
15	11	20	07	31	52
15	11	20	07	32	08
15	11	20	07	32	30
15	11	20	07	32	51
15	11	20	07	32	58
15	11	20	07	33	05
15	11	20	07	33	19
15	11	20	07	33	39
15	11	20	07	34	08
15	11	20	07	34	24
15	11	20	07	34	33
15	11	20	07	34	41
15	11	20	07	35	01
15	11	20	07	35	31
15	11	20	07	36	06
15	11	20	07	36	22
15	11	20	07	36	36
15	11	20	07	36	48
15	11	20	07	36	57
15	11	20	07	37	11
15	11	20	07	37	17
15	11	20	07	37	25
15	11	20	07	37	46
15	11	20	07	37	57
15	11	20	07	38	04
15	11	20	07	38	13
15	11	20	07	38	20
15	11	20	07	39	03
15	11	20	07	39	23
15	11	20	07	39	45
15	11	20	07	40	22
15	11	20	07	40	29
15	11	20	07	41	11
15	11	20	07	42	16
15	11	20	07	43	04
15	11	20	07	43	24
15	11	20	07	43	32
15	11	20	07	43	40
15	11	20	07	43	50
15	11	20	07	43	57
15	11	20	07	44	04
15	11	20	07	44	18
15	11	20	07	44	58
15	11	20	07	45	10
15	11	20	07	45	28
15	11	20	07	45	41
15	11	20	07	46	03
15	11	20	07	46	15
15	11	20	07	46	37
15	11	20	07	46	45
15	11	20	07	47	58
15	11	20	07	49	52
15	11	20	07	50	23
15	11	20	07	50	49
15	11	20	07	50	55
15	11	20	07	51	15
15	11	20	07	51	30
15	11	20	07	51	43
15	11	20	07	51	57
15	11	20	07	52	06
15	11	20	07	52	13
15	11	20	07	52	28
15	11	20	07	52	39
15	11	20	07	53	48
15	11	20	09	07	01
15	11	20	09	07	26
15	11	20	09	07	41
15	11	20	10	28	20
15	11	20	10	28	26
15	11	20	10	28	50
15	11	20	10	29	06
15	11	20	10	29	21
15	11	20	10	29	26
15	11	20	10	29	34
15	11	20	10	29	42
15	11	20	10	30	04
15	11	20	10	31	00
15	11	20	10	32	01
15	11	20	10	32	20
15	11	20	10	35	18
15	11	20	10	37	53
15	11	20	10	38	06
15	11	20	10	38	41
15	11	20	10	39	55
15	11	20	10	50	59
15	11	20	10	53	53
15	11	20	10	54	26
15	11	20	10	54	38
15	11	20	10	55	04
15	11	20	10	55	14
15	11	20	10	55	28
15	11	20	10	55	41
15	11	20	10	55	49
15	11	20	11	05	37
15	11	20	11	05	48
15	11	20	11	05	57
15	11	20	11	06	12
15	11	20	11	06	31
15	11	20	11	06	59
15	11	20	11	07	19
15	11	20	11	07	31
15	11	20	11	07	38
15	11	20	11	08	01
15	11	20	11	08	07
15	11	20	11	08	39
15	11	20	11	09	27
15	11	20	11	10	12
15	11	20	11	10	26
15	11	20	11	10	39
15	11	20	11	10	55
15	11	20	11	11	09
15	11	20	11	11	23
15	11	20	11	11	30
15	11	20	11	11	48
15	11	20	11	12	00
15	11	20	11	12	25
15	11	20	11	12	48
15	11	20	11	12	58
15	11	20	11	13	07
15	11	20	11	13	14
15	11	20	11	13	34
15	11	20	11	13	47
15	11	20	11	13	55
15	11	20	11	14	07
15	11	20	11	14	32
15	11	20	11	14	45
15	11	20	11	14	59
15	11	20	11	15	13
15	11	20	11	15	25
15	11	20	11	15	37
15	11	20	14	35	31
15	11	20	14	35	41
15	11	20	14	36	17
15	11	20	14	36	30
15	11	20	14	36	41
15	11	20	14	36	52
15	11	20	14	37	06
15	11	20	14	37	14
15	11	20	14	37	24
15	11	20	14	37	36
15	11	20	14	37	56
15	11	20	14	38	07
15	11	20	14	38	14
15	11	20	14	38	31
15	11	20	14	38	41
15	11	20	14	38	59
15	11	20	14	39	07
15	11	20	14	39	14
15	11	20	14	39	27
15	11	20	14	39	50
15	11	20	14	40	00
15	11	20	14	40	10
15	11	20	14	40	20
15	11	20	14	40	26
15	11	20	14	40	34
15	11	20	14	40	51
15	11	20	14	41	04
15	11	20	14	41	21
15	11	20	14	41	27
15	11	20	14	42	01
15	11	20	14	42	11
15	11	20	14	42	29
15	11	20	14	42	48
15	11	20	14	43	07
15	11	20	14	43	14
15	11	20	14	43	30
15	11	20	14	43	54
15	11	20	14	43	59
15	11	20	14	44	22
15	11	20	14	44	42
15	11	20	15	19	34
15	11	20	15	20	02
15	11	20	15	20	23
15	11	20	15	42	34
15	11	20	15	42	58
15	11	20	15	43	03
15	11	20	15	43	13
15	11	20	15	43	21
15	11	20	15	43	37
15	11	20	15	43	48
15	11	20	15	44	01
15	11	20	15	44	10
15	11	20	15	44	16
15	11	20	15	44	23
15	11	20	15	44	40
15	11	20	15	47	15
15	11	20	15	49	35
15	11	20	15	49	53
15	11	20	15	50	13
15	11	20	15	50	36
15	11	20	15	51	19
15	11	20	15	51	27
15	11	20	15	51	40
15	11	20	16	01	20
15	11	20	16	03	24
15	11	20	16	03	46
15	11	20	16	04	10
15	11	20	16	04	26
15	11	20	16	05	19
15	11	20	16	05	28
15	11	20	16	05	37
15	11	20	16	05	43
15	11	20	16	05	59
15	11	20	16	06	20
15	11	20	16	06	48
15	11	20	21	31	09
15	11	20	23	45	51
15	11	20	23	46	10
15	11	23	10	07	33
15	11	23	10	07	39
15	11	23	10	08	11
15	11	23	10	08	18
15	11	23	10	08	33
15	11	23	10	08	57
15	11	23	10	09	20
15	11	23	10	09	37
15	11	23	10	09	51
15	11	23	10	10	14
15	11	23	10	10	20
15	11	23	10	10	34
15	11	23	10	10	43
15	11	23	10	11	59
15	11	23	10	12	05
15	11	23	10	12	22
15	11	23	10	16	04
15	11	23	10	17	00
15	11	23	10	17	17
15	11	23	10	20	16
15	11	23	10	21	41
15	11	23	10	21	50
15	11	23	10	24	20
15	11	23	10	24	41
15	11	23	10	24	46
15	11	23	10	24	57
15	11	23	10	25	03
15	11	23	10	25	17
15	11	23	10	25	41
15	11	23	14	59	24
15	11	23	14	59	48
15	11	23	15	00	16
15	11	23	15	00	31
15	11	23	15	00	44
15	11	23	15	01	09
15	11	23	15	03	43
15	11	23	15	06	25
15	11	23	15	06	40
15	11	23	15	07	03
15	11	23	15	07	46
15	11	23	15	14	13
15	11	23	15	16	39
15	11	23	15	16	46
15	11	23	15	16	54
15	11	23	15	20	07
15	11	23	15	21	08
15	11	23	15	21	16
15	11	23	15	21	47
15	11	23	15	22	03
15	11	23	15	22	10
15	11	23	15	22	16
15	11	23	15	22	21
15	11	23	15	22	29
15	11	23	19	24	57
15	11	24	09	52	24
15	11	24	09	52	50
15	11	24	09	53	30
15	11	24	09	53	57
15	11	24	09	54	11
15	11	24	09	54	31
15	11	24	09	54	45
15	11	24	09	54	53
15	11	24	09	55	03
15	11	24	09	55	14
15	11	24	09	55	26
15	11	24	09	55	40
15	11	24	09	56	28
15	11	24	09	59	04
15	11	24	10	02	22
15	11	24	10	02	35
15	11	24	10	03	46
15	11	24	10	03	56
15	11	24	10	04	03
15	11	24	10	04	14
15	11	24	10	04	20
15	11	24	10	04	32
15	11	24	10	04	42
15	11	24	10	05	01
15	11	24	10	05	13
15	11	24	10	05	27
15	11	24	10	05	34
15	11	24	10	05	40
15	11	24	10	05	50
15	11	24	10	05	57
15	11	24	10	06	26
15	11	24	11	19	24
15	11	24	11	19	39
15	11	24	11	19	52
15	11	24	11	20	04
15	11	24	11	20	19
15	11	24	11	20	26
15	11	24	11	20	35
15	11	24	11	20	53
15	11	24	11	21	15
15	11	24	11	21	49
15	11	24	11	22	12
15	11	24	11	22	28
15	11	24	11	22	49
15	11	24	11	23	15
15	11	24	11	23	27
15	11	24	11	23	44
15	11	24	11	23	51
15	11	24	11	24	15
15	11	24	11	24	45
15	11	24	11	24	55
15	11	24	11	25	03
15	11	24	11	25	10
15	11	24	11	25	32
15	11	24	11	25	42
15	11	24	11	25	49
15	11	24	11	26	21
15	11	24	11	27	09
15	11	24	11	27	19
15	11	24	11	27	30
15	11	24	11	27	37
15	11	24	11	27	51
15	11	24	11	28	29
15	11	24	11	28	38
15	11	24	11	30	09
15	11	24	11	30	15
15	11	24	11	30	48
15	11	24	11	30	59
15	11	24	11	31	21
15	11	24	11	31	52
15	11	24	11	32	06
15	11	24	11	32	13
15	11	24	11	32	28
15	11	24	11	32	35
15	11	24	11	32	51
15	11	24	11	33	00
15	11	24	11	33	07
15	11	24	11	33	13
15	11	24	11	33	18
15	11	24	11	33	32
15	11	24	11	33	42
15	11	24	11	33	52
15	11	24	11	34	09
15	11	24	11	43	13
15	11	24	11	43	45
15	11	24	11	43	58
15	11	24	11	44	14
15	11	24	11	44	22
15	11	24	11	44	42
15	11	24	11	45	00
15	11	24	11	46	58
15	11	24	11	47	56
15	11	24	11	49	08
15	11	24	11	49	43
15	11	24	11	50	02
15	11	24	11	50	32
15	11	24	11	51	05
15	11	24	11	51	43
15	11	24	11	52	03
15	11	24	11	58	10
15	11	24	11	58	16
15	11	24	11	59	31
15	11	24	11	59	48
15	11	24	12	00	00
15	11	24	12	00	24
15	11	24	12	00	41
15	11	24	12	00	56
15	11	24	12	01	25
15	11	24	12	01	35
15	11	24	12	01	43
15	11	24	12	28	39
15	11	24	12	29	31
15	11	24	12	29	58
15	11	24	12	30	06
15	11	24	12	30	47
15	11	24	12	31	00
15	11	24	12	31	07
15	11	24	12	31	27
15	11	24	12	31	39
15	11	24	12	32	07
15	11	24	12	32	21
15	11	24	12	32	32
15	11	24	12	32	47
15	11	24	12	33	08
15	11	24	12	33	20
15	11	24	12	33	36
15	11	24	12	33	53
15	11	24	12	33	59
15	11	24	12	34	55
15	11	24	12	35	14
15	11	24	12	36	43
15	11	24	12	37	18
15	11	24	12	38	11
15	11	24	12	38	59
15	11	24	12	39	17
15	11	24	12	39	32
15	11	24	12	39	46
15	11	24	12	40	54
15	11	24	12	41	10
15	11	24	12	41	19
15	11	24	12	42	07
15	11	24	12	42	13
15	11	24	12	42	25
15	11	24	12	42	36
15	11	24	12	42	43
15	11	24	12	43	36
15	11	24	12	43	43
15	11	24	12	43	54
15	11	24	12	44	09
15	11	24	12	44	41
15	11	24	12	45	16
15	11	24	12	45	28
15	11	24	12	45	44
15	11	24	12	45	55
15	11	24	12	46	14
15	11	24	12	46	45
15	11	24	12	46	51
15	11	24	12	47	05
15	11	24	12	47	18
15	11	24	12	47	35
15	11	24	12	47	48
15	11	24	12	48	02
15	11	24	12	48	24
15	11	24	12	48	37
15	11	24	12	49	26
15	11	24	12	49	38
15	11	24	12	49	48
15	11	24	12	50	06
15	11	24	12	50	25
15	11	24	12	50	46
15	11	24	12	51	25
15	11	24	12	51	41
15	11	24	12	51	54
15	11	24	12	57	38
15	11	24	12	57	53
15	11	24	13	00	20
15	11	24	13	00	26
15	11	24	13	00	33
15	11	24	13	00	42
15	11	24	13	00	51
15	11	24	13	01	00
15	11	24	13	01	28
15	11	24	13	01	40
15	11	24	13	02	08
15	11	24	13	02	36
15	11	24	13	02	45
15	11	24	13	02	57
15	11	24	13	03	04
15	11	24	13	14	23
15	11	24	13	15	27
15	11	24	13	15	46
15	11	24	13	16	14
15	11	24	13	16	31
15	11	24	13	16	44
15	11	24	13	16	54
15	11	24	13	17	03
15	11	24	13	17	10
15	11	24	13	17	27
15	11	24	13	17	47
15	11	24	13	18	07
15	11	24	13	18	28
15	11	24	13	18	36
15	11	24	13	18	42
15	11	24	13	18	52
15	11	24	13	22	36
15	11	24	13	24	44
15	11	24	13	25	17
15	11	24	13	27	51
15	11	24	13	29	05
15	11	24	13	31	47
15	11	24	13	31	53
15	11	24	13	32	53
15	11	24	13	33	19
15	11	24	13	36	24
15	11	24	13	37	00
15	11	24	13	40	34
15	11	24	13	40	51
15	11	24	13	41	26
15	11	24	13	46	56
15	11	24	13	47	03
15	11	24	13	47	12
15	11	24	13	49	09
15	11	24	13	49	17
15	11	24	13	49	29
15	11	24	13	49	46
15	11	24	13	49	55
15	11	24	13	50	11
15	11	24	13	50	18
15	11	24	13	50	26
15	11	24	13	50	42
15	11	24	13	51	01
15	11	24	13	51	11
15	11	24	13	51	36
15	11	24	13	51	50
15	11	24	13	51	58
15	11	24	13	52	06
15	11	24	13	52	14
15	11	24	13	52	25
15	11	24	13	52	41
15	11	24	13	53	25
15	11	24	13	53	34
15	11	24	14	41	16
15	11	24	14	44	24
15	11	24	14	44	50
15	11	24	14	44	58
15	11	24	14	45	14
15	11	24	14	46	22
15	11	24	14	46	42
15	11	24	14	47	23
15	11	24	14	48	06
15	11	24	14	48	29
15	11	24	14	49	01
15	11	24	14	50	37
15	11	24	14	50	44
15	11	24	14	50	54
15	11	24	14	52	32
15	11	24	14	53	22
15	11	24	14	55	42
15	11	24	14	56	24
15	11	24	14	56	33
15	11	24	14	56	43
15	11	24	14	56	57
15	11	24	14	57	04
15	11	24	14	57	18
15	11	24	14	57	27
15	11	24	14	57	48
15	11	24	14	57	57
15	11	24	14	58	06
15	11	24	14	58	15
15	11	24	14	58	22
15	11	24	14	58	42
15	11	24	14	59	03
15	11	24	14	59	40
15	11	24	15	00	00
15	11	24	15	00	09
15	11	24	15	00	45
15	11	24	15	00	52
15	11	24	15	01	12
15	11	24	15	01	18
15	11	24	15	02	08
15	11	24	15	02	19
15	11	24	15	02	35
15	11	24	15	03	08
15	11	24	15	03	13
15	11	24	15	03	48
15	11	24	15	04	54
15	11	24	15	05	20
15	11	24	15	06	26
15	11	24	15	06	39
15	11	24	15	06	51
15	11	24	15	07	12
15	11	24	15	08	32
15	11	24	15	08	38
15	11	24	15	09	05
15	11	24	15	09	17
15	11	24	15	09	23
15	11	24	15	09	40
15	11	24	15	09	51
15	11	24	15	10	01
15	11	24	15	10	29
15	11	24	15	10	46
15	11	24	15	10	54
15	11	24	15	11	03
15	11	24	15	11	19
15	11	24	15	11	48
15	11	24	15	11	54
15	11	24	15	12	37
15	11	24	15	13	05
15	11	24	15	13	18
15	11	24	22	09	46
15	11	25	10	30	07
15	11	25	10	30	20
15	11	25	10	30	26
15	11	25	10	30	38
15	11	25	10	30	50
15	11	25	10	31	15
15	11	25	10	31	29
15	11	25	10	31	41
15	11	25	10	31	52
15	11	25	10	32	04
15	11	25	10	32	12
15	11	25	10	32	41
15	11	25	10	32	52
15	11	25	10	33	18
15	11	25	10	33	38
15	11	25	10	33	46
15	11	25	10	33	57
15	11	25	10	34	10
15	11	25	10	34	42
15	11	25	10	35	15
15	11	25	10	35	31
15	11	25	10	35	38
15	11	25	10	35	52
15	11	25	10	36	03
15	11	25	10	36	20
15	11	25	10	36	26
15	11	25	10	36	32
15	11	25	10	36	39
15	11	25	10	36	47
15	11	25	10	37	00
15	11	25	10	37	07
15	11	25	10	37	13
15	11	25	10	37	25
15	11	25	10	38	09
15	11	25	10	38	16
15	11	25	10	38	23
15	11	25	10	39	41
15	11	25	10	39	58
15	11	25	10	40	12
15	11	25	10	40	25
15	11	25	10	40	47
15	11	25	10	41	05
15	11	25	10	41	15
15	11	25	10	41	22
15	11	25	10	41	28
15	11	25	10	41	50
15	11	25	12	53	01
15	11	25	12	53	27
15	11	25	12	53	36
15	11	25	12	53	57
15	11	25	12	54	03
15	11	25	12	54	09
15	11	25	12	54	31
15	11	25	12	54	45
15	11	25	12	54	59
15	11	25	12	55	10
15	11	25	12	55	39
15	11	25	12	56	12
15	11	25	12	57	35
15	11	25	13	00	11
15	11	25	13	00	21
15	11	25	13	01	06
15	11	25	13	01	14
15	11	25	13	02	17
15	11	25	13	03	05
15	11	25	13	03	11
15	11	25	13	03	22
15	11	25	13	03	32
15	11	25	13	03	48
15	11	25	13	04	08
15	11	25	13	04	31
15	11	25	13	05	47
15	11	25	13	06	11
15	11	25	13	07	02
15	11	25	13	07	27
15	11	25	13	07	50
15	11	25	13	08	00
15	11	25	13	08	12
15	11	25	13	08	29
15	11	25	13	08	42
15	11	25	13	09	05
15	11	25	14	43	32
15	11	25	14	44	01
15	11	25	14	45	56
15	11	25	14	48	09
15	11	25	14	48	21
15	11	25	14	48	28
15	11	25	14	48	47
15	11	25	14	48	58
15	11	25	14	49	33
15	11	25	14	49	57
15	11	25	14	50	05
15	11	25	14	50	26
15	11	25	14	50	47
15	11	25	14	51	08
15	11	25	14	51	17
15	11	25	14	51	44
15	11	25	14	51	58
15	11	25	14	52	07
15	11	25	14	52	43
15	11	25	14	53	04
15	11	25	14	53	10
15	11	25	14	53	23
15	11	25	14	53	29
15	11	25	17	14	00
15	11	25	17	14	14
15	11	30	09	08	31
15	11	30	09	08	38
15	11	30	09	09	19
15	11	30	09	09	30
15	11	30	09	09	41
15	11	30	09	10	05
15	11	30	09	10	13
15	11	30	09	10	47
15	11	30	09	11	04
15	11	30	09	11	15
15	11	30	09	14	37
15	11	30	09	17	54
15	11	30	09	18	14
15	11	30	09	18	21
15	11	30	09	28	23
15	11	30	09	32	14
15	11	30	09	32	59
15	11	30	09	33	12
15	11	30	09	33	26
15	11	30	09	33	38
15	11	30	09	34	04
15	11	30	09	34	13
15	11	30	09	34	32
15	11	30	09	34	41
15	11	30	09	34	57
15	11	30	09	35	35
15	11	30	09	35	44
15	11	30	09	36	17
15	11	30	09	36	31
15	11	30	09	36	43
15	11	30	09	36	50
15	11	30	10	34	21
15	11	30	10	34	50
15	11	30	10	35	04
15	11	30	10	35	20
15	11	30	10	35	33
15	11	30	10	35	45
15	11	30	10	36	04
15	11	30	10	36	15
15	11	30	10	36	23
15	11	30	10	36	32
15	11	30	10	36	45
15	11	30	10	36	51
15	11	30	10	37	07
15	11	30	10	37	48
15	11	30	10	38	40
15	11	30	10	39	03
15	11	30	10	39	29
15	11	30	10	39	43
15	11	30	10	39	54
15	11	30	10	40	08
15	11	30	10	40	14
15	11	30	10	40	20
15	11	30	10	40	38
15	11	30	10	40	49
15	11	30	10	42	05
15	11	30	10	43	17
15	11	30	10	43	30
15	11	30	10	43	43
15	11	30	10	43	55
15	11	30	10	44	11
15	11	30	10	44	19
15	11	30	10	44	25
15	11	30	10	44	45
15	11	30	10	44	56
15	11	30	10	45	05
15	11	30	10	45	13
15	11	30	10	45	20
15	11	30	10	45	29
15	11	30	10	45	56
15	11	30	10	46	08
15	11	30	13	41	04
15	11	30	13	41	11
15	11	30	13	42	07
15	11	30	13	42	22
15	11	30	13	42	41
15	11	30	13	42	50
15	11	30	13	43	07
15	11	30	13	43	16
15	11	30	13	43	29
15	11	30	13	43	45
15	11	30	13	43	59
15	11	30	13	44	41
15	11	30	13	44	48
15	11	30	13	44	55
15	11	30	13	45	00
15	11	30	13	45	28
15	11	30	13	45	59
15	11	30	13	46	06
15	11	30	13	46	14
15	11	30	13	46	35
15	11	30	13	46	41
15	11	30	13	46	54
15	11	30	13	47	03
15	11	30	13	47	16
15	11	30	13	47	26
15	11	30	13	47	34
15	11	30	13	47	42
15	11	30	13	48	04
15	11	30	13	48	14
15	11	30	13	48	24
15	11	30	13	48	57
15	11	30	13	49	57
15	11	30	13	50	42
15	11	30	13	51	05
15	11	30	13	51	12
15	11	30	13	51	40
15	11	30	13	51	46
15	11	30	13	51	54
15	11	30	13	52	18
15	11	30	13	52	25
15	11	30	13	52	42
15	11	30	13	52	53
15	11	30	13	53	22
15	11	30	14	01	58
15	11	30	14	03	27
15	11	30	14	03	35
15	11	30	14	03	45
15	11	30	14	13	02
15	11	30	14	13	22
15	11	30	14	13	56
15	11	30	14	14	03
15	11	30	14	14	10
15	11	30	14	14	33
15	11	30	14	14	50
15	11	30	14	15	05
15	11	30	14	15	16
15	11	30	14	15	39
15	11	30	14	15	57
15	11	30	14	16	18
15	11	30	14	16	55
15	11	30	14	17	07
15	11	30	14	17	21
15	11	30	14	17	33
15	11	30	14	18	07
15	11	30	14	18	34
15	11	30	14	41	29
15	11	30	14	42	08
15	11	30	14	42	23
15	11	30	14	42	39
15	11	30	14	42	49
15	11	30	14	42	57
15	11	30	14	43	08
15	11	30	14	43	21
15	11	30	14	43	41
15	11	30	14	46	25
15	11	30	14	46	38
15	11	30	14	47	22
15	11	30	14	47	40
15	11	30	14	47	47
15	11	30	14	47	52
15	11	30	14	48	09
15	11	30	14	48	14
15	11	30	14	48	25
15	11	30	14	48	43
15	11	30	14	48	56
15	11	30	14	49	05
15	11	30	14	49	13
15	11	30	14	49	20
15	11	30	14	50	56
15	11	30	14	51	30
15	11	30	14	51	37
15	11	30	14	51	45
15	11	30	14	51	57
15	11	30	14	52	14
15	11	30	14	52	20
15	11	30	14	52	39
15	11	30	15	04	49
15	11	30	15	05	22
15	11	30	15	05	34
15	11	30	15	06	11
15	11	30	15	06	23
15	11	30	15	06	40
15	11	30	15	06	59
15	11	30	15	07	22
15	11	30	15	08	19
15	11	30	15	10	35
15	11	30	15	10	50
15	11	30	15	11	25
15	11	30	15	11	45
15	11	30	15	12	15
15	11	30	15	12	23
15	11	30	15	13	17
15	11	30	15	14	47
15	11	30	15	21	04
15	11	30	15	21	46
15	11	30	15	27	15
15	11	30	15	27	29
15	11	30	15	27	39
15	11	30	15	27	46
15	11	30	15	27	59
15	11	30	15	28	09
15	11	30	15	28	31
15	11	30	15	28	37
15	11	30	15	28	43
15	11	30	15	28	59
15	11	30	15	29	49
15	11	30	15	30	02
15	11	30	23	42	20
15	11	30	23	43	16
15	12	01	09	58	36
15	12	01	09	58	42
15	12	01	09	59	09
15	12	01	10	00	30
15	12	01	10	00	45
15	12	01	10	00	55
15	12	01	10	01	12
15	12	01	10	01	21
15	12	01	10	01	34
15	12	01	10	01	44
15	12	01	10	01	59
15	12	01	10	03	46
15	12	01	10	03	53
15	12	01	10	04	38
15	12	01	10	04	47
15	12	01	10	05	57
15	12	01	10	07	03
15	12	01	10	07	13
15	12	01	10	07	20
15	12	01	10	07	28
15	12	01	10	07	49
15	12	01	10	08	06
15	12	01	10	08	48
15	12	01	10	09	18
15	12	01	10	09	26
15	12	01	10	09	38
15	12	01	10	09	57
15	12	01	10	10	09
15	12	01	10	10	20
15	12	01	10	10	30
15	12	01	10	10	42
15	12	01	10	11	01
15	12	01	10	11	08
15	12	01	10	11	20
15	12	01	10	11	58
15	12	01	10	12	40
15	12	01	10	12	50
15	12	01	10	59	19
15	12	01	11	00	02
15	12	01	11	00	16
15	12	01	11	00	59
15	12	01	11	01	07
15	12	01	11	01	23
15	12	01	11	02	12
15	12	01	11	02	18
15	12	01	11	03	11
15	12	01	11	04	12
15	12	01	11	04	30
15	12	01	11	04	50
15	12	01	11	05	00
15	12	01	11	05	06
15	12	01	11	05	51
15	12	01	11	06	16
15	12	01	11	06	45
15	12	01	11	07	12
15	12	01	11	08	02
15	12	01	11	09	50
15	12	01	11	10	05
15	12	01	11	10	32
15	12	01	12	29	33
15	12	01	12	29	53
15	12	01	12	30	29
15	12	01	12	30	38
15	12	01	12	31	14
15	12	01	12	31	27
15	12	01	12	31	32
15	12	01	12	31	44
15	12	01	12	31	54
15	12	01	12	32	07
15	12	01	12	32	25
15	12	01	12	33	50
15	12	01	12	34	39
15	12	01	12	35	19
15	12	01	12	37	54
15	12	01	12	38	04
15	12	01	12	38	16
15	12	01	12	38	24
15	12	01	12	38	30
15	12	01	12	38	52
15	12	01	12	39	29
15	12	01	12	40	09
15	12	01	12	44	37
15	12	01	12	44	47
15	12	01	12	45	19
15	12	01	12	45	36
15	12	01	12	45	47
15	12	01	12	46	18
15	12	01	12	46	23
15	12	01	12	56	14
15	12	01	12	56	24
15	12	01	12	56	51
15	12	01	12	57	04
15	12	01	12	57	17
15	12	01	12	57	35
15	12	01	12	57	43
15	12	01	12	58	11
15	12	01	12	58	22
15	12	01	12	58	31
15	12	01	12	58	38
15	12	01	12	59	01
15	12	01	12	59	25
15	12	01	13	00	32
15	12	01	13	00	46
15	12	01	13	00	57
15	12	01	13	01	37
15	12	01	13	04	21
15	12	01	13	05	54
15	12	01	13	06	04
15	12	01	13	06	13
15	12	01	13	06	26
15	12	01	13	07	17
15	12	01	13	07	28
15	12	01	13	07	35
15	12	01	13	07	44
15	12	01	13	07	52
15	12	01	13	07	59
15	12	01	13	08	11
15	12	01	13	08	17
15	12	01	13	08	30
15	12	01	13	08	46
15	12	01	13	08	53
15	12	01	13	09	18
15	12	01	13	09	34
15	12	01	13	09	53
15	12	01	13	10	11
15	12	01	13	10	20
15	12	01	13	10	43
15	12	01	13	10	52
15	12	01	13	11	01
15	12	01	13	11	16
15	12	01	13	11	44
15	12	01	13	11	59
15	12	01	13	12	12
15	12	01	13	42	21
15	12	01	13	42	47
15	12	01	13	42	54
15	12	01	13	43	07
15	12	01	13	43	30
15	12	01	13	44	08
15	12	01	13	44	17
15	12	01	13	44	33
15	12	01	13	44	43
15	12	01	13	45	33
15	12	01	13	45	44
15	12	01	13	46	03
15	12	01	13	46	16
15	12	01	13	46	40
15	12	01	13	47	02
15	12	01	13	47	16
15	12	01	13	47	23
15	12	01	13	47	39
15	12	01	13	48	25
15	12	01	13	48	44
15	12	01	13	48	51
15	12	01	13	49	10
15	12	01	13	49	27
15	12	01	13	49	59
15	12	01	13	50	18
15	12	01	13	50	27
15	12	01	13	50	35
15	12	01	13	50	56
15	12	01	13	51	33
15	12	01	13	51	47
15	12	01	13	52	12
15	12	01	13	52	19
15	12	01	13	53	07
15	12	01	13	53	21
15	12	01	13	53	35
15	12	01	13	54	06
15	12	01	13	54	57
15	12	01	13	55	26
15	12	01	13	56	05
15	12	01	13	56	17
15	12	01	13	57	00
15	12	01	13	57	10
15	12	01	13	57	23
15	12	01	13	57	32
15	12	01	13	57	48
15	12	01	13	58	02
15	12	01	13	58	13
15	12	01	13	58	29
15	12	01	13	58	38
15	12	01	13	58	45
15	12	01	13	59	40
15	12	01	14	00	29
15	12	01	14	41	52
15	12	01	14	42	04
15	12	01	14	42	18
15	12	01	14	42	56
15	12	01	14	43	13
15	12	01	14	44	03
15	12	01	14	44	30
15	12	01	14	44	57
15	12	01	14	45	25
15	12	01	14	45	51
15	12	01	14	46	12
15	12	01	14	46	31
15	12	01	14	46	38
15	12	01	14	46	50
15	12	01	14	47	05
15	12	01	14	47	37
15	12	01	14	48	27
15	12	01	14	48	34
15	12	01	14	48	44
15	12	01	14	48	54
15	12	01	14	49	26
15	12	01	14	49	32
15	12	01	14	49	40
15	12	01	14	49	48
15	12	01	14	49	57
15	12	01	14	50	08
15	12	01	14	50	54
15	12	01	14	51	14
15	12	01	14	51	24
15	12	01	14	51	45
15	12	01	14	52	47
15	12	01	14	53	09
15	12	01	14	53	24
15	12	01	14	53	40
15	12	01	14	53	47
15	12	01	14	54	02
15	12	01	14	54	10
15	12	01	14	54	20
15	12	01	14	54	33
15	12	01	23	46	11
15	12	02	09	02	38
15	12	02	09	03	22
15	12	02	09	03	40
15	12	02	09	03	52
15	12	02	09	04	03
15	12	02	09	04	38
15	12	02	09	04	43
15	12	02	09	07	23
15	12	02	09	09	16
15	12	02	09	11	46
15	12	02	09	13	27
15	12	02	09	16	31
15	12	02	09	16	50
15	12	02	09	22	30
15	12	02	09	22	35
15	12	02	09	22	59
15	12	02	09	23	14
15	12	02	09	23	21
15	12	02	09	23	32
15	12	02	09	23	53
15	12	02	09	24	12
15	12	02	09	24	21
15	12	02	09	24	40
15	12	02	09	24	56
15	12	02	09	25	10
15	12	02	10	47	57
15	12	02	10	48	17
15	12	02	10	48	29
15	12	02	10	48	38
15	12	02	10	48	56
15	12	02	10	49	12
15	12	02	10	49	26
15	12	02	10	49	35
15	12	02	10	49	47
15	12	02	10	53	02
15	12	02	10	54	49
15	12	02	10	55	46
15	12	02	10	56	04
15	12	02	10	57	34
15	12	02	10	58	53
15	12	02	10	59	01
15	12	02	10	59	14
15	12	02	11	00	01
15	12	02	11	00	07
15	12	02	11	00	23
15	12	02	11	01	03
15	12	02	11	01	16
15	12	02	11	01	27
15	12	02	11	01	42
15	12	02	11	02	01
15	12	02	11	02	11
15	12	02	11	02	45
15	12	02	11	03	03
15	12	02	13	06	22
15	12	02	13	06	56
15	12	02	13	07	03
15	12	02	13	07	15
15	12	02	13	07	29
15	12	02	13	07	37
15	12	02	13	07	49
15	12	02	13	08	07
15	12	02	13	08	27
15	12	02	13	08	39
15	12	02	13	10	09
15	12	02	13	10	16
15	12	02	13	10	31
15	12	02	13	11	09
15	12	02	13	11	26
15	12	02	13	11	35
15	12	02	13	11	45
15	12	02	13	12	03
15	12	02	13	12	16
15	12	02	13	12	59
15	12	02	13	13	46
15	12	02	13	14	42
15	12	02	13	15	33
15	12	02	13	15	50
15	12	02	13	16	06
15	12	02	13	17	35
15	12	02	13	18	00
15	12	02	13	18	21
15	12	02	13	18	52
15	12	02	13	19	25
15	12	02	13	19	43
15	12	02	13	19	50
15	12	02	13	20	00
15	12	02	13	22	18
15	12	02	13	22	23
15	12	02	13	23	23
15	12	02	13	23	55
15	12	02	13	24	03
15	12	02	13	24	50
15	12	02	13	25	21
15	12	02	13	27	34
15	12	02	13	27	41
15	12	02	13	29	41
15	12	02	13	29	49
15	12	02	13	31	19
15	12	02	13	32	25
15	12	02	13	32	34
15	12	02	13	33	07
15	12	02	13	33	13
15	12	02	13	33	29
15	12	02	13	33	44
15	12	02	13	33	51
15	12	02	13	33	58
15	12	02	13	34	09
15	12	02	13	34	21
15	12	02	13	34	28
15	12	02	13	34	36
15	12	02	13	34	51
15	12	02	13	35	00
15	12	02	13	35	07
15	12	02	13	35	14
15	12	02	13	35	20
15	12	02	13	35	54
15	12	02	13	36	14
15	12	02	13	36	36
15	12	02	13	36	52
15	12	02	13	37	38
15	12	02	13	38	03
15	12	02	14	15	26
15	12	02	14	15	39
15	12	02	14	15	56
15	12	02	14	16	15
15	12	02	14	17	06
15	12	02	14	19	36
15	12	02	14	21	42
15	12	02	14	22	04
15	12	02	14	23	36
15	12	02	14	27	05
15	12	02	14	27	28
15	12	02	14	27	55
15	12	02	14	28	46
15	12	02	14	29	00
15	12	02	14	29	17
15	12	02	14	29	36
15	12	02	14	29	50
15	12	02	14	30	18
15	12	02	14	45	07
15	12	02	14	45	19
15	12	02	14	45	32
15	12	02	14	45	47
15	12	02	14	45	55
15	12	02	14	46	05
15	12	02	14	46	12
15	12	02	14	46	58
15	12	02	14	47	05
15	12	02	14	47	31
15	12	02	14	48	50
15	12	02	14	50	22
15	12	02	14	50	32
15	12	02	14	50	40
15	12	02	14	51	15
15	12	02	14	51	38
15	12	02	14	51	49
15	12	02	14	51	56
15	12	02	14	52	10
15	12	02	14	52	28
15	12	02	14	53	23
15	12	02	14	53	37
15	12	02	14	54	03
15	12	02	14	54	18
15	12	02	14	54	25
15	12	02	14	54	38
15	12	02	14	54	49
15	12	02	14	54	59
15	12	02	14	55	06
15	12	02	14	55	13
15	12	02	14	55	33
15	12	02	14	55	45
15	12	02	14	55	51
15	12	02	14	56	05
15	12	02	14	56	16
15	12	02	14	56	25
15	12	02	14	56	56
15	12	02	14	57	40
15	12	02	14	58	06
15	12	02	14	58	13
15	12	02	14	58	25
15	12	02	14	58	34
15	12	02	14	59	04
15	12	02	14	59	11
15	12	02	14	59	52
15	12	02	15	00	00
15	12	02	15	00	07
15	12	02	15	00	14
15	12	02	15	00	39
15	12	02	15	01	07
15	12	02	15	01	45
15	12	02	15	02	10
15	12	02	15	02	23
15	12	02	15	02	55
15	12	02	15	03	41
15	12	02	15	03	51
15	12	02	15	04	01
15	12	02	15	05	03
15	12	02	15	05	24
15	12	02	15	05	31
15	12	02	15	05	50
15	12	02	15	06	09
15	12	02	15	06	15
15	12	02	15	06	42
15	12	02	15	06	50
15	12	02	15	07	09
15	12	02	15	07	26
15	12	02	15	07	52
15	12	03	10	33	35
15	12	03	10	33	57
15	12	03	10	35	01
15	12	03	10	35	11
15	12	03	10	35	33
15	12	03	10	35	46
15	12	03	10	37	07
15	12	03	10	38	44
15	12	03	10	38	57
15	12	03	10	39	38
15	12	03	10	40	02
15	12	03	10	40	10
15	12	03	10	40	24
15	12	03	10	40	46
15	12	03	10	40	52
15	12	03	10	41	00
15	12	03	10	43	16
15	12	03	10	43	22
15	12	03	10	43	28
15	12	03	10	43	34
15	12	03	10	43	40
15	12	03	10	43	50
15	12	03	10	44	10
15	12	03	10	44	16
15	12	03	10	44	26
15	12	03	10	44	35
15	12	03	10	44	48
15	12	03	10	45	00
15	12	03	10	45	25
15	12	03	10	45	34
15	12	03	10	45	40
15	12	03	10	45	46
15	12	03	10	45	57
15	12	03	10	46	35
15	12	03	10	46	51
15	12	03	10	58	34
15	12	03	10	59	02
15	12	03	10	59	23
15	12	03	10	59	29
15	12	03	11	00	13
15	12	03	11	03	24
15	12	03	11	03	41
15	12	03	11	03	47
15	12	03	11	03	53
15	12	03	11	04	52
15	12	03	11	05	14
15	12	03	11	05	30
15	12	03	11	06	19
15	12	03	11	06	52
15	12	03	11	07	55
15	12	03	11	08	04
15	12	03	11	08	13
15	12	03	11	08	25
15	12	03	11	08	45
15	12	03	11	08	55
15	12	03	11	09	40
15	12	03	11	10	16
15	12	03	11	10	34
15	12	03	11	10	47
15	12	03	11	11	08
15	12	03	11	11	34
15	12	03	11	13	09
15	12	03	11	13	46
15	12	03	11	14	12
15	12	03	11	15	00
15	12	03	11	16	36
15	12	03	11	18	08
15	12	03	11	23	37
15	12	03	11	24	01
15	12	03	11	24	57
15	12	03	11	28	17
15	12	03	11	29	27
15	12	03	11	29	44
15	12	03	11	29	54
15	12	03	11	30	14
15	12	03	11	30	30
15	12	03	11	30	47
15	12	03	11	30	58
15	12	03	11	31	10
15	12	03	11	31	19
15	12	03	11	31	25
15	12	03	11	31	39
15	12	03	11	51	44
15	12	03	11	51	49
15	12	03	11	52	04
15	12	03	11	52	19
15	12	03	11	52	28
15	12	03	11	52	48
15	12	03	11	52	56
15	12	03	11	53	13
15	12	03	11	53	31
15	12	03	11	53	47
15	12	03	11	54	04
15	12	03	11	54	17
15	12	03	11	54	29
15	12	03	11	55	32
15	12	03	11	56	45
15	12	03	11	58	03
15	12	03	11	58	18
15	12	03	11	58	33
15	12	03	11	58	42
15	12	03	11	58	47
15	12	03	11	59	13
15	12	03	11	59	27
15	12	03	11	59	34
15	12	03	11	59	47
15	12	03	11	59	59
15	12	03	12	02	05
15	12	03	12	03	04
15	12	03	12	03	15
15	12	03	12	03	52
15	12	03	12	04	38
15	12	03	12	04	44
15	12	03	12	04	57
15	12	03	12	05	28
15	12	03	12	06	06
15	12	03	12	07	46
15	12	03	12	08	47
15	12	03	12	08	59
15	12	03	12	09	24
15	12	03	12	09	38
15	12	03	12	10	00
15	12	03	12	10	23
15	12	03	12	10	37
15	12	03	12	10	46
15	12	03	12	11	00
15	12	03	12	11	09
15	12	03	12	11	20
15	12	03	12	12	03
15	12	03	12	12	14
15	12	03	12	12	33
15	12	03	12	12	47
15	12	03	12	12	54
15	12	03	12	13	33
15	12	03	12	13	57
15	12	03	12	14	43
15	12	03	12	15	08
15	12	03	12	15	20
15	12	03	12	15	46
15	12	03	12	16	11
15	12	03	12	16	17
15	12	03	12	18	52
15	12	03	12	19	23
15	12	03	12	19	31
15	12	03	12	19	54
15	12	03	12	20	02
15	12	03	12	20	20
15	12	03	12	20	34
15	12	03	12	20	40
15	12	03	12	20	46
15	12	03	12	21	01
15	12	03	12	21	16
15	12	03	12	21	32
15	12	03	12	21	39
15	12	03	12	22	37
15	12	03	12	22	44
15	12	03	12	23	05
15	12	03	12	23	10
15	12	03	12	23	31
15	12	03	12	23	39
15	12	03	12	23	55
15	12	03	12	24	14
15	12	03	12	24	23
15	12	03	12	24	57
15	12	03	12	25	10
15	12	03	12	25	20
15	12	03	12	25	26
15	12	03	12	25	44
15	12	03	12	25	53
15	12	03	12	26	06
15	12	03	12	26	22
15	12	03	12	26	30
15	12	03	12	26	46
15	12	03	12	27	10
15	12	03	12	27	26
15	12	03	12	27	36
15	12	03	12	27	55
15	12	03	12	28	20
15	12	03	12	28	34
15	12	03	12	28	58
15	12	03	12	29	03
15	12	03	12	46	22
15	12	03	12	46	28
15	12	03	12	47	15
15	12	03	12	47	22
15	12	03	12	47	28
15	12	03	12	47	37
15	12	03	12	47	44
15	12	03	12	47	55
15	12	03	12	48	21
15	12	03	12	48	49
15	12	03	12	49	07
15	12	03	12	50	27
15	12	03	12	51	11
15	12	03	12	52	04
15	12	03	12	52	32
15	12	03	12	53	11
15	12	03	12	53	59
15	12	03	12	54	06
15	12	03	12	54	14
15	12	03	12	54	27
15	12	03	12	54	36
15	12	03	12	54	49
15	12	03	12	55	02
15	12	03	12	55	13
15	12	03	12	55	24
15	12	03	12	55	36
15	12	03	12	55	42
15	12	03	12	56	00
15	12	03	12	56	10
15	12	03	12	56	19
15	12	03	12	56	45
15	12	03	12	56	57
15	12	03	12	57	24
15	12	03	14	43	09
15	12	03	14	43	29
15	12	03	14	43	35
15	12	03	14	44	00
15	12	03	14	44	21
15	12	03	14	44	33
15	12	03	14	45	16
15	12	03	14	46	01
15	12	03	14	46	15
15	12	03	14	46	29
15	12	03	14	48	33
15	12	03	14	49	35
15	12	03	14	49	44
15	12	03	14	49	52
15	12	03	14	49	59
15	12	03	14	50	19
15	12	03	14	50	36
15	12	03	14	51	04
15	12	03	14	51	43
15	12	03	14	52	28
15	12	03	14	52	40
15	12	03	14	53	03
15	12	03	14	53	08
15	12	03	14	53	17
15	12	03	14	53	23
15	12	03	14	53	29
15	12	03	14	53	44
15	12	03	14	53	53
15	12	03	14	53	59
15	12	03	14	54	09
15	12	03	14	54	29
15	12	03	14	54	37
15	12	03	14	54	46
15	12	03	14	54	54
15	12	03	14	55	03
15	12	03	14	55	29
15	12	03	14	55	48
15	12	03	14	55	55
15	12	03	14	56	31
15	12	03	14	56	44
15	12	03	14	57	07
15	12	03	14	57	18
15	12	03	14	57	28
15	12	03	14	57	37
15	12	03	14	57	54
15	12	03	14	58	13
15	12	03	14	58	34
15	12	03	14	58	55
15	12	03	14	59	01
15	12	03	14	59	19
15	12	03	14	59	27
15	12	03	15	00	12
15	12	03	15	01	07
15	12	03	15	01	49
15	12	03	15	02	25
15	12	03	15	02	36
15	12	03	15	04	18
15	12	03	15	04	24
15	12	03	15	04	37
15	12	03	15	05	50
15	12	03	15	07	49
15	12	03	15	09	40
15	12	03	15	09	54
15	12	03	15	10	07
15	12	03	15	10	20
15	12	03	15	10	43
15	12	03	15	10	53
15	12	03	15	10	58
15	12	03	15	11	14
15	12	03	15	11	25
15	12	03	15	11	35
15	12	03	15	12	03
15	12	03	15	12	11
15	12	03	15	12	24
15	12	04	09	52	38
15	12	04	09	53	00
15	12	04	09	53	10
15	12	04	09	53	18
15	12	04	09	53	44
15	12	04	09	54	01
15	12	04	10	00	35
15	12	04	10	00	46
15	12	04	10	01	47
15	12	04	10	02	07
15	12	04	10	02	56
15	12	04	10	03	17
15	12	04	10	05	50
15	12	04	10	07	47
15	12	04	10	08	10
15	12	04	10	08	18
15	12	04	10	08	28
15	12	04	10	08	34
15	12	04	10	08	46
15	12	04	10	08	53
15	12	04	10	09	06
15	12	04	10	09	15
15	12	04	10	09	20
15	12	04	10	09	42
15	12	04	10	09	51
15	12	04	10	09	57
15	12	04	11	31	16
15	12	04	11	31	34
15	12	04	11	31	52
15	12	04	11	32	36
15	12	04	11	32	48
15	12	04	11	33	14
15	12	04	11	33	21
15	12	04	11	33	34
15	12	04	11	33	40
15	12	04	11	34	00
15	12	04	11	35	25
15	12	04	11	35	50
15	12	04	11	39	04
15	12	04	11	40	26
15	12	04	11	42	45
15	12	04	11	43	04
15	12	04	11	43	53
15	12	04	11	44	05
15	12	04	11	44	20
15	12	04	11	53	13
15	12	04	11	53	39
15	12	04	11	53	53
15	12	04	11	54	04
15	12	04	11	54	14
15	12	04	11	54	30
15	12	04	11	54	40
15	12	04	11	54	54
15	12	04	11	55	17
15	12	04	11	59	04
15	12	04	11	59	27
15	12	04	11	59	46
15	12	04	11	59	53
15	12	04	12	00	03
15	12	04	12	00	13
15	12	04	12	00	21
15	12	04	12	00	33
15	12	04	12	00	47
15	12	04	12	01	11
15	12	04	12	02	11
15	12	04	12	03	29
15	12	04	12	04	46
15	12	04	12	05	00
15	12	04	12	05	09
15	12	04	12	06	50
15	12	04	12	07	34
15	12	04	12	07	45
15	12	04	12	08	10
15	12	04	12	08	26
15	12	04	12	08	43
15	12	04	12	08	56
15	12	04	12	09	16
15	12	04	12	09	26
15	12	04	12	09	42
15	12	04	12	09	49
15	12	04	12	09	57
15	12	04	12	10	16
15	12	04	12	10	34
15	12	04	12	10	48
15	12	04	12	11	00
15	12	04	12	11	12
15	12	04	12	11	22
15	12	04	12	11	30
15	12	04	12	11	42
15	12	04	12	11	53
15	12	04	12	11	58
15	12	04	12	12	17
15	12	04	12	12	31
15	12	04	12	12	59
15	12	04	12	13	17
15	12	04	12	13	33
15	12	04	12	13	39
15	12	04	12	14	30
15	12	04	12	15	01
15	12	04	12	15	14
15	12	04	12	15	20
15	12	04	12	15	34
15	12	04	12	15	42
15	12	04	12	15	48
15	12	04	12	15	55
15	12	04	12	16	05
15	12	04	12	16	17
15	12	04	12	16	31
15	12	04	12	16	44
15	12	04	12	16	53
15	12	04	12	17	08
15	12	04	12	17	26
15	12	04	12	17	44
15	12	04	12	17	52
15	12	04	12	18	03
15	12	04	12	18	09
15	12	04	12	18	26
15	12	04	12	31	01
15	12	04	12	31	34
15	12	04	12	31	56
15	12	04	12	32	12
15	12	04	12	32	26
15	12	04	12	32	33
15	12	04	12	32	41
15	12	04	12	32	54
15	12	04	12	33	03
15	12	04	12	34	02
15	12	04	12	34	27
15	12	04	12	34	39
15	12	04	12	39	17
15	12	04	12	40	22
15	12	04	12	40	51
15	12	04	12	43	40
15	12	04	12	43	53
15	12	04	12	46	42
15	12	04	12	47	01
15	12	04	12	48	19
15	12	04	12	48	28
15	12	04	12	51	31
15	12	04	12	52	59
15	12	04	12	53	57
15	12	04	12	54	04
15	12	04	12	58	23
15	12	04	12	58	41
15	12	04	13	00	25
15	12	04	13	02	09
15	12	04	13	03	25
15	12	04	13	04	53
15	12	04	13	05	00
15	12	04	13	05	08
15	12	04	13	05	13
15	12	04	13	05	33
15	12	04	13	05	42
15	12	04	13	05	51
15	12	04	13	06	01
15	12	04	13	06	13
15	12	04	13	06	27
15	12	04	13	06	45
15	12	04	13	06	54
15	12	04	13	07	01
15	12	04	13	07	07
15	12	04	13	07	20
15	12	04	13	07	52
15	12	04	13	14	15
15	12	04	13	14	51
15	12	04	13	14	59
15	12	04	13	15	07
15	12	04	13	15	14
15	12	04	13	15	25
15	12	04	13	15	30
15	12	04	13	15	37
15	12	04	13	15	43
15	12	04	13	15	50
15	12	04	13	16	02
15	12	04	13	16	10
15	12	04	13	16	23
15	12	04	13	16	30
15	12	04	13	16	36
15	12	04	13	16	50
15	12	04	13	17	41
15	12	04	13	18	13
15	12	04	13	18	30
15	12	04	13	18	43
15	12	04	13	18	57
15	12	04	13	19	07
15	12	04	13	19	14
15	12	04	13	19	25
15	12	04	13	19	51
15	12	04	13	20	05
15	12	04	13	20	13
15	12	04	13	20	23
15	12	04	13	21	17
15	12	04	13	21	29
15	12	04	13	21	59
15	12	04	13	22	27
15	12	04	13	22	59
15	12	04	13	23	09
15	12	04	13	23	18
15	12	04	13	24	07
15	12	04	13	24	15
15	12	04	13	24	24
15	12	04	13	25	02
15	12	04	13	25	15
15	12	04	13	25	55
15	12	04	13	26	16
15	12	04	13	27	08
15	12	04	13	27	21
15	12	04	13	28	00
15	12	04	13	28	25
15	12	04	13	28	49
15	12	04	13	29	27
15	12	04	13	29	36
15	12	04	13	29	51
15	12	04	13	29	57
15	12	04	13	30	03
15	12	04	13	30	47
15	12	04	13	30	53
15	12	04	13	31	23
15	12	04	13	31	37
15	12	04	13	31	53
15	12	04	13	32	18
15	12	04	13	32	30
15	12	04	13	32	55
15	12	04	13	33	30
15	12	04	13	33	39
15	12	04	13	33	51
15	12	04	13	33	59
15	12	04	13	34	11
15	12	04	13	34	24
15	12	04	13	34	39
15	12	04	13	34	50
15	12	04	13	35	04
15	12	04	13	35	17
15	12	04	13	35	41
15	12	04	13	35	53
15	12	04	13	36	08
15	12	04	13	36	15
15	12	04	13	36	23
15	12	04	13	36	31
15	12	04	13	36	46
15	12	04	13	37	37
15	12	04	13	38	16
15	12	04	13	38	29
15	12	04	13	38	38
15	12	04	13	39	21
15	12	04	13	39	36
15	12	04	13	39	47
15	12	04	13	39	53
15	12	04	14	19	39
15	12	04	14	19	50
15	12	04	14	19	58
15	12	04	14	20	13
15	12	04	14	20	20
15	12	04	14	20	29
15	12	04	14	20	46
15	12	04	14	21	22
15	12	04	14	21	30
15	12	04	14	21	41
15	12	04	14	21	46
15	12	04	14	22	03
15	12	04	14	22	13
15	12	04	14	22	19
15	12	04	14	22	31
15	12	04	14	22	46
15	12	04	14	23	00
15	12	04	14	23	23
15	12	04	14	23	31
15	12	04	14	23	39
15	12	04	14	23	57
15	12	04	14	24	26
15	12	04	14	24	38
15	12	04	14	24	47
15	12	04	14	25	01
15	12	04	14	25	06
15	12	04	14	25	12
15	12	04	14	25	26
15	12	04	14	25	48
15	12	04	14	26	06
15	12	04	14	26	20
15	12	04	14	26	33
15	12	04	14	26	56
15	12	04	14	27	31
15	12	04	14	27	39
15	12	04	14	27	55
15	12	04	14	28	02
15	12	04	14	28	42
15	12	04	14	28	48
15	12	04	14	29	02
15	12	04	14	29	30
15	12	04	14	29	38
15	12	04	14	29	46
15	12	04	14	30	20
15	12	04	14	30	26
15	12	04	14	30	36
