15	11	03	21	00	00	22.16	42.44
15	11	03	21	15	00	22.59	34.38
15	11	03	21	30	00	22.56	33.33
15	11	03	21	45	00	22.81	34.30
15	11	03	22	00	00	22.95	34.30
15	11	03	22	15	00	22.81	34.37
15	11	03	22	30	00	22.60	34.30
15	11	03	22	45	00	22.43	34.35
15	11	03	23	00	00	22.29	34.38
15	11	03	23	15	00	22.08	34.35
15	11	03	23	30	00	21.98	33.35
15	11	03	23	45	00	21.83	32.36
15	11	04	00	00	00	21.74	33.38
15	11	04	00	15	00	21.65	33.31
15	11	04	00	30	00	21.50	32.36
15	11	04	00	45	00	21.39	33.33
15	11	04	01	00	00	21.19	33.38
15	11	04	01	15	00	21.08	33.38
15	11	04	01	30	00	20.97	33.38
15	11	04	01	45	00	20.94	34.33
15	11	04	02	00	00	20.86	33.30
15	11	04	02	15	00	20.80	34.30
15	11	04	02	30	00	20.72	33.36
15	11	04	02	45	00	20.65	33.38
15	11	04	03	00	00	20.55	33.38
15	11	04	03	15	00	20.47	33.38
15	11	04	03	30	00	20.41	33.38
15	11	04	03	45	00	20.34	33.33
15	11	04	04	00	00	20.22	33.35
15	11	04	04	15	00	20.11	33.38
15	11	04	04	30	00	20.03	33.31
15	11	04	04	45	00	19.98	33.31
15	11	04	05	00	00	19.88	32.31
15	11	04	05	15	00	19.80	32.36
15	11	04	05	30	00	19.73	32.38
15	11	04	05	45	00	19.67	32.36
15	11	04	06	00	00	19.55	32.31
15	11	04	06	15	00	19.42	32.38
15	11	04	06	30	00	19.33	32.34
15	11	04	06	45	00	19.20	32.38
15	11	04	07	00	00	19.15	32.34
15	11	04	07	15	00	19.30	33.35
15	11	04	07	30	00	19.22	32.36
15	11	04	07	45	00	19.11	32.38
15	11	04	08	00	00	19.08	32.38
15	11	04	08	15	00	19.11	33.38
15	11	04	08	30	00	19.12	33.33
15	11	04	08	45	00	19.13	34.30
15	11	04	09	00	00	19.16	34.33
15	11	04	09	15	00	19.19	34.35
15	11	04	09	30	00	19.22	33.33
15	11	04	09	45	00	19.24	33.36
15	11	04	10	00	00	19.26	33.33
15	11	04	10	15	00	19.28	33.36
15	11	04	10	30	00	19.31	33.31
15	11	04	10	45	00	19.35	33.38
15	11	04	11	00	00	19.34	32.39
15	11	04	11	15	00	19.38	32.36
15	11	04	11	30	00	19.42	33.31
15	11	04	11	45	00	20.02	32.31
15	11	04	12	00	00	20.18	31.39
15	11	04	12	15	00	20.19	31.31
15	11	04	12	30	00	20.23	30.39
15	11	04	12	45	00	20.25	30.31
15	11	04	13	00	00	20.28	29.27
15	11	04	13	15	00	20.30	29.26
15	11	04	13	30	00	20.29	28.26
15	11	04	13	45	00	20.33	28.24
15	11	04	14	00	00	20.34	28.24
15	11	04	14	15	00	20.37	28.21
15	11	04	14	30	00	20.37	27.26
15	11	04	14	45	00	20.36	28.21
15	11	04	15	00	00	20.34	27.26
15	11	04	15	15	00	20.34	27.28
15	11	04	15	30	00	20.36	28.28
15	11	04	15	45	00	20.37	28.29
15	11	04	16	00	00	20.37	28.28
15	11	04	16	15	00	20.37	29.29
15	11	04	16	30	00	20.37	30.36
15	11	04	16	45	00	20.40	31.31
15	11	04	17	00	00	20.37	31.31
15	11	04	17	15	00	20.37	32.36
15	11	04	17	30	00	20.33	32.31
15	11	04	17	45	00	20.33	32.36
15	11	04	18	00	00	20.30	33.36
15	11	04	18	15	00	20.26	32.31
15	11	04	18	30	00	20.19	32.31
15	11	04	18	45	00	20.14	32.38
15	11	04	19	00	00	20.09	32.39
15	11	04	19	15	00	20.21	45.48
15	11	04	19	30	00	19.05	31.34
15	11	04	19	45	00	19.41	30.38
15	11	04	20	00	00	17.63	30.34
15	11	04	20	15	00	16.49	32.38
15	11	04	20	30	00	15.60	34.31
15	11	04	20	45	00	14.18	37.31
15	11	04	21	00	00	19.19	28.28
15	11	04	21	15	00	20.45	26.20
15	11	04	21	30	00	21.01	24.25
15	11	04	21	45	00	21.28	23.26
15	11	04	22	00	00	21.44	23.26
15	11	04	22	15	00	21.54	23.21
15	11	04	22	30	00	21.57	23.26
15	11	04	22	45	00	21.58	23.21
15	11	04	23	00	00	21.58	23.24
15	11	04	23	15	00	21.50	22.21
15	11	04	23	30	00	21.57	23.23
15	11	04	23	45	00	21.58	22.20
15	11	05	00	00	00	21.61	22.28
15	11	05	00	15	00	21.62	23.29
15	11	05	00	30	00	21.61	23.21
15	11	05	00	45	00	21.60	23.21
15	11	05	01	00	00	21.61	23.21
15	11	05	01	15	00	21.60	23.21
15	11	05	01	30	00	21.61	23.21
15	11	05	01	45	00	21.60	23.24
15	11	05	02	00	00	21.60	23.26
15	11	05	02	15	00	21.60	23.26
15	11	05	02	30	00	21.62	23.24
15	11	05	02	45	00	21.60	24.29
15	11	05	03	00	00	21.62	24.24
15	11	05	03	15	00	21.60	24.27
15	11	05	03	30	00	21.61	24.29
15	11	05	03	45	00	21.60	24.29
15	11	05	04	00	00	21.60	24.29
15	11	05	04	15	00	21.58	24.29
15	11	05	04	30	00	21.58	24.22
15	11	05	04	45	00	21.57	24.24
15	11	05	05	00	00	21.57	24.27
15	11	05	05	15	00	21.60	24.27
15	11	05	05	30	00	21.60	24.25
15	11	05	05	45	00	21.62	24.24
15	11	05	06	00	00	21.64	24.22
15	11	05	06	15	00	21.67	24.29
15	11	05	06	30	00	21.71	25.22
15	11	05	06	45	00	21.74	25.28
15	11	05	07	00	00	21.76	25.20
15	11	05	07	15	00	21.78	25.23
15	11	05	07	30	00	21.82	25.25
15	11	05	07	45	00	21.83	26.20
15	11	05	08	00	00	21.87	26.28
15	11	05	08	15	00	21.87	26.23
15	11	05	08	30	00	21.90	26.20
15	11	05	08	45	00	21.93	26.26
15	11	05	09	00	00	21.94	27.21
15	11	05	09	15	00	22.01	28.29
15	11	05	09	30	00	22.08	27.28
15	11	05	09	45	00	22.12	27.28
15	11	05	10	00	00	22.15	28.23
15	11	05	10	15	00	22.19	27.28
15	11	05	10	30	00	22.20	27.26
15	11	05	10	45	00	22.20	28.26
15	11	05	11	00	00	22.20	28.24
15	11	05	11	15	00	22.23	28.26
15	11	05	11	30	00	22.23	28.28
15	11	05	11	45	00	22.23	28.29
15	11	05	12	00	00	22.20	28.28
15	11	05	12	15	00	22.18	28.24
15	11	05	12	30	00	22.19	27.21
15	11	05	12	45	00	22.20	27.26
15	11	05	13	00	00	22.18	27.24
15	11	05	13	15	00	22.15	27.21
15	11	05	13	30	00	22.12	27.28
15	11	05	13	45	00	22.09	27.26
15	11	05	14	00	00	22.02	27.23
15	11	05	14	15	00	22.04	28.21
15	11	05	14	30	00	21.98	28.21
15	11	05	14	45	00	22.00	28.29
15	11	05	15	00	00	21.97	27.26
15	11	05	15	15	00	22.00	27.28
15	11	05	15	30	00	21.98	27.23
15	11	05	15	45	00	21.96	26.28
15	11	05	16	00	00	21.93	26.28
15	11	05	16	15	00	21.91	27.26
15	11	05	16	30	00	21.90	27.26
15	11	05	16	45	00	21.85	27.29
15	11	05	17	00	00	21.83	27.26
15	11	05	17	15	00	21.85	28.26
15	11	05	17	30	00	21.85	28.29
15	11	05	17	45	00	21.83	29.26
15	11	05	18	00	00	21.83	29.26
15	11	05	18	15	00	21.85	29.21
15	11	05	18	30	00	21.87	29.29
15	11	05	18	45	00	21.90	29.21
15	11	05	19	00	00	21.91	29.26
15	11	05	19	15	00	21.90	29.26
15	11	05	19	30	00	21.93	29.29
15	11	05	19	45	00	21.94	29.21
15	11	05	20	00	00	21.96	29.23
15	11	05	20	15	00	21.96	29.21
15	11	05	20	30	00	21.98	29.29
15	11	05	20	45	00	21.98	29.24
15	11	05	21	00	00	21.98	29.28
15	11	05	21	15	00	21.97	29.26
15	11	05	21	30	00	21.97	29.21
15	11	05	21	45	00	21.96	29.29
15	11	05	22	00	00	21.96	29.21
15	11	05	22	15	00	21.94	29.23
15	11	05	22	30	00	21.94	29.26
15	11	05	22	45	00	21.93	29.29
15	11	05	23	00	00	21.93	29.26
15	11	05	23	15	00	21.91	29.21
15	11	05	23	30	00	21.90	28.26
15	11	05	23	45	00	21.89	28.26
15	11	06	00	00	00	21.87	28.23
15	11	06	00	15	00	21.87	28.23
15	11	06	00	30	00	21.86	28.26
15	11	06	00	45	00	21.87	28.26
15	11	06	01	00	00	21.85	28.21
15	11	06	01	15	00	21.85	28.21
15	11	06	01	30	00	21.83	28.29
15	11	06	01	45	00	21.82	27.28
15	11	06	02	00	00	21.80	27.26
15	11	06	02	15	00	21.79	27.28
15	11	06	02	30	00	21.76	27.28
15	11	06	02	45	00	21.76	26.28
15	11	06	03	00	00	21.75	26.28
15	11	06	03	15	00	21.74	26.28
15	11	06	03	30	00	21.76	26.26
15	11	06	03	45	00	21.72	26.23
15	11	06	04	00	00	21.69	26.26
15	11	06	04	15	00	21.68	26.23
15	11	06	04	30	00	21.67	26.28
15	11	06	04	45	00	21.64	26.28
15	11	06	05	00	00	21.64	26.26
15	11	06	05	15	00	21.65	26.20
15	11	06	05	30	00	21.65	26.20
15	11	06	05	45	00	21.67	26.23
15	11	06	06	00	00	21.68	26.25
15	11	06	06	15	00	21.68	26.23
15	11	06	06	30	00	21.68	26.28
15	11	06	06	45	00	21.69	26.28
15	11	06	07	00	00	21.71	26.28
15	11	06	07	15	00	21.72	26.25
15	11	06	07	30	00	21.75	26.21
15	11	06	07	45	00	21.76	25.25
15	11	06	08	00	00	21.78	26.23
15	11	06	08	15	00	21.78	26.20
15	11	06	08	30	00	21.80	26.25
15	11	06	08	45	00	21.82	26.20
15	11	06	09	00	00	21.80	26.23
15	11	06	09	15	00	21.82	26.25
15	11	06	09	30	00	21.74	27.26
15	11	06	09	45	00	21.67	27.29
15	11	06	10	00	00	21.75	27.23
15	11	06	10	15	00	21.72	28.29
15	11	06	10	30	00	21.71	28.24
15	11	06	10	45	00	21.65	28.24
15	11	06	11	00	00	21.69	29.24
15	11	06	11	15	00	21.71	29.26
15	11	06	11	30	00	21.74	28.29
15	11	06	11	45	00	21.80	28.21
15	11	06	12	00	00	21.80	28.26
15	11	06	12	15	00	21.76	29.23
15	11	06	12	30	00	21.76	29.26
15	11	06	12	45	00	21.80	29.24
15	11	06	13	00	00	21.79	29.24
15	11	06	13	15	00	21.78	29.24
15	11	06	13	30	00	21.71	28.28
15	11	06	13	45	00	21.72	29.24
15	11	06	14	00	00	21.69	29.26
15	11	06	14	15	00	21.69	28.26
15	11	06	14	30	00	21.68	28.26
15	11	06	14	45	00	21.67	28.21
15	11	06	15	00	00	21.68	29.21
15	11	06	15	15	00	21.67	28.21
15	11	06	15	30	00	21.64	28.29
15	11	06	15	45	00	21.62	28.21
15	11	06	16	00	00	21.60	28.26
15	11	06	16	15	00	21.56	28.29
15	11	06	16	30	00	21.58	29.21
15	11	06	16	45	00	21.67	29.26
15	11	06	17	00	00	21.67	29.26
15	11	06	17	15	00	21.68	30.31
15	11	06	17	30	00	21.68	30.36
15	11	06	17	45	00	21.72	30.32
15	11	06	18	00	00	21.74	30.36
15	11	06	18	15	00	21.74	31.36
15	11	06	18	30	00	21.74	31.31
15	11	06	18	45	00	21.75	31.36
15	11	06	19	00	00	21.78	32.38
15	11	06	19	15	00	21.80	32.34
15	11	06	19	30	00	21.83	32.34
15	11	06	19	45	00	21.86	32.31
15	11	06	20	00	00	21.87	32.36
15	11	06	20	15	00	21.90	31.36
15	11	06	20	30	00	21.94	31.36
15	11	06	20	45	00	21.97	31.34
15	11	06	21	00	00	21.97	31.31
15	11	06	21	15	00	21.97	31.38
15	11	06	21	30	00	21.98	32.31
15	11	06	21	45	00	21.97	31.31
15	11	06	22	00	00	21.97	31.39
15	11	06	22	15	00	21.96	31.31
15	11	06	22	30	00	21.94	31.31
15	11	06	22	45	00	21.94	31.39
15	11	06	23	00	00	21.91	31.39
15	11	06	23	15	00	21.90	31.39
15	11	06	23	30	00	21.87	31.39
15	11	06	23	45	00	21.86	31.33
15	11	07	00	00	00	21.83	31.31
15	11	07	00	15	00	21.83	31.31
15	11	07	00	30	00	21.80	31.39
15	11	07	00	45	00	21.80	31.36
15	11	07	01	00	00	21.80	31.39
15	11	07	01	15	00	21.78	31.39
15	11	07	01	30	00	21.79	31.39
15	11	07	01	45	00	21.76	31.34
15	11	07	02	00	00	21.75	31.36
15	11	07	02	15	00	21.74	31.31
15	11	07	02	30	00	21.71	31.36
15	11	07	02	45	00	21.69	31.36
15	11	07	03	00	00	21.68	31.36
15	11	07	03	15	00	21.65	31.34
15	11	07	03	30	00	21.64	31.36
15	11	07	03	45	00	21.62	31.36
15	11	07	04	00	00	21.60	31.31
15	11	07	04	15	00	21.58	31.31
15	11	07	04	30	00	21.60	31.34
15	11	07	04	45	00	21.58	31.36
15	11	07	05	00	00	21.57	31.38
15	11	07	05	15	00	21.62	31.36
15	11	07	05	30	00	21.62	31.33
15	11	07	05	45	00	21.62	31.36
15	11	07	06	00	00	21.65	31.31
15	11	07	06	15	00	21.68	31.39
15	11	07	06	30	00	21.68	31.39
15	11	07	06	45	00	21.72	31.31
15	11	07	07	00	00	21.74	30.39
15	11	07	07	15	00	21.75	30.39
15	11	07	07	30	00	21.76	31.36
15	11	07	07	45	00	21.76	31.31
15	11	07	08	00	00	21.79	31.34
15	11	07	08	15	00	21.79	31.39
15	11	07	08	30	00	21.82	31.38
15	11	07	08	45	00	21.85	32.31
15	11	07	09	00	00	21.87	32.38
15	11	07	09	15	00	21.91	32.36
15	11	07	09	30	00	21.94	32.38
15	11	07	09	45	00	21.94	32.38
15	11	07	10	00	00	21.94	33.36
15	11	07	10	15	00	21.98	33.38
15	11	07	10	30	00	21.98	33.38
15	11	07	10	45	00	21.98	33.33
15	11	07	11	00	00	22.00	33.31
15	11	07	11	15	00	22.00	33.38
15	11	07	11	30	00	22.00	33.31
15	11	07	11	45	00	22.00	33.31
15	11	07	12	00	00	22.00	33.38
15	11	07	12	15	00	21.97	33.33
15	11	07	12	30	00	21.94	33.38
15	11	07	12	45	00	21.93	34.38
15	11	07	13	00	00	21.90	34.36
15	11	07	13	15	00	21.86	34.36
15	11	07	13	30	00	21.83	33.35
15	11	07	13	45	00	21.82	34.38
15	11	07	14	00	00	21.80	34.36
15	11	07	14	15	00	21.79	33.35
15	11	07	14	30	00	21.75	33.31
15	11	07	14	45	00	21.72	33.36
15	11	07	15	00	00	21.72	33.33
15	11	07	15	15	00	21.71	33.33
15	11	07	15	30	00	21.68	33.35
15	11	07	15	45	00	21.68	33.31
15	11	07	16	00	00	21.69	33.33
15	11	07	16	15	00	21.69	33.31
15	11	07	16	30	00	21.68	33.38
15	11	07	16	45	00	21.65	33.33
15	11	07	17	00	00	21.65	33.38
15	11	07	17	15	00	21.65	33.36
15	11	07	17	30	00	21.65	33.33
15	11	07	17	45	00	21.67	34.35
15	11	07	18	00	00	21.65	34.30
15	11	07	18	15	00	21.64	34.30
15	11	07	18	30	00	21.65	34.33
15	11	07	18	45	00	21.67	34.35
15	11	07	19	00	00	21.68	34.37
15	11	07	19	15	00	21.69	34.30
15	11	07	19	30	00	21.72	34.35
15	11	07	19	45	00	21.72	34.38
15	11	07	20	00	00	21.74	34.35
15	11	07	20	15	00	21.75	34.30
15	11	07	20	30	00	21.76	34.30
15	11	07	20	45	00	21.78	34.30
15	11	07	21	00	00	21.76	34.30
15	11	07	21	15	00	21.79	34.33
15	11	07	21	30	00	21.82	34.32
15	11	07	21	45	00	21.83	34.35
15	11	07	22	00	00	21.83	34.35
15	11	07	22	15	00	21.85	34.37
15	11	07	22	30	00	21.85	34.38
15	11	07	22	45	00	21.86	34.33
15	11	07	23	00	00	21.87	34.30
15	11	07	23	15	00	21.86	34.35
15	11	07	23	30	00	21.86	34.30
15	11	07	23	45	00	21.85	34.33
15	11	08	00	00	00	21.86	34.35
15	11	08	00	15	00	21.85	34.38
15	11	08	00	30	00	21.85	34.30
15	11	08	00	45	00	21.85	34.35
15	11	08	01	00	00	21.86	34.30
15	11	08	01	15	00	21.86	35.35
15	11	08	01	30	00	21.87	35.37
15	11	08	01	45	00	21.86	35.37
15	11	08	02	00	00	21.86	35.37
15	11	08	02	15	00	21.85	35.37
15	11	08	02	30	00	21.85	35.32
15	11	08	02	45	00	21.85	35.37
15	11	08	03	00	00	21.83	36.39
15	11	08	03	15	00	21.83	36.36
15	11	08	03	30	00	21.85	36.36
15	11	08	03	45	00	21.83	37.38
15	11	08	04	00	00	21.83	36.39
15	11	08	04	15	00	21.85	36.39
15	11	08	04	30	00	21.83	37.31
15	11	08	04	45	00	21.86	37.31
15	11	08	05	00	00	21.85	37.38
15	11	08	05	15	00	21.85	37.38
15	11	08	05	30	00	21.86	37.36
15	11	08	05	45	00	21.87	37.33
15	11	08	06	00	00	21.86	36.36
15	11	08	06	15	00	21.87	36.36
15	11	08	06	30	00	21.90	36.39
15	11	08	06	45	00	21.89	36.39
15	11	08	07	00	00	21.90	36.34
15	11	08	07	15	00	21.93	36.36
15	11	08	07	30	00	21.93	36.36
15	11	08	07	45	00	21.94	37.38
15	11	08	08	00	00	21.93	38.37
15	11	08	08	15	00	21.96	39.33
15	11	08	08	30	00	21.98	40.45
15	11	08	08	45	00	22.01	41.42
15	11	08	09	00	00	22.05	41.49
15	11	08	09	15	00	22.05	41.48
15	11	08	09	30	00	22.07	41.48
15	11	08	09	45	00	22.09	42.40
15	11	08	10	00	00	22.11	42.45
15	11	08	10	15	00	22.12	42.49
15	11	08	10	30	00	22.12	43.46
15	11	08	10	45	00	22.14	43.48
15	11	08	11	00	00	22.16	44.47
15	11	08	11	15	00	22.16	44.47
15	11	08	11	30	00	22.19	44.49
15	11	08	11	45	00	22.19	44.41
15	11	08	12	00	00	22.20	45.45
15	11	08	12	15	00	22.22	45.48
15	11	08	12	30	00	22.23	45.44
15	11	08	12	45	00	22.23	46.48
15	11	08	13	00	00	22.25	46.47
15	11	08	13	15	00	22.25	46.42
15	11	08	13	30	00	22.25	47.40
15	11	08	13	45	00	22.25	47.45
15	11	08	14	00	00	22.25	47.49
15	11	08	14	15	00	22.25	47.43
15	11	08	14	30	00	22.23	48.47
15	11	08	14	45	00	22.23	48.49
15	11	08	15	00	00	22.20	48.41
15	11	08	15	15	00	22.16	48.43
15	11	08	15	30	00	22.19	48.43
15	11	08	15	45	00	22.18	48.48
15	11	08	16	00	00	22.19	49.47
15	11	08	16	15	00	22.15	49.45
15	11	08	16	30	00	22.19	49.45
15	11	08	16	45	00	22.25	49.44
15	11	08	17	00	00	22.25	49.44
15	11	08	17	15	00	22.25	49.47
15	11	08	17	30	00	22.27	49.42
15	11	08	17	45	00	22.26	48.48
15	11	08	18	00	00	22.27	48.43
15	11	08	18	15	00	22.27	48.41
15	11	08	18	30	00	22.26	48.49
15	11	08	18	45	00	22.26	48.40
15	11	08	19	00	00	22.27	47.48
15	11	08	19	15	00	22.27	47.45
15	11	08	19	30	00	22.27	46.49
15	11	08	19	45	00	22.25	45.47
15	11	08	20	00	00	22.25	44.41
15	11	08	20	15	00	22.22	44.42
15	11	08	20	30	00	22.20	43.46
15	11	08	20	45	00	22.18	43.46
15	11	08	21	00	00	22.16	42.42
15	11	08	21	15	00	22.14	42.43
15	11	08	21	30	00	22.12	41.46
15	11	08	21	45	00	22.08	41.41
15	11	08	22	00	00	22.05	41.41
15	11	08	22	15	00	22.04	41.47
15	11	08	22	30	00	22.01	40.40
15	11	08	22	45	00	21.97	40.45
15	11	08	23	00	00	21.94	40.41
15	11	08	23	15	00	21.96	40.41
15	11	08	23	30	00	21.96	40.43
15	11	08	23	45	00	21.94	39.36
15	11	09	00	00	00	21.91	39.36
15	11	09	00	15	00	21.91	39.39
15	11	09	00	30	00	21.93	39.39
15	11	09	00	45	00	21.91	39.37
15	11	09	01	00	00	21.91	39.32
15	11	09	01	15	00	21.91	39.34
15	11	09	01	30	00	21.90	39.37
15	11	09	01	45	00	21.90	39.34
15	11	09	02	00	00	21.91	39.36
15	11	09	02	15	00	21.91	39.34
15	11	09	02	30	00	21.93	39.31
15	11	09	02	45	00	21.94	39.39
15	11	09	03	00	00	21.93	39.39
15	11	09	03	15	00	21.94	39.36
15	11	09	03	30	00	21.94	39.38
15	11	09	03	45	00	21.93	40.41
15	11	09	04	00	00	21.96	40.45
15	11	09	04	15	00	21.93	40.48
15	11	09	04	30	00	21.94	40.46
15	11	09	04	45	00	21.96	40.48
15	11	09	05	00	00	21.97	40.41
15	11	09	05	15	00	21.93	40.45
15	11	09	05	30	00	21.90	40.43
15	11	09	05	45	00	21.90	39.33
15	11	09	06	00	00	21.93	39.31
15	11	09	06	15	00	21.94	39.31
15	11	09	06	30	00	21.98	39.32
15	11	09	06	45	00	21.97	38.32
15	11	09	07	00	00	22.00	38.39
15	11	09	07	15	00	22.02	38.30
15	11	09	07	30	00	22.04	38.35
15	11	09	07	45	00	22.07	38.34
15	11	09	08	00	00	22.08	39.32
15	11	09	08	15	00	22.11	39.36
15	11	09	08	30	00	22.11	39.38
15	11	09	08	45	00	22.14	39.33
15	11	09	09	00	00	22.14	40.48
15	11	09	09	15	00	22.15	41.41
15	11	09	09	30	00	22.12	41.46
15	11	09	09	45	00	22.02	41.46
15	11	09	10	00	00	21.97	41.49
15	11	09	10	15	00	21.98	41.46
15	11	09	10	30	00	21.93	41.46
15	11	09	10	45	00	21.87	41.41
15	11	09	11	00	00	21.87	42.43
15	11	09	11	15	00	21.93	42.42
15	11	09	11	30	00	21.91	42.44
15	11	09	11	45	00	21.87	43.47
15	11	09	12	00	00	21.87	42.47
15	11	09	12	15	00	21.90	42.42
15	11	09	12	30	00	22.11	42.43
15	11	09	12	45	00	22.15	41.44
15	11	09	13	00	00	22.16	41.41
15	11	09	13	15	00	22.16	41.44
15	11	09	13	30	00	22.18	41.44
15	11	09	13	45	00	22.16	41.44
15	11	09	14	00	00	22.15	41.46
15	11	09	14	15	00	22.12	41.44
15	11	09	14	30	00	22.09	41.49
15	11	09	14	45	00	22.07	41.49
15	11	09	15	00	00	22.08	42.40
15	11	09	15	15	00	22.11	41.48
15	11	09	15	30	00	22.14	41.43
15	11	09	15	45	00	22.19	41.41
15	11	09	16	00	00	22.18	41.41
15	11	09	16	15	00	22.20	41.46
15	11	09	16	30	00	22.20	41.43
15	11	09	16	45	00	22.19	41.46
15	11	09	17	00	00	22.19	41.41
15	11	09	17	15	00	22.16	41.48
15	11	09	17	30	00	22.11	41.48
15	11	09	17	45	00	22.12	42.45
15	11	09	18	00	00	22.07	42.45
15	11	09	18	15	00	22.08	42.45
15	11	09	18	30	00	22.05	41.43
15	11	09	18	45	00	22.04	41.44
15	11	09	19	00	00	22.05	41.46
15	11	09	19	15	00	22.05	41.41
15	11	09	19	30	00	22.02	41.46
15	11	09	19	45	00	22.02	41.49
15	11	09	20	00	00	22.00	40.42
15	11	09	20	15	00	21.98	40.45
15	11	09	20	30	00	21.93	40.43
15	11	09	20	45	00	21.93	40.43
15	11	09	21	00	00	21.91	40.41
15	11	09	21	15	00	21.93	39.36
15	11	09	21	30	00	21.91	39.38
15	11	09	21	45	00	21.89	39.38
15	11	09	22	00	00	21.90	39.37
15	11	09	22	15	00	21.87	39.39
15	11	09	22	30	00	21.87	38.34
15	11	09	22	45	00	21.85	38.37
15	11	09	23	00	00	21.86	38.32
15	11	09	23	15	00	21.86	38.37
15	11	09	23	30	00	21.87	38.39
15	11	09	23	45	00	21.86	38.39
15	11	10	00	00	00	21.86	39.30
15	11	10	00	15	00	21.85	39.32
15	11	10	00	30	00	21.85	39.32
15	11	10	00	45	00	21.85	39.31
15	11	10	01	00	00	21.83	39.39
15	11	10	01	15	00	21.85	39.36
15	11	10	01	30	00	21.85	39.36
15	11	10	01	45	00	21.83	39.34
15	11	10	02	00	00	21.83	39.34
15	11	10	02	15	00	21.82	38.37
15	11	10	02	30	00	21.82	38.37
15	11	10	02	45	00	21.82	38.39
15	11	10	03	00	00	21.82	38.30
15	11	10	03	15	00	21.82	38.38
15	11	10	03	30	00	21.80	38.33
15	11	10	03	45	00	21.78	38.37
15	11	10	04	00	00	21.76	38.35
15	11	10	04	15	00	21.76	38.32
15	11	10	04	30	00	21.75	38.32
15	11	10	04	45	00	21.74	37.38
15	11	10	05	00	00	21.74	37.33
15	11	10	05	15	00	21.72	37.36
15	11	10	05	30	00	21.72	37.33
15	11	10	05	45	00	21.72	37.33
15	11	10	06	00	00	21.72	37.34
15	11	10	06	15	00	21.72	36.39
15	11	10	06	30	00	21.72	36.31
15	11	10	06	45	00	21.72	36.34
15	11	10	07	00	00	21.74	36.32
15	11	10	07	15	00	21.75	36.39
15	11	10	07	30	00	21.75	36.34
15	11	10	07	45	00	21.75	36.32
15	11	10	08	00	00	21.74	36.39
15	11	10	08	15	00	21.78	36.32
15	11	10	08	30	00	21.75	36.34
15	11	10	08	45	00	21.75	36.36
15	11	10	09	00	00	21.71	37.38
15	11	10	09	15	00	21.72	37.34
15	11	10	09	30	00	21.61	36.39
15	11	10	09	45	00	21.67	37.31
15	11	10	10	00	00	21.60	37.38
15	11	10	10	15	00	21.57	37.33
15	11	10	10	30	00	21.54	37.38
15	11	10	10	45	00	21.53	37.38
15	11	10	11	00	00	21.50	37.31
15	11	10	11	15	00	21.50	37.33
15	11	10	11	30	00	21.54	37.36
15	11	10	11	45	00	21.50	37.30
15	11	10	12	00	00	21.50	37.35
15	11	10	12	15	00	21.68	37.31
15	11	10	12	30	00	21.87	37.39
15	11	10	12	45	00	21.94	36.31
15	11	10	13	00	00	21.98	36.36
15	11	10	13	15	00	21.98	36.36
15	11	10	13	30	00	21.98	36.39
15	11	10	13	45	00	22.05	36.39
15	11	10	14	00	00	22.09	35.39
15	11	10	14	15	00	22.08	35.35
15	11	10	14	30	00	22.00	35.35
15	11	10	14	45	00	22.07	35.37
15	11	10	15	00	00	22.11	34.33
15	11	10	15	15	00	22.11	34.35
15	11	10	15	30	00	22.08	34.38
15	11	10	15	45	00	22.05	34.35
15	11	10	16	00	00	22.01	34.38
15	11	10	16	15	00	21.98	34.33
15	11	10	16	30	00	21.96	34.33
15	11	10	16	45	00	21.98	35.38
15	11	10	17	00	00	22.02	35.32
15	11	10	17	15	00	22.02	35.35
15	11	10	17	30	00	22.02	35.32
15	11	10	17	45	00	22.02	35.37
15	11	10	18	00	00	22.00	35.37
15	11	10	18	15	00	22.00	35.30
15	11	10	18	30	00	22.00	35.37
15	11	10	18	45	00	22.02	35.30
15	11	10	19	00	00	21.97	35.37
15	11	10	19	15	00	21.94	35.35
15	11	10	19	30	00	21.94	35.37
15	11	10	19	45	00	21.93	35.30
15	11	10	20	00	00	21.93	35.30
15	11	10	20	15	00	21.93	35.30
15	11	10	20	30	00	21.93	35.33
15	11	10	20	45	00	21.93	34.35
15	11	10	21	00	00	21.90	34.30
15	11	10	21	15	00	21.90	34.37
15	11	10	21	30	00	21.90	34.30
15	11	10	21	45	00	21.90	34.35
15	11	10	22	00	00	21.90	34.38
15	11	10	22	15	00	21.89	34.36
15	11	10	22	30	00	21.87	33.38
15	11	10	22	45	00	21.86	33.38
15	11	10	23	00	00	21.86	33.36
15	11	10	23	15	00	21.86	33.30
15	11	10	23	30	00	21.85	33.35
15	11	10	23	45	00	21.83	33.36
15	11	11	00	00	00	21.83	33.36
15	11	11	00	15	00	21.80	33.33
15	11	11	00	30	00	21.80	33.38
15	11	11	00	45	00	21.80	33.31
15	11	11	01	00	00	21.80	32.38
15	11	11	01	15	00	21.80	32.34
15	11	11	01	30	00	21.80	32.38
15	11	11	01	45	00	21.79	32.34
15	11	11	02	00	00	21.78	32.33
15	11	11	02	15	00	21.78	31.31
15	11	11	02	30	00	21.74	31.33
15	11	11	02	45	00	21.72	31.38
15	11	11	03	00	00	21.71	31.36
15	11	11	03	15	00	21.69	31.39
15	11	11	03	30	00	21.68	31.34
15	11	11	03	45	00	21.65	31.31
15	11	11	04	00	00	21.65	31.39
15	11	11	04	15	00	21.65	31.31
15	11	11	04	30	00	21.65	31.31
15	11	11	04	45	00	21.62	31.31
15	11	11	05	00	00	21.64	31.36
15	11	11	05	15	00	21.64	31.39
15	11	11	05	30	00	21.65	32.31
15	11	11	05	45	00	21.65	31.34
15	11	11	06	00	00	21.68	31.33
15	11	11	06	15	00	21.72	32.31
15	11	11	06	30	00	21.74	32.39
15	11	11	06	45	00	21.75	32.31
15	11	11	07	00	00	21.78	32.31
15	11	11	07	15	00	21.80	31.39
15	11	11	07	30	00	21.80	31.31
15	11	11	07	45	00	21.82	31.38
15	11	11	08	00	00	21.86	31.38
15	11	11	08	15	00	21.86	31.36
15	11	11	08	30	00	21.85	32.39
15	11	11	08	45	00	21.85	32.34
15	11	11	09	00	00	21.83	32.33
15	11	11	09	15	00	21.85	32.36
15	11	11	09	30	00	21.80	32.31
15	11	11	09	45	00	21.83	33.38
15	11	11	10	00	00	21.82	33.38
15	11	11	10	15	00	21.82	33.35
15	11	11	10	30	00	21.80	34.33
15	11	11	10	45	00	21.80	34.33
15	11	11	11	00	00	21.80	34.35
15	11	11	11	15	00	21.80	34.37
15	11	11	11	30	00	21.82	35.37
15	11	11	11	45	00	21.83	35.32
15	11	11	12	00	00	21.86	35.37
15	11	11	12	15	00	21.86	34.33
15	11	11	12	30	00	21.87	34.35
15	11	11	12	45	00	21.89	34.32
15	11	11	13	00	00	21.91	34.38
15	11	11	13	15	00	21.89	34.30
15	11	11	13	30	00	21.87	34.33
15	11	11	13	45	00	21.90	34.35
15	11	11	14	00	00	21.85	34.35
15	11	11	14	15	00	21.87	34.37
15	11	11	14	30	00	21.85	34.37
15	11	11	14	45	00	21.86	34.30
15	11	11	15	00	00	21.85	34.38
15	11	11	15	15	00	21.86	34.37
15	11	11	15	30	00	21.86	34.35
15	11	11	15	45	00	21.85	35.37
15	11	11	16	00	00	21.86	35.30
15	11	11	16	15	00	21.85	35.37
15	11	11	16	30	00	21.87	35.30
15	11	11	16	45	00	21.89	34.35
15	11	11	17	00	00	21.87	34.35
15	11	11	17	15	00	21.87	34.35
15	11	11	17	30	00	21.89	34.30
15	11	11	17	45	00	21.91	34.35
15	11	11	18	00	00	21.93	34.33
15	11	11	18	15	00	21.93	34.33
15	11	11	18	30	00	21.93	34.38
15	11	11	18	45	00	21.90	34.30
15	11	11	19	00	00	21.87	34.38
15	11	11	19	15	00	21.86	34.36
15	11	11	19	30	00	21.89	34.35
15	11	11	19	45	00	21.89	34.38
15	11	11	20	00	00	21.86	34.31
15	11	11	20	15	00	21.87	34.30
15	11	11	20	30	00	21.87	33.38
15	11	11	20	45	00	21.86	33.38
15	11	11	21	00	00	21.90	34.33
15	11	11	21	15	00	21.91	34.33
15	11	11	21	30	00	21.93	33.31
15	11	11	21	45	00	21.93	33.31
15	11	11	22	00	00	21.94	33.38
15	11	11	22	15	00	21.91	33.31
15	11	11	22	30	00	21.90	33.38
15	11	11	22	45	00	21.89	32.38
15	11	11	23	00	00	21.89	32.34
15	11	11	23	15	00	21.87	32.31
15	11	11	23	30	00	21.87	32.31
15	11	11	23	45	00	21.87	32.33
15	11	12	00	00	00	21.85	32.36
15	11	12	00	15	00	21.83	32.36
15	11	12	00	30	00	21.82	32.31
15	11	12	00	45	00	21.79	32.34
15	11	12	01	00	00	21.78	32.31
15	11	12	01	15	00	21.76	32.31
15	11	12	01	30	00	21.62	31.34
15	11	12	01	45	00	21.54	31.31
15	11	12	02	00	00	21.46	31.39
15	11	12	02	15	00	21.44	31.34
15	11	12	02	30	00	21.42	31.36
15	11	12	02	45	00	21.42	31.36
15	11	12	03	00	00	21.41	31.34
15	11	12	03	15	00	21.37	31.34
15	11	12	03	30	00	21.37	31.34
15	11	12	03	45	00	21.35	31.31
15	11	12	04	00	00	21.35	30.34
15	11	12	04	15	00	21.35	30.36
15	11	12	04	30	00	21.35	30.36
15	11	12	04	45	00	21.37	30.34
15	11	12	05	00	00	21.35	30.39
15	11	12	05	15	00	21.34	30.31
15	11	12	05	30	00	21.26	30.36
15	11	12	05	45	00	21.23	30.36
15	11	12	06	00	00	21.19	30.39
15	11	12	06	15	00	21.16	30.37
15	11	12	06	30	00	21.15	30.31
15	11	12	06	45	00	21.15	30.31
15	11	12	07	00	00	21.15	30.31
15	11	12	07	15	00	21.16	30.39
15	11	12	07	30	00	21.15	30.31
15	11	12	07	45	00	21.13	31.34
15	11	12	08	00	00	21.12	31.39
15	11	12	08	15	00	21.13	32.31
15	11	12	08	30	00	21.10	32.31
15	11	12	08	45	00	21.12	32.33
15	11	12	09	00	00	21.13	32.33
15	11	12	09	15	00	21.15	32.38
15	11	12	09	30	00	21.13	33.38
15	11	12	09	45	00	21.24	33.38
15	11	12	10	00	00	21.31	34.30
15	11	12	10	15	00	21.26	34.33
15	11	12	10	30	00	21.28	34.33
15	11	12	10	45	00	21.27	33.36
15	11	12	11	00	00	21.26	33.38
15	11	12	11	15	00	21.34	33.31
15	11	12	11	30	00	21.45	33.31
15	11	12	11	45	00	21.56	33.34
15	11	12	12	00	00	21.57	33.31
15	11	12	12	15	00	21.53	32.31
15	11	12	12	30	00	21.48	32.33
15	11	12	12	45	00	21.46	33.31
15	11	12	13	00	00	21.42	33.38
15	11	12	13	15	00	21.39	33.36
15	11	12	13	30	00	21.39	33.38
15	11	12	13	45	00	21.34	33.31
15	11	12	14	00	00	21.31	32.33
15	11	12	14	15	00	21.34	32.33
15	11	12	14	30	00	21.34	32.31
15	11	12	14	45	00	21.45	33.33
15	11	12	15	00	00	21.48	33.33
15	11	12	15	15	00	21.53	33.38
15	11	12	15	30	00	21.61	33.31
15	11	12	15	45	00	21.60	33.33
15	11	12	16	00	00	21.58	34.33
15	11	12	16	15	00	21.60	34.30
15	11	12	16	30	00	21.65	34.35
15	11	12	16	45	00	21.64	35.30
15	11	12	17	00	00	21.54	35.35
15	11	12	17	15	00	21.57	35.39
15	11	12	17	30	00	21.54	36.32
15	11	12	17	45	00	21.54	36.32
15	11	12	18	00	00	21.53	36.39
15	11	12	18	15	00	21.49	36.32
15	11	12	18	30	00	21.53	36.36
15	11	12	18	45	00	21.49	36.31
15	11	12	19	00	00	21.49	36.36
15	11	12	19	15	00	21.49	36.32
15	11	12	19	30	00	21.50	36.39
15	11	12	19	45	00	21.46	36.32
15	11	12	20	00	00	21.44	35.37
15	11	12	20	15	00	21.46	35.32
15	11	12	20	30	00	21.42	35.30
15	11	12	20	45	00	21.42	35.35
15	11	12	21	00	00	21.38	35.30
15	11	12	21	15	00	21.38	35.30
15	11	12	21	30	00	21.38	35.37
15	11	12	21	45	00	21.35	35.34
15	11	12	22	00	00	21.35	35.35
15	11	12	22	15	00	21.30	35.34
15	11	12	22	30	00	21.30	35.32
15	11	12	22	45	00	21.28	35.30
15	11	12	23	00	00	21.30	34.32
15	11	12	23	15	00	21.28	34.35
15	11	12	23	30	00	21.27	35.30
15	11	12	23	45	00	21.27	34.35
15	11	13	00	00	00	21.27	34.33
15	11	13	00	15	00	21.24	35.35
15	11	13	00	30	00	21.26	35.37
15	11	13	00	45	00	21.23	35.35
15	11	13	01	00	00	21.27	35.37
15	11	13	01	15	00	21.24	35.35
15	11	13	01	30	00	21.24	35.35
15	11	13	01	45	00	21.24	34.35
15	11	13	02	00	00	21.20	34.38
15	11	13	02	15	00	21.17	34.35
15	11	13	02	30	00	21.17	34.33
15	11	13	02	45	00	21.17	34.38
15	11	13	03	00	00	21.16	34.31
15	11	13	03	15	00	21.13	34.38
15	11	13	03	30	00	21.13	34.30
15	11	13	03	45	00	21.09	33.33
15	11	13	04	00	00	21.10	33.31
15	11	13	04	15	00	21.09	33.36
15	11	13	04	30	00	21.17	33.33
15	11	13	04	45	00	21.10	33.36
15	11	13	05	00	00	21.06	33.35
15	11	13	05	15	00	21.02	33.33
15	11	13	05	30	00	21.02	32.36
15	11	13	05	45	00	21.03	32.33
15	11	13	06	00	00	21.03	32.36
15	11	13	06	15	00	21.01	32.33
15	11	13	06	30	00	21.03	32.31
15	11	13	06	45	00	21.02	32.36
15	11	13	07	00	00	21.02	32.36
15	11	13	07	15	00	21.03	32.36
15	11	13	07	30	00	21.02	32.31
15	11	13	07	45	00	21.03	32.36
15	11	13	08	00	00	21.08	33.33
15	11	13	08	15	00	21.08	33.33
15	11	13	08	30	00	21.09	33.38
15	11	13	08	45	00	21.09	33.38
15	11	13	09	00	00	21.10	34.35
15	11	13	09	15	00	21.10	34.30
15	11	13	09	30	00	21.26	35.30
15	11	13	09	45	00	21.39	35.39
15	11	13	10	00	00	21.38	35.39
15	11	13	10	15	00	21.44	35.34
15	11	13	10	30	00	21.45	36.32
15	11	13	10	45	00	21.45	36.31
15	11	13	11	00	00	21.45	36.31
15	11	13	11	15	00	21.48	36.31
15	11	13	11	30	00	21.48	36.39
15	11	13	11	45	00	21.53	36.34
15	11	13	12	00	00	21.48	36.31
15	11	13	12	15	00	21.53	36.31
15	11	13	12	30	00	21.49	36.34
15	11	13	12	45	00	21.49	36.37
15	11	13	13	00	00	21.48	36.32
15	11	13	13	15	00	21.50	36.34
15	11	13	13	30	00	21.56	36.34
15	11	13	13	45	00	21.67	35.37
15	11	13	14	00	00	21.72	35.37
15	11	13	14	15	00	21.68	36.34
15	11	13	14	30	00	21.67	36.39
15	11	13	14	45	00	21.74	35.34
15	11	13	15	00	00	21.78	35.35
15	11	13	15	15	00	21.78	35.32
15	11	13	15	30	00	21.80	35.30
15	11	13	15	45	00	21.80	35.32
15	11	13	16	00	00	21.82	34.35
15	11	13	16	15	00	21.80	35.30
15	11	13	16	30	00	21.80	35.32
15	11	13	16	45	00	21.79	35.37
15	11	13	17	00	00	21.79	35.35
15	11	13	17	15	00	21.80	35.32
15	11	13	17	30	00	21.78	35.34
15	11	13	17	45	00	21.79	36.37
15	11	13	18	00	00	21.82	36.34
15	11	13	18	15	00	21.83	36.39
15	11	13	18	30	00	21.85	36.39
15	11	13	18	45	00	21.87	36.33
15	11	13	19	00	00	21.87	36.34
15	11	13	19	15	00	21.86	36.31
15	11	13	19	30	00	21.87	36.36
15	11	13	19	45	00	21.89	36.33
15	11	13	20	00	00	21.89	36.31
15	11	13	20	15	00	21.91	36.31
15	11	13	20	30	00	21.90	36.36
15	11	13	20	45	00	21.89	37.34
15	11	13	21	00	00	21.91	36.33
15	11	13	21	15	00	21.91	36.31
15	11	13	21	30	00	21.90	36.36
15	11	13	21	45	00	21.87	36.39
15	11	13	22	00	00	21.86	37.34
15	11	13	22	15	00	21.86	37.33
15	11	13	22	30	00	21.85	37.34
15	11	13	22	45	00	21.83	36.36
15	11	13	23	00	00	21.82	36.31
15	11	13	23	15	00	21.79	36.39
15	11	13	23	30	00	21.80	36.31
15	11	13	23	45	00	21.79	36.31
15	11	14	00	00	00	21.76	36.39
15	11	14	00	15	00	21.74	36.33
15	11	14	00	30	00	21.74	36.31
15	11	14	00	45	00	21.74	37.31
15	11	14	01	00	00	21.71	36.31
15	11	14	01	15	00	21.68	36.39
15	11	14	01	30	00	21.67	36.34
15	11	14	01	45	00	21.64	36.34
15	11	14	02	00	00	21.62	36.36
15	11	14	02	15	00	21.60	36.39
15	11	14	02	30	00	21.58	36.39
15	11	14	02	45	00	21.57	36.36
15	11	14	03	00	00	21.53	36.32
15	11	14	03	15	00	21.53	35.39
15	11	14	03	30	00	21.49	35.37
15	11	14	03	45	00	21.49	35.37
15	11	14	04	00	00	21.46	35.30
15	11	14	04	15	00	21.46	35.34
15	11	14	04	30	00	21.41	35.35
15	11	14	04	45	00	21.41	35.30
15	11	14	05	00	00	21.38	34.38
15	11	14	05	15	00	21.39	34.35
15	11	14	05	30	00	21.41	34.35
15	11	14	05	45	00	21.41	33.30
15	11	14	06	00	00	21.42	33.31
15	11	14	06	15	00	21.42	33.31
15	11	14	06	30	00	21.44	33.35
15	11	14	06	45	00	21.42	33.35
15	11	14	07	00	00	21.44	33.35
15	11	14	07	15	00	21.45	33.33
15	11	14	07	30	00	21.45	33.30
15	11	14	07	45	00	21.46	33.38
15	11	14	08	00	00	21.48	34.36
15	11	14	08	15	00	21.49	34.30
15	11	14	08	30	00	21.48	34.35
15	11	14	08	45	00	21.53	34.30
15	11	14	09	00	00	21.54	35.30
15	11	14	09	15	00	21.57	35.37
15	11	14	09	30	00	21.58	35.37
15	11	14	09	45	00	21.60	36.37
15	11	14	10	00	00	21.62	36.31
15	11	14	10	15	00	21.64	36.31
15	11	14	10	30	00	21.65	36.34
15	11	14	10	45	00	21.68	37.36
15	11	14	11	00	00	21.68	37.33
15	11	14	11	15	00	21.69	37.36
15	11	14	11	30	00	21.69	38.35
15	11	14	11	45	00	21.74	38.39
15	11	14	12	00	00	21.76	38.37
15	11	14	12	15	00	21.78	39.39
15	11	14	12	30	00	21.79	39.39
15	11	14	12	45	00	21.78	39.36
15	11	14	13	00	00	21.76	39.33
15	11	14	13	15	00	21.76	40.41
15	11	14	13	30	00	21.76	40.43
15	11	14	13	45	00	21.76	40.41
15	11	14	14	00	00	21.75	40.48
15	11	14	14	15	00	21.75	40.45
15	11	14	14	30	00	21.72	40.48
15	11	14	14	45	00	21.72	40.48
15	11	14	15	00	00	21.71	40.43
15	11	14	15	15	00	21.72	40.47
15	11	14	15	30	00	21.72	40.45
15	11	14	15	45	00	21.72	40.44
15	11	14	16	00	00	21.74	40.42
15	11	14	16	15	00	21.74	40.40
15	11	14	16	30	00	21.74	40.45
15	11	14	16	45	00	21.72	40.45
15	11	14	17	00	00	21.75	40.44
15	11	14	17	15	00	21.75	41.42
15	11	14	17	30	00	21.75	41.47
15	11	14	17	45	00	21.76	41.44
15	11	14	18	00	00	21.76	41.42
15	11	14	18	15	00	21.78	41.42
15	11	14	18	30	00	21.79	41.44
15	11	14	18	45	00	21.80	41.42
15	11	14	19	00	00	21.80	41.47
15	11	14	19	15	00	21.83	40.40
15	11	14	19	30	00	21.82	40.45
15	11	14	19	45	00	21.83	40.40
15	11	14	20	00	00	21.85	40.45
15	11	14	20	15	00	21.85	40.40
15	11	14	20	30	00	21.83	40.40
15	11	14	20	45	00	21.86	40.45
15	11	14	21	00	00	21.86	40.48
15	11	14	21	15	00	21.86	40.40
15	11	14	21	30	00	21.85	40.42
15	11	14	21	45	00	21.83	40.45
15	11	14	22	00	00	21.83	40.42
15	11	14	22	15	00	21.82	40.48
15	11	14	22	30	00	21.80	40.45
15	11	14	22	45	00	21.80	40.42
15	11	14	23	00	00	21.79	40.45
15	11	14	23	15	00	21.79	40.45
15	11	14	23	30	00	21.78	41.49
15	11	14	23	45	00	21.78	41.41
15	11	15	00	00	00	21.76	41.46
15	11	15	00	15	00	21.76	41.41
15	11	15	00	30	00	21.76	41.41
15	11	15	00	45	00	21.76	41.49
15	11	15	01	00	00	21.75	41.41
15	11	15	01	15	00	21.75	41.47
15	11	15	01	30	00	21.74	41.44
15	11	15	01	45	00	21.74	40.44
15	11	15	02	00	00	21.72	40.48
15	11	15	02	15	00	21.71	40.41
15	11	15	02	30	00	21.69	39.33
15	11	15	02	45	00	21.65	39.38
15	11	15	03	00	00	21.65	40.46
15	11	15	03	15	00	21.64	40.41
15	11	15	03	30	00	21.62	40.41
15	11	15	03	45	00	21.58	40.41
15	11	15	04	00	00	21.58	39.38
15	11	15	04	15	00	21.58	39.38
15	11	15	04	30	00	21.57	39.36
15	11	15	04	45	00	21.56	39.33
15	11	15	05	00	00	21.57	40.45
15	11	15	05	15	00	21.56	41.44
15	11	15	05	30	00	21.58	42.48
15	11	15	05	45	00	21.58	42.42
15	11	15	06	00	00	21.58	43.41
15	11	15	06	15	00	21.60	43.41
15	11	15	06	30	00	21.61	43.46
15	11	15	06	45	00	21.61	43.43
15	11	15	07	00	00	21.61	43.45
15	11	15	07	15	00	21.61	43.45
15	11	15	07	30	00	21.62	43.40
15	11	15	07	45	00	21.62	43.40
15	11	15	08	00	00	21.65	44.45
15	11	15	08	15	00	21.64	44.44
15	11	15	08	30	00	21.64	44.49
15	11	15	08	45	00	21.64	44.49
15	11	15	09	00	00	21.65	44.43
15	11	15	09	15	00	21.65	45.48
15	11	15	09	30	00	21.65	45.47
15	11	15	09	45	00	21.68	45.47
15	11	15	10	00	00	21.68	45.45
15	11	15	10	15	00	21.68	45.43
15	11	15	10	30	00	21.69	43.40
15	11	15	10	45	00	21.68	42.40
15	11	15	11	00	00	21.65	41.49
15	11	15	11	15	00	21.62	40.48
15	11	15	11	30	00	21.61	39.31
15	11	15	11	45	00	21.57	38.37
15	11	15	12	00	00	21.56	38.30
15	11	15	12	15	00	21.50	37.38
15	11	15	12	30	00	21.46	36.33
15	11	15	12	45	00	21.45	36.36
15	11	15	13	00	00	21.39	35.35
15	11	15	13	15	00	21.35	35.37
15	11	15	13	30	00	21.31	34.38
15	11	15	13	45	00	21.28	34.38
15	11	15	14	00	00	21.23	34.30
15	11	15	14	15	00	21.19	33.33
15	11	15	14	30	00	21.19	33.36
15	11	15	14	45	00	21.13	33.33
15	11	15	15	00	00	21.12	32.33
15	11	15	15	15	00	21.10	32.38
15	11	15	15	30	00	21.08	31.36
15	11	15	15	45	00	21.08	31.39
15	11	15	16	00	00	21.06	31.36
15	11	15	16	15	00	21.05	31.31
15	11	15	16	30	00	21.09	30.34
15	11	15	16	45	00	21.12	30.34
15	11	15	17	00	00	21.13	30.34
15	11	15	17	15	00	21.15	30.36
15	11	15	17	30	00	21.15	30.36
15	11	15	17	45	00	21.16	30.31
15	11	15	18	00	00	21.15	29.24
15	11	15	18	15	00	21.17	29.26
15	11	15	18	30	00	21.17	29.21
15	11	15	18	45	00	21.19	29.26
15	11	15	19	00	00	21.20	29.26
15	11	15	19	15	00	21.20	29.29
15	11	15	19	30	00	21.21	28.29
15	11	15	19	45	00	21.23	28.29
15	11	15	20	00	00	21.24	28.21
15	11	15	20	15	00	21.27	28.29
15	11	15	20	30	00	21.27	28.29
15	11	15	20	45	00	21.30	28.23
15	11	15	21	00	00	21.30	27.24
15	11	15	21	15	00	21.30	27.21
15	11	15	21	30	00	21.30	27.26
15	11	15	21	45	00	21.30	27.29
15	11	15	22	00	00	21.30	27.28
15	11	15	22	15	00	21.30	27.21
15	11	15	22	30	00	21.30	27.26
15	11	15	22	45	00	21.28	27.21
15	11	15	23	00	00	21.27	27.24
15	11	15	23	15	00	21.27	27.23
15	11	15	23	30	00	21.26	27.21
15	11	15	23	45	00	21.23	27.21
15	11	16	00	00	00	21.20	27.21
15	11	16	00	15	00	21.19	27.26
15	11	16	00	30	00	21.17	27.23
15	11	16	00	45	00	21.16	26.21
15	11	16	01	00	00	21.13	26.23
15	11	16	01	15	00	21.12	26.20
15	11	16	01	30	00	21.10	26.21
15	11	16	01	45	00	21.08	25.27
15	11	16	02	00	00	21.08	25.28
15	11	16	02	15	00	21.08	25.25
15	11	16	02	30	00	21.06	24.24
15	11	16	02	45	00	21.03	24.29
15	11	16	03	00	00	20.99	24.22
15	11	16	03	15	00	20.98	24.22
15	11	16	03	30	00	20.98	24.29
15	11	16	03	45	00	20.95	24.29
15	11	16	04	00	00	20.94	23.27
15	11	16	04	15	00	20.94	24.24
15	11	16	04	30	00	20.92	23.29
15	11	16	04	45	00	20.91	23.29
15	11	16	05	00	00	20.92	23.21
15	11	16	05	15	00	20.92	23.24
15	11	16	05	30	00	20.92	23.24
15	11	16	05	45	00	20.94	23.24
15	11	16	06	00	00	20.97	23.29
15	11	16	06	15	00	20.95	23.21
15	11	16	06	30	00	20.97	23.26
15	11	16	06	45	00	20.97	23.26
15	11	16	07	00	00	20.99	23.21
15	11	16	07	15	00	20.99	23.23
15	11	16	07	30	00	20.99	23.29
15	11	16	07	45	00	20.98	23.21
15	11	16	08	00	00	20.99	22.23
15	11	16	08	15	00	21.01	22.26
15	11	16	08	30	00	21.02	22.26
15	11	16	08	45	00	21.01	22.28
15	11	16	09	00	00	21.02	22.23
15	11	16	09	15	00	21.03	22.23
15	11	16	09	30	00	21.06	22.28
15	11	16	09	45	00	21.09	22.20
15	11	16	10	00	00	21.09	23.26
15	11	16	10	15	00	21.05	22.25
15	11	16	10	30	00	20.91	22.23
15	11	16	10	45	00	20.90	22.23
15	11	16	11	00	00	20.87	23.24
15	11	16	11	15	00	20.91	23.23
15	11	16	11	30	00	20.92	23.28
15	11	16	11	45	00	20.95	22.23
15	11	16	12	00	00	20.94	22.28
15	11	16	12	15	00	20.97	22.21
15	11	16	12	30	00	21.16	22.25
15	11	16	12	45	00	21.23	22.22
15	11	16	13	00	00	21.24	22.20
15	11	16	13	15	00	21.28	22.28
15	11	16	13	30	00	21.28	22.28
15	11	16	13	45	00	21.31	21.29
15	11	16	14	00	00	21.30	21.26
15	11	16	14	15	00	21.37	20.29
15	11	16	14	30	00	21.46	20.29
15	11	16	14	45	00	21.49	19.10
15	11	16	15	00	00	21.50	20.28
15	11	16	15	15	00	21.53	19.13
15	11	16	15	30	00	21.50	19.13
15	11	16	15	45	00	21.48	19.15
15	11	16	16	00	00	21.45	19.15
15	11	16	16	15	00	21.41	19.13
15	11	16	16	30	00	21.41	19.18
15	11	16	16	45	00	21.35	19.15
15	11	16	17	00	00	21.35	19.15
15	11	16	17	15	00	21.37	19.10
15	11	16	17	30	00	21.37	19.15
15	11	16	17	45	00	21.35	20.20
15	11	16	18	00	00	21.37	19.15
15	11	16	18	15	00	21.37	19.18
15	11	16	18	30	00	21.38	19.18
15	11	16	18	45	00	21.37	19.13
15	11	16	19	00	00	21.39	19.15
15	11	16	19	15	00	21.39	19.14
15	11	16	19	30	00	21.39	19.17
15	11	16	19	45	00	21.41	19.14
15	11	16	20	00	00	21.38	19.12
15	11	16	20	15	00	21.38	19.17
15	11	16	20	30	00	21.39	18.11
15	11	16	20	45	00	21.38	18.16
15	11	16	21	00	00	21.37	18.19
15	11	16	21	15	00	21.35	18.11
15	11	16	21	30	00	21.34	18.14
15	11	16	21	45	00	21.32	18.14
15	11	16	22	00	00	21.31	18.16
15	11	16	22	15	00	21.30	19.10
15	11	16	22	30	00	21.32	19.10
15	11	16	22	45	00	21.34	19.17
15	11	16	23	00	00	21.34	19.12
15	11	16	23	15	00	21.31	19.10
15	11	16	23	30	00	21.31	19.18
15	11	16	23	45	00	21.32	19.13
15	11	17	00	00	00	21.31	19.15
15	11	17	00	15	00	21.32	20.20
15	11	17	00	30	00	21.30	20.23
15	11	17	00	45	00	21.30	20.26
15	11	17	01	00	00	21.28	20.26
15	11	17	01	15	00	21.30	20.26
15	11	17	01	30	00	21.28	20.26
15	11	17	01	45	00	21.28	20.29
15	11	17	02	00	00	21.28	21.22
15	11	17	02	15	00	21.28	21.24
15	11	17	02	30	00	21.30	21.27
15	11	17	02	45	00	21.28	21.22
15	11	17	03	00	00	21.27	21.29
15	11	17	03	15	00	21.27	21.27
15	11	17	03	30	00	21.27	21.27
15	11	17	03	45	00	21.27	21.24
15	11	17	04	00	00	21.27	21.25
15	11	17	04	15	00	21.26	21.27
15	11	17	04	30	00	21.28	21.22
15	11	17	04	45	00	21.27	21.27
15	11	17	05	00	00	21.27	21.21
15	11	17	05	15	00	21.30	21.22
15	11	17	05	30	00	21.30	21.27
15	11	17	05	45	00	21.31	21.22
15	11	17	06	00	00	21.31	21.25
15	11	17	06	15	00	21.32	22.23
15	11	17	06	30	00	21.34	22.28
15	11	17	06	45	00	21.34	22.23
15	11	17	07	00	00	21.35	22.23
15	11	17	07	15	00	21.38	22.28
15	11	17	07	30	00	21.39	23.28
15	11	17	07	45	00	21.42	23.29
15	11	17	08	00	00	21.45	23.24
15	11	17	08	15	00	21.45	23.29
15	11	17	08	30	00	21.46	23.24
15	11	17	08	45	00	21.53	24.24
15	11	17	09	00	00	21.58	25.25
15	11	17	09	15	00	21.67	25.22
15	11	17	09	30	00	21.64	25.20
15	11	17	09	45	00	21.64	25.27
15	11	17	10	00	00	21.53	25.20
15	11	17	10	15	00	21.49	25.25
15	11	17	10	30	00	21.44	25.23
15	11	17	10	45	00	21.46	25.23
15	11	17	11	00	00	21.58	25.20
15	11	17	11	15	00	21.53	25.23
15	11	17	11	30	00	21.60	25.20
15	11	17	11	45	00	21.65	26.23
15	11	17	12	00	00	21.61	26.25
15	11	17	12	15	00	21.58	26.20
15	11	17	12	30	00	21.72	26.26
15	11	17	12	45	00	21.82	26.23
15	11	17	13	00	00	21.90	26.28
15	11	17	13	15	00	21.91	26.21
15	11	17	13	30	00	21.93	26.20
15	11	17	13	45	00	21.90	26.20
15	11	17	14	00	00	21.86	26.28
15	11	17	14	15	00	21.83	26.21
15	11	17	14	30	00	21.89	27.21
15	11	17	14	45	00	21.96	27.26
15	11	17	15	00	00	21.97	27.26
15	11	17	15	15	00	21.98	27.26
15	11	17	15	30	00	21.97	27.26
15	11	17	15	45	00	21.97	27.26
15	11	17	16	00	00	21.91	28.29
15	11	17	16	15	00	21.89	28.21
15	11	17	16	30	00	21.87	28.26
15	11	17	16	45	00	21.87	28.24
15	11	17	17	00	00	21.86	29.26
15	11	17	17	15	00	21.87	29.26
15	11	17	17	30	00	21.86	29.26
15	11	17	17	45	00	21.86	29.21
15	11	17	18	00	00	21.87	29.21
15	11	17	18	15	00	21.86	29.28
15	11	17	18	30	00	21.87	29.29
15	11	17	18	45	00	21.89	29.26
15	11	17	19	00	00	21.89	30.39
15	11	17	19	15	00	21.90	30.36
15	11	17	19	30	00	21.90	30.36
15	11	17	19	45	00	21.91	29.29
15	11	17	20	00	00	21.93	29.28
15	11	17	20	15	00	21.90	29.24
15	11	17	20	30	00	21.91	29.21
15	11	17	20	45	00	21.90	29.28
15	11	17	21	00	00	21.89	29.29
15	11	17	21	15	00	21.86	29.26
15	11	17	21	30	00	21.83	30.36
15	11	17	21	45	00	21.85	30.39
15	11	17	22	00	00	21.83	30.36
15	11	17	22	15	00	21.80	30.31
15	11	17	22	30	00	21.80	30.36
15	11	17	22	45	00	21.78	30.34
15	11	17	23	00	00	21.76	30.39
15	11	17	23	15	00	21.75	30.39
15	11	17	23	30	00	21.72	31.36
15	11	17	23	45	00	21.71	31.31
15	11	18	00	00	00	21.71	30.39
15	11	18	00	15	00	21.69	30.36
15	11	18	00	30	00	21.68	30.39
15	11	18	00	45	00	21.64	30.31
15	11	18	01	00	00	21.64	30.31
15	11	18	01	15	00	21.61	30.34
15	11	18	01	30	00	21.58	30.31
15	11	18	01	45	00	21.57	30.36
15	11	18	02	00	00	21.57	30.39
15	11	18	02	15	00	21.54	30.39
15	11	18	02	30	00	21.50	30.31
15	11	18	02	45	00	21.53	30.39
15	11	18	03	00	00	21.48	30.36
15	11	18	03	15	00	21.45	30.36
15	11	18	03	30	00	21.44	30.36
15	11	18	03	45	00	21.42	30.36
15	11	18	04	00	00	21.42	30.34
15	11	18	04	15	00	21.41	30.39
15	11	18	04	30	00	21.38	30.34
15	11	18	04	45	00	21.38	30.36
15	11	18	05	00	00	21.38	30.39
15	11	18	05	15	00	21.38	30.37
15	11	18	05	30	00	21.38	30.34
15	11	18	05	45	00	21.39	30.31
15	11	18	06	00	00	21.41	30.31
15	11	18	06	15	00	21.41	30.36
15	11	18	06	30	00	21.42	30.36
15	11	18	06	45	00	21.45	30.31
15	11	18	07	00	00	21.45	30.37
15	11	18	07	15	00	21.48	30.37
15	11	18	07	30	00	21.49	30.34
15	11	18	07	45	00	21.49	30.36
15	11	18	08	00	00	21.49	30.34
15	11	18	08	15	00	21.50	30.39
15	11	18	08	30	00	21.53	31.34
15	11	18	08	45	00	21.53	31.31
15	11	18	09	00	00	21.53	31.34
15	11	18	09	15	00	21.56	31.36
15	11	18	09	30	00	21.53	33.31
15	11	18	09	45	00	21.58	34.37
15	11	18	10	00	00	21.50	34.37
15	11	18	10	15	00	21.53	35.37
15	11	18	10	30	00	21.46	36.34
15	11	18	10	45	00	21.50	36.36
15	11	18	11	00	00	21.48	36.39
15	11	18	11	15	00	21.49	37.34
15	11	18	11	30	00	21.50	36.36
15	11	18	11	45	00	21.49	36.31
15	11	18	12	00	00	21.53	37.33
15	11	18	12	15	00	21.54	37.31
15	11	18	12	30	00	21.54	37.39
15	11	18	12	45	00	21.78	36.31
15	11	18	13	00	00	21.86	37.31
15	11	18	13	15	00	21.87	37.35
15	11	18	13	30	00	21.91	37.33
15	11	18	13	45	00	21.97	36.31
15	11	18	14	00	00	21.98	37.31
15	11	18	14	15	00	21.97	37.38
15	11	18	14	30	00	22.01	38.35
15	11	18	14	45	00	22.02	38.38
15	11	18	15	00	00	22.04	38.30
15	11	18	15	15	00	22.05	37.38
15	11	18	15	30	00	22.08	37.33
15	11	18	15	45	00	22.05	37.38
15	11	18	16	00	00	22.05	37.31
15	11	18	16	15	00	22.02	37.38
15	11	18	16	30	00	22.01	37.38
15	11	18	16	45	00	21.97	37.38
15	11	18	17	00	00	21.94	37.38
15	11	18	17	15	00	21.96	37.33
15	11	18	17	30	00	21.96	37.31
15	11	18	17	45	00	21.93	37.38
15	11	18	18	00	00	21.93	37.33
15	11	18	18	15	00	21.93	37.36
15	11	18	18	30	00	21.93	37.38
15	11	18	18	45	00	21.91	37.33
15	11	18	19	00	00	21.89	37.38
15	11	18	19	15	00	21.86	37.33
15	11	18	19	30	00	21.85	37.38
15	11	18	19	45	00	21.86	37.38
15	11	18	20	00	00	21.87	37.33
15	11	18	20	15	00	21.87	37.31
15	11	18	20	30	00	21.86	37.36
15	11	18	20	45	00	21.87	37.33
15	11	18	21	00	00	21.86	37.31
15	11	18	21	15	00	21.86	37.33
15	11	18	21	30	00	21.83	37.31
15	11	18	21	45	00	21.82	37.31
15	11	18	22	00	00	21.82	37.34
15	11	18	22	15	00	21.83	37.38
15	11	18	22	30	00	21.80	37.33
15	11	18	22	45	00	21.78	37.38
15	11	18	23	00	00	21.78	37.33
15	11	18	23	15	00	21.76	37.38
15	11	18	23	30	00	21.76	37.36
15	11	18	23	45	00	21.74	37.33
15	11	19	00	00	00	21.72	37.33
15	11	19	00	15	00	21.69	37.36
15	11	19	00	30	00	21.68	37.36
15	11	19	00	45	00	21.68	37.36
15	11	19	01	00	00	21.67	37.38
15	11	19	01	15	00	21.65	37.31
15	11	19	01	30	00	21.64	37.36
15	11	19	01	45	00	21.62	37.38
15	11	19	02	00	00	21.62	36.39
15	11	19	02	15	00	21.58	36.36
15	11	19	02	30	00	21.57	36.34
15	11	19	02	45	00	21.54	36.39
15	11	19	03	00	00	21.49	36.31
15	11	19	03	15	00	21.50	36.37
15	11	19	03	30	00	21.48	36.37
15	11	19	03	45	00	21.45	36.39
15	11	19	04	00	00	21.41	36.36
15	11	19	04	15	00	21.44	36.34
15	11	19	04	30	00	21.44	36.37
15	11	19	04	45	00	21.44	35.39
15	11	19	05	00	00	21.44	35.30
15	11	19	05	15	00	21.37	35.39
15	11	19	05	30	00	21.37	35.30
15	11	19	05	45	00	21.35	35.35
15	11	19	06	00	00	21.38	35.37
15	11	19	06	15	00	21.38	35.37
15	11	19	06	30	00	21.39	35.32
15	11	19	06	45	00	21.39	34.37
15	11	19	07	00	00	21.39	34.37
15	11	19	07	15	00	21.41	34.37
15	11	19	07	30	00	21.41	34.33
15	11	19	07	45	00	21.41	34.30
15	11	19	08	00	00	21.41	34.35
15	11	19	08	15	00	21.44	35.37
15	11	19	08	30	00	21.28	36.39
15	11	19	08	45	00	21.34	36.34
15	11	19	09	00	00	21.41	37.31
15	11	19	09	15	00	21.34	37.31
15	11	19	09	30	00	21.31	37.38
15	11	19	09	45	00	21.31	38.39
15	11	19	10	00	00	21.44	39.36
15	11	19	10	15	00	21.41	39.39
15	11	19	10	30	00	21.49	39.39
15	11	19	10	45	00	21.68	38.37
15	11	19	11	00	00	21.76	39.37
15	11	19	11	15	00	21.86	39.33
15	11	19	11	30	00	21.90	39.38
15	11	19	11	45	00	21.93	39.34
15	11	19	12	00	00	21.94	39.36
15	11	19	12	15	00	21.96	39.39
15	11	19	12	30	00	21.96	39.31
15	11	19	12	45	00	21.94	39.39
15	11	19	13	00	00	21.93	39.39
15	11	19	13	15	00	21.89	39.33
15	11	19	13	30	00	21.86	39.37
15	11	19	13	45	00	21.83	39.31
15	11	19	14	00	00	21.80	39.33
15	11	19	14	15	00	21.79	40.40
15	11	19	14	30	00	21.75	40.40
15	11	19	14	45	00	21.78	40.48
15	11	19	15	00	00	21.71	40.44
15	11	19	15	15	00	21.75	41.44
15	11	19	15	30	00	21.64	41.42
15	11	19	15	45	00	21.58	41.49
15	11	19	16	00	00	21.50	41.49
15	11	19	16	15	00	21.45	41.46
15	11	19	16	30	00	21.57	41.49
15	11	19	16	45	00	21.71	41.49
15	11	19	17	00	00	21.72	41.41
15	11	19	17	15	00	21.76	41.49
15	11	19	17	30	00	21.78	41.49
15	11	19	17	45	00	21.79	41.44
15	11	19	18	00	00	21.78	41.49
15	11	19	18	15	00	21.78	41.41
15	11	19	18	30	00	21.78	41.41
15	11	19	18	45	00	21.75	41.44
15	11	19	19	00	00	21.76	41.46
15	11	19	19	15	00	21.78	41.49
15	11	19	19	30	00	21.75	41.41
15	11	19	19	45	00	21.74	41.41
15	11	19	20	00	00	21.76	41.46
15	11	19	20	15	00	21.78	41.49
15	11	19	20	30	00	21.76	41.44
15	11	19	20	45	00	21.79	41.43
15	11	19	21	00	00	21.79	41.49
15	11	19	21	15	00	21.79	41.49
15	11	19	21	30	00	21.78	41.44
15	11	19	21	45	00	21.76	40.49
15	11	19	22	00	00	21.76	40.47
15	11	19	22	15	00	21.74	40.40
15	11	19	22	30	00	21.74	40.45
15	11	19	22	45	00	21.74	40.42
15	11	19	23	00	00	21.78	40.43
15	11	19	23	15	00	21.76	39.33
15	11	19	23	30	00	21.78	39.31
15	11	19	23	45	00	21.74	39.33
15	11	20	00	00	00	21.74	39.39
15	11	20	00	15	00	21.71	39.39
15	11	20	00	30	00	21.71	39.36
15	11	20	00	45	00	21.72	39.38
15	11	20	01	00	00	21.69	39.34
15	11	20	01	15	00	21.69	39.31
15	11	20	01	30	00	21.68	39.32
15	11	20	01	45	00	21.68	38.34
15	11	20	02	00	00	21.67	38.32
15	11	20	02	15	00	21.64	38.37
15	11	20	02	30	00	21.64	38.30
15	11	20	02	45	00	21.62	38.30
15	11	20	03	00	00	21.61	38.32
15	11	20	03	15	00	21.61	38.37
15	11	20	03	30	00	21.60	38.32
15	11	20	03	45	00	21.58	38.34
15	11	20	04	00	00	21.58	39.30
15	11	20	04	15	00	21.60	39.32
15	11	20	04	30	00	21.57	38.34
15	11	20	04	45	00	21.57	38.34
15	11	20	05	00	00	21.56	38.32
15	11	20	05	15	00	21.56	38.37
15	11	20	05	30	00	21.56	38.37
15	11	20	05	45	00	21.56	39.30
15	11	20	06	00	00	21.54	39.37
15	11	20	06	15	00	21.54	38.32
15	11	20	06	30	00	21.54	38.37
15	11	20	06	45	00	21.54	38.34
15	11	20	07	00	00	21.54	38.33
15	11	20	07	15	00	21.53	38.39
15	11	20	07	30	00	21.54	39.31
15	11	20	07	45	00	21.64	39.36
15	11	20	08	00	00	21.67	39.32
15	11	20	08	15	00	21.68	38.39
15	11	20	08	30	00	21.68	39.34
15	11	20	08	45	00	21.69	39.39
15	11	20	09	00	00	21.67	40.40
15	11	20	09	15	00	21.67	40.40
15	11	20	09	30	00	21.72	40.49
15	11	20	09	45	00	21.71	41.44
15	11	20	10	00	00	21.71	41.46
15	11	20	10	15	00	21.71	42.43
15	11	20	10	30	00	21.71	42.40
15	11	20	10	45	00	21.85	42.45
15	11	20	11	00	00	21.91	42.48
15	11	20	11	15	00	22.00	42.43
15	11	20	11	30	00	21.94	42.45
15	11	20	11	45	00	21.93	42.40
15	11	20	12	00	00	21.90	42.49
15	11	20	12	15	00	21.89	42.42
15	11	20	12	30	00	21.86	43.44
15	11	20	12	45	00	21.85	43.47
15	11	20	13	00	00	21.82	43.42
15	11	20	13	15	00	21.78	43.47
15	11	20	13	30	00	21.76	43.44
15	11	20	13	45	00	21.75	43.41
15	11	20	14	00	00	21.71	43.41
15	11	20	14	15	00	21.68	43.48
15	11	20	14	30	00	21.65	44.44
15	11	20	14	45	00	21.60	44.47
15	11	20	15	00	00	21.57	43.46
15	11	20	15	15	00	21.60	42.49
15	11	20	15	30	00	21.54	42.44
15	11	20	15	45	00	21.56	42.44
15	11	20	16	00	00	21.41	43.46
15	11	20	16	15	00	21.39	42.47
15	11	20	16	30	00	21.45	41.41
15	11	20	16	45	00	21.39	41.41
15	11	20	17	00	00	21.35	41.44
15	11	20	17	15	00	21.34	41.41
15	11	20	17	30	00	21.34	41.48
15	11	20	17	45	00	21.30	41.48
15	11	20	18	00	00	21.17	42.43
15	11	20	18	15	00	21.17	42.47
15	11	20	18	30	00	21.19	43.48
15	11	20	18	45	00	21.19	43.45
15	11	20	19	00	00	21.19	44.42
15	11	20	19	15	00	21.19	44.40
15	11	20	19	30	00	21.10	44.47
15	11	20	19	45	00	21.10	44.47
15	11	20	20	00	00	21.16	44.42
15	11	20	20	15	00	21.17	44.45
15	11	20	20	30	00	21.23	44.40
15	11	20	20	45	00	21.26	43.48
15	11	20	21	00	00	21.27	43.40
15	11	20	21	15	00	21.31	43.43
15	11	20	21	30	00	21.34	43.48
15	11	20	21	45	00	21.38	42.44
15	11	20	22	00	00	21.41	42.49
15	11	20	22	15	00	21.42	42.47
15	11	20	22	30	00	21.45	42.44
15	11	20	22	45	00	21.45	42.44
15	11	20	23	00	00	21.48	42.49
15	11	20	23	15	00	21.50	42.49
15	11	20	23	30	00	21.53	42.44
15	11	20	23	45	00	21.56	42.44
15	11	21	00	00	00	21.56	42.42
15	11	21	00	15	00	21.57	42.47
15	11	21	00	30	00	21.54	42.47
15	11	21	00	45	00	21.57	42.49
15	11	21	01	00	00	21.57	42.47
15	11	21	01	15	00	21.58	42.42
15	11	21	01	30	00	21.58	42.47
15	11	21	01	45	00	21.60	42.47
15	11	21	02	00	00	21.58	42.47
15	11	21	02	15	00	21.58	42.45
15	11	21	02	30	00	21.57	41.46
15	11	21	02	45	00	21.56	41.41
15	11	21	03	00	00	21.54	41.46
15	11	21	03	15	00	21.56	41.48
15	11	21	03	30	00	21.54	42.40
15	11	21	03	45	00	21.53	41.49
15	11	21	04	00	00	21.50	41.44
15	11	21	04	15	00	21.49	41.46
15	11	21	04	30	00	21.48	41.46
15	11	21	04	45	00	21.46	41.49
15	11	21	05	00	00	21.45	41.46
15	11	21	05	15	00	21.45	41.49
15	11	21	05	30	00	21.45	41.41
15	11	21	05	45	00	21.45	41.41
15	11	21	06	00	00	21.45	41.44
15	11	21	06	15	00	21.45	41.43
15	11	21	06	30	00	21.44	40.49
15	11	21	06	45	00	21.44	40.42
15	11	21	07	00	00	21.44	40.40
15	11	21	07	15	00	21.42	40.45
15	11	21	07	30	00	21.42	40.45
15	11	21	07	45	00	21.42	40.48
15	11	21	08	00	00	21.42	40.45
15	11	21	08	15	00	21.42	40.43
15	11	21	08	30	00	21.39	40.49
15	11	21	08	45	00	21.42	41.48
15	11	21	09	00	00	21.42	42.48
15	11	21	09	15	00	21.44	42.47
15	11	21	09	30	00	21.48	43.46
15	11	21	09	45	00	21.49	43.48
15	11	21	10	00	00	21.53	43.40
15	11	21	10	15	00	21.54	44.42
15	11	21	10	30	00	21.56	44.42
15	11	21	10	45	00	21.58	44.42
15	11	21	11	00	00	21.58	44.44
15	11	21	11	15	00	21.58	45.41
15	11	21	11	30	00	21.61	45.43
15	11	21	11	45	00	21.64	45.40
15	11	21	12	00	00	21.64	45.46
15	11	21	12	15	00	21.64	44.41
15	11	21	12	30	00	21.62	43.43
15	11	21	12	45	00	21.61	42.40
15	11	21	13	00	00	21.60	41.41
15	11	21	13	15	00	21.57	40.42
15	11	21	13	30	00	21.54	39.31
15	11	21	13	45	00	21.48	37.35
15	11	21	14	00	00	21.42	36.32
15	11	21	14	15	00	21.37	36.37
15	11	21	14	30	00	21.34	35.32
15	11	21	14	45	00	21.30	35.30
15	11	21	15	00	00	21.27	34.35
15	11	21	15	15	00	21.24	34.30
15	11	21	15	30	00	21.20	34.33
15	11	21	15	45	00	21.17	34.38
15	11	21	16	00	00	21.15	34.30
15	11	21	16	15	00	21.15	34.30
15	11	21	16	30	00	21.13	33.35
15	11	21	16	45	00	21.12	34.30
15	11	21	17	00	00	21.12	34.33
15	11	21	17	15	00	21.12	34.33
15	11	21	17	30	00	21.10	34.33
15	11	21	17	45	00	21.10	34.35
15	11	21	18	00	00	21.12	34.31
15	11	21	18	15	00	21.13	34.35
15	11	21	18	30	00	21.16	34.30
15	11	21	18	45	00	21.19	34.33
15	11	21	19	00	00	21.20	34.35
15	11	21	19	15	00	21.19	34.35
15	11	21	19	30	00	21.20	34.35
15	11	21	19	45	00	21.21	34.33
15	11	21	20	00	00	21.21	34.33
15	11	21	20	15	00	21.23	34.37
15	11	21	20	30	00	21.24	34.38
15	11	21	20	45	00	21.26	34.33
15	11	21	21	00	00	21.26	34.33
15	11	21	21	15	00	21.23	33.33
15	11	21	21	30	00	21.24	33.33
15	11	21	21	45	00	21.23	33.36
15	11	21	22	00	00	21.20	33.38
15	11	21	22	15	00	21.20	33.38
15	11	21	22	30	00	21.20	33.33
15	11	21	22	45	00	21.20	33.33
15	11	21	23	00	00	21.20	33.38
15	11	21	23	15	00	21.17	33.33
15	11	21	23	30	00	21.17	33.35
15	11	21	23	45	00	21.19	33.31
15	11	22	00	00	00	21.17	33.33
15	11	22	00	15	00	21.16	33.38
15	11	22	00	30	00	21.15	33.36
15	11	22	00	45	00	21.16	33.35
15	11	22	01	00	00	21.15	33.36
15	11	22	01	15	00	21.16	32.31
15	11	22	01	30	00	21.16	32.38
15	11	22	01	45	00	21.16	32.36
15	11	22	02	00	00	21.13	33.33
15	11	22	02	15	00	21.13	33.31
15	11	22	02	30	00	21.13	33.33
15	11	22	02	45	00	21.13	33.38
15	11	22	03	00	00	21.13	33.34
15	11	22	03	15	00	21.13	33.36
15	11	22	03	30	00	21.12	33.35
15	11	22	03	45	00	21.12	33.33
15	11	22	04	00	00	21.09	32.36
15	11	22	04	15	00	21.09	32.31
15	11	22	04	30	00	21.09	32.33
15	11	22	04	45	00	21.08	32.38
15	11	22	05	00	00	21.06	32.34
15	11	22	05	15	00	21.05	32.39
15	11	22	05	30	00	21.05	32.36
15	11	22	05	45	00	21.05	32.38
15	11	22	06	00	00	21.05	32.36
15	11	22	06	15	00	21.05	32.38
15	11	22	06	30	00	21.05	32.31
15	11	22	06	45	00	21.06	32.36
15	11	22	07	00	00	21.08	32.36
15	11	22	07	15	00	21.09	32.36
15	11	22	07	30	00	21.08	33.38
15	11	22	07	45	00	21.12	33.36
15	11	22	08	00	00	21.12	33.38
15	11	22	08	15	00	21.12	33.38
15	11	22	08	30	00	21.15	34.31
15	11	22	08	45	00	21.17	34.35
15	11	22	09	00	00	21.21	35.33
15	11	22	09	15	00	21.24	35.37
15	11	22	09	30	00	21.28	35.32
15	11	22	09	45	00	21.31	35.39
15	11	22	10	00	00	21.34	36.37
15	11	22	10	15	00	21.35	36.39
15	11	22	10	30	00	21.39	36.34
15	11	22	10	45	00	21.41	36.31
15	11	22	11	00	00	21.39	37.31
15	11	22	11	15	00	21.39	37.38
15	11	22	11	30	00	21.42	37.36
15	11	22	11	45	00	21.45	37.31
15	11	22	12	00	00	21.46	37.31
15	11	22	12	15	00	21.48	37.31
15	11	22	12	30	00	21.49	37.33
15	11	22	12	45	00	21.49	37.38
15	11	22	13	00	00	21.49	37.35
15	11	22	13	15	00	21.45	38.32
15	11	22	13	30	00	21.44	38.37
15	11	22	13	45	00	21.44	38.34
15	11	22	14	00	00	21.42	39.39
15	11	22	14	15	00	21.41	39.36
15	11	22	14	30	00	21.42	40.48
15	11	22	14	45	00	21.41	40.49
15	11	22	15	00	00	21.39	41.41
15	11	22	15	15	00	21.42	41.44
15	11	22	15	30	00	21.41	41.48
15	11	22	15	45	00	21.45	42.45
15	11	22	16	00	00	21.45	42.45
15	11	22	16	15	00	21.48	42.44
15	11	22	16	30	00	21.48	42.44
15	11	22	16	45	00	21.53	42.42
15	11	22	17	00	00	21.53	43.44
15	11	22	17	15	00	21.54	43.47
15	11	22	17	30	00	21.54	43.44
15	11	22	17	45	00	21.56	43.48
15	11	22	18	00	00	21.60	43.48
15	11	22	18	15	00	21.58	43.48
15	11	22	18	30	00	21.57	43.46
15	11	22	18	45	00	21.58	43.43
15	11	22	19	00	00	21.60	43.48
15	11	22	19	15	00	21.60	43.41
15	11	22	19	30	00	21.61	43.41
15	11	22	19	45	00	21.61	43.46
15	11	22	20	00	00	21.62	43.46
15	11	22	20	15	00	21.62	42.42
15	11	22	20	30	00	21.62	42.49
15	11	22	20	45	00	21.61	42.43
15	11	22	21	00	00	21.61	42.40
15	11	22	21	15	00	21.58	41.46
15	11	22	21	30	00	21.58	40.49
15	11	22	21	45	00	21.57	40.45
15	11	22	22	00	00	21.53	40.46
15	11	22	22	15	00	21.50	39.36
15	11	22	22	30	00	21.49	39.39
15	11	22	22	45	00	21.46	38.39
15	11	22	23	00	00	21.45	38.37
15	11	22	23	15	00	21.44	38.30
15	11	22	23	30	00	21.42	38.38
15	11	22	23	45	00	21.41	37.38
15	11	23	00	00	00	21.42	37.31
15	11	23	00	15	00	21.39	37.36
15	11	23	00	30	00	21.38	37.33
15	11	23	00	45	00	21.37	36.39
15	11	23	01	00	00	21.35	36.36
15	11	23	01	15	00	21.34	36.39
15	11	23	01	30	00	21.31	36.31
15	11	23	01	45	00	21.31	36.34
15	11	23	02	00	00	21.31	36.36
15	11	23	02	15	00	21.30	36.39
15	11	23	02	30	00	21.27	36.37
15	11	23	02	45	00	21.27	36.37
15	11	23	03	00	00	21.27	36.37
15	11	23	03	15	00	21.26	36.39
15	11	23	03	30	00	21.26	36.39
15	11	23	03	45	00	21.26	36.39
15	11	23	04	00	00	21.24	36.39
15	11	23	04	15	00	21.23	36.37
15	11	23	04	30	00	21.23	36.39
15	11	23	04	45	00	21.23	36.39
15	11	23	05	00	00	21.21	36.32
15	11	23	05	15	00	21.20	36.37
15	11	23	05	30	00	21.17	36.32
15	11	23	05	45	00	21.16	36.39
15	11	23	06	00	00	21.17	36.37
15	11	23	06	15	00	21.17	36.39
15	11	23	06	30	00	21.16	36.31
15	11	23	06	45	00	21.17	36.39
15	11	23	07	00	00	21.17	36.39
15	11	23	07	15	00	21.16	36.37
15	11	23	07	30	00	21.17	36.34
15	11	23	07	45	00	21.17	36.34
15	11	23	08	00	00	21.17	36.34
15	11	23	08	15	00	21.20	36.37
15	11	23	08	30	00	21.19	36.32
15	11	23	08	45	00	21.20	36.36
15	11	23	09	00	00	21.23	36.31
15	11	23	09	15	00	21.23	36.36
15	11	23	09	30	00	21.24	37.33
15	11	23	09	45	00	21.27	37.31
15	11	23	10	00	00	21.28	37.36
15	11	23	10	15	00	21.35	37.31
15	11	23	10	30	00	21.46	37.36
15	11	23	10	45	00	21.48	37.36
15	11	23	11	00	00	21.50	37.30
15	11	23	11	15	00	21.50	37.36
15	11	23	11	30	00	21.49	37.38
15	11	23	11	45	00	21.53	38.33
15	11	23	12	00	00	21.53	38.34
15	11	23	12	15	00	21.53	39.37
15	11	23	12	30	00	21.53	39.34
15	11	23	12	45	00	21.49	39.39
15	11	23	13	00	00	21.49	39.39
15	11	23	13	15	00	21.46	39.36
15	11	23	13	30	00	21.45	39.33
15	11	23	13	45	00	21.45	40.48
15	11	23	14	00	00	21.44	40.49
15	11	23	14	15	00	21.45	41.46
15	11	23	14	30	00	21.44	42.43
15	11	23	14	45	00	21.45	42.40
15	11	23	15	00	00	21.44	42.49
15	11	23	15	15	00	21.50	43.43
15	11	23	15	30	00	21.54	42.49
15	11	23	15	45	00	21.57	42.49
15	11	23	16	00	00	21.58	43.42
15	11	23	16	15	00	21.58	43.40
15	11	23	16	30	00	21.58	43.43
15	11	23	16	45	00	21.58	44.40
15	11	23	17	00	00	21.58	44.47
15	11	23	17	15	00	21.58	44.42
15	11	23	17	30	00	21.57	44.40
15	11	23	17	45	00	21.58	44.43
15	11	23	18	00	00	21.60	43.45
15	11	23	18	15	00	21.61	43.40
15	11	23	18	30	00	21.62	43.48
15	11	23	18	45	00	21.64	43.46
15	11	23	19	00	00	21.65	43.44
15	11	23	19	15	00	21.67	42.42
15	11	23	19	30	00	21.65	42.48
15	11	23	19	45	00	21.65	41.48
15	11	23	20	00	00	21.64	41.43
15	11	23	20	15	00	21.62	41.44
15	11	23	20	30	00	21.64	41.41
15	11	23	20	45	00	21.64	41.44
15	11	23	21	00	00	21.62	41.47
15	11	23	21	15	00	21.64	41.42
15	11	23	21	30	00	21.62	41.44
15	11	23	21	45	00	21.61	41.44
15	11	23	22	00	00	21.57	41.41
15	11	23	22	15	00	21.54	41.49
15	11	23	22	30	00	21.54	41.49
15	11	23	22	45	00	21.53	40.44
15	11	23	23	00	00	21.49	40.47
15	11	23	23	15	00	21.48	40.49
15	11	23	23	30	00	21.49	41.49
15	11	23	23	45	00	21.46	41.42
15	11	24	00	00	00	21.45	41.44
15	11	24	00	15	00	21.42	41.49
15	11	24	00	30	00	21.41	41.42
15	11	24	00	45	00	21.42	40.40
15	11	24	01	00	00	21.46	40.45
15	11	24	01	15	00	21.46	40.40
15	11	24	01	30	00	21.44	39.33
15	11	24	01	45	00	21.45	39.39
15	11	24	02	00	00	21.45	39.32
15	11	24	02	15	00	21.44	38.37
15	11	24	02	30	00	21.44	38.39
15	11	24	02	45	00	21.41	38.35
15	11	24	03	00	00	21.41	38.32
15	11	24	03	15	00	21.39	38.37
15	11	24	03	30	00	21.38	38.39
15	11	24	03	45	00	21.38	39.31
15	11	24	04	00	00	21.38	40.45
15	11	24	04	15	00	21.39	40.40
15	11	24	04	30	00	21.42	41.46
15	11	24	04	45	00	21.44	41.41
15	11	24	05	00	00	21.44	42.45
15	11	24	05	15	00	21.45	42.48
15	11	24	05	30	00	21.46	42.43
15	11	24	05	45	00	21.49	41.48
15	11	24	06	00	00	21.49	41.41
15	11	24	06	15	00	21.49	41.41
15	11	24	06	30	00	21.48	41.42
15	11	24	06	45	00	21.48	40.47
15	11	24	07	00	00	21.48	41.49
15	11	24	07	15	00	21.48	41.49
15	11	24	07	30	00	21.48	41.46
15	11	24	07	45	00	21.48	41.43
15	11	24	08	00	00	21.48	42.45
15	11	24	08	15	00	21.48	42.45
15	11	24	08	30	00	21.49	42.43
15	11	24	08	45	00	21.48	42.43
15	11	24	09	00	00	21.48	42.44
15	11	24	09	15	00	21.39	43.46
15	11	24	09	30	00	21.23	43.48
15	11	24	09	45	00	21.17	45.48
15	11	24	10	00	00	21.27	45.40
15	11	24	10	15	00	21.31	46.43
15	11	24	10	30	00	21.28	46.40
15	11	24	10	45	00	21.54	45.44
15	11	24	11	00	00	21.64	45.44
15	11	24	11	15	00	21.68	46.41
15	11	24	11	30	00	21.75	47.44
15	11	24	11	45	00	21.79	46.45
15	11	24	12	00	00	21.86	43.46
15	11	24	12	15	00	21.89	42.42
15	11	24	12	30	00	21.89	42.40
15	11	24	12	45	00	21.96	40.43
15	11	24	13	00	00	21.94	37.31
15	11	24	13	15	00	21.93	36.34
15	11	24	13	30	00	21.89	35.35
15	11	24	13	45	00	21.87	33.38
15	11	24	14	00	00	21.89	33.33
15	11	24	14	15	00	21.86	33.33
15	11	24	14	30	00	21.78	32.31
15	11	24	14	45	00	21.71	31.36
15	11	24	15	00	00	21.65	29.21
15	11	24	15	15	00	21.69	28.24
15	11	24	15	30	00	21.64	29.27
15	11	24	15	45	00	21.58	29.26
15	11	24	16	00	00	21.54	29.29
15	11	24	16	15	00	21.49	29.21
15	11	24	16	30	00	21.44	28.24
15	11	24	16	45	00	21.41	28.21
15	11	24	17	00	00	21.38	28.29
15	11	24	17	15	00	21.37	28.23
15	11	24	17	30	00	21.35	28.29
15	11	24	17	45	00	21.35	28.29
15	11	24	18	00	00	21.32	28.23
15	11	24	18	15	00	21.31	28.24
15	11	24	18	30	00	21.28	28.28
15	11	24	18	45	00	21.28	28.28
15	11	24	19	00	00	21.28	28.23
15	11	24	19	15	00	21.28	28.26
15	11	24	19	30	00	21.28	28.29
15	11	24	19	45	00	21.27	28.21
15	11	24	20	00	00	21.28	28.24
15	11	24	20	15	00	21.26	28.26
15	11	24	20	30	00	21.28	28.28
15	11	24	20	45	00	21.31	28.24
15	11	24	21	00	00	21.28	27.26
15	11	24	21	15	00	21.27	28.21
15	11	24	21	30	00	21.27	27.28
15	11	24	21	45	00	21.24	28.21
15	11	24	22	00	00	21.26	28.23
15	11	24	22	15	00	21.26	28.23
15	11	24	22	30	00	21.27	28.24
15	11	24	22	45	00	21.26	28.26
15	11	24	23	00	00	21.28	28.28
15	11	24	23	15	00	21.28	29.21
15	11	24	23	30	00	21.28	29.21
15	11	24	23	45	00	21.27	29.26
15	11	25	00	00	00	21.27	29.21
15	11	25	00	15	00	21.27	29.29
15	11	25	00	30	00	21.28	29.29
15	11	25	00	45	00	21.28	29.21
15	11	25	01	00	00	21.28	28.24
15	11	25	01	15	00	21.27	28.29
15	11	25	01	30	00	21.27	28.26
15	11	25	01	45	00	21.28	28.21
15	11	25	02	00	00	21.28	28.24
15	11	25	02	15	00	21.27	28.26
15	11	25	02	30	00	21.28	28.21
15	11	25	02	45	00	21.28	27.26
15	11	25	03	00	00	21.27	27.21
15	11	25	03	15	00	21.26	27.21
15	11	25	03	30	00	21.27	27.26
15	11	25	03	45	00	21.26	27.21
15	11	25	04	00	00	21.26	27.24
15	11	25	04	15	00	21.27	27.24
15	11	25	04	30	00	21.28	27.21
15	11	25	04	45	00	21.28	27.23
15	11	25	05	00	00	21.30	27.26
15	11	25	05	15	00	21.30	27.28
15	11	25	05	30	00	21.31	27.24
15	11	25	05	45	00	21.34	27.28
15	11	25	06	00	00	21.32	27.23
15	11	25	06	15	00	21.32	26.25
15	11	25	06	30	00	21.32	26.21
15	11	25	06	45	00	21.34	26.25
15	11	25	07	00	00	21.32	26.28
15	11	25	07	15	00	21.32	26.28
15	11	25	07	30	00	21.32	26.23
15	11	25	07	45	00	21.34	26.26
15	11	25	08	00	00	21.32	26.20
15	11	25	08	15	00	21.34	26.25
15	11	25	08	30	00	21.32	26.25
15	11	25	08	45	00	21.31	26.28
15	11	25	09	00	00	21.28	26.28
15	11	25	09	15	00	21.31	26.20
15	11	25	09	30	00	21.31	26.20
15	11	25	09	45	00	21.31	26.23
15	11	25	10	00	00	21.31	26.23
15	11	25	10	15	00	21.30	26.23
15	11	25	10	30	00	21.30	26.23
15	11	25	10	45	00	21.37	26.23
15	11	25	11	00	00	21.35	25.20
15	11	25	11	15	00	21.37	25.20
15	11	25	11	30	00	21.37	25.28
15	11	25	11	45	00	21.35	25.20
15	11	25	12	00	00	21.35	25.28
15	11	25	12	15	00	21.35	25.27
15	11	25	12	30	00	21.35	25.22
15	11	25	12	45	00	21.34	25.22
15	11	25	13	00	00	21.35	25.22
15	11	25	13	15	00	21.41	25.20
15	11	25	13	30	00	21.41	25.20
15	11	25	13	45	00	21.39	25.25
15	11	25	14	00	00	21.41	25.25
15	11	25	14	15	00	21.38	25.25
15	11	25	14	30	00	21.39	25.27
15	11	25	14	45	00	21.39	25.20
15	11	25	15	00	00	21.46	25.25
15	11	25	15	15	00	21.44	24.27
15	11	25	15	30	00	21.42	24.22
15	11	25	15	45	00	21.41	23.22
15	11	25	16	00	00	21.37	23.26
15	11	25	16	15	00	21.35	23.21
15	11	25	16	30	00	21.35	23.28
15	11	25	16	45	00	21.35	24.25
15	11	25	17	00	00	21.34	25.28
15	11	25	17	15	00	21.35	26.23
15	11	25	17	30	00	21.38	26.23
15	11	25	17	45	00	21.38	26.23
15	11	25	18	00	00	21.37	27.23
15	11	25	18	15	00	21.38	27.28
15	11	25	18	30	00	21.42	27.26
15	11	25	18	45	00	21.41	27.26
15	11	25	19	00	00	21.44	27.23
15	11	25	19	15	00	21.45	27.21
15	11	25	19	30	00	21.48	27.21
15	11	25	19	45	00	21.48	27.23
15	11	25	20	00	00	21.48	27.23
15	11	25	20	15	00	21.49	27.23
15	11	25	20	30	00	21.49	26.25
15	11	25	20	45	00	21.49	26.23
15	11	25	21	00	00	21.48	26.26
15	11	25	21	15	00	21.46	26.20
15	11	25	21	30	00	21.48	26.23
15	11	25	21	45	00	21.45	25.28
15	11	25	22	00	00	21.45	25.22
15	11	25	22	15	00	21.44	24.22
15	11	25	22	30	00	21.41	24.29
15	11	25	22	45	00	21.38	24.27
15	11	25	23	00	00	21.35	23.22
15	11	25	23	15	00	21.32	23.26
15	11	25	23	30	00	21.31	23.24
15	11	25	23	45	00	21.30	23.26
15	11	26	00	00	00	21.28	23.26
15	11	26	00	15	00	21.26	23.28
15	11	26	00	30	00	21.24	23.21
15	11	26	00	45	00	21.23	23.26
15	11	26	01	00	00	21.21	23.26
15	11	26	01	15	00	21.21	23.21
15	11	26	01	30	00	21.21	23.26
15	11	26	01	45	00	21.20	23.26
15	11	26	02	00	00	21.20	23.26
15	11	26	02	15	00	21.20	23.26
15	11	26	02	30	00	21.19	23.29
15	11	26	02	45	00	21.19	23.24
15	11	26	03	00	00	21.20	23.21
15	11	26	03	15	00	21.19	23.23
15	11	26	03	30	00	21.17	22.23
15	11	26	03	45	00	21.16	22.21
15	11	26	04	00	00	21.17	22.28
15	11	26	04	15	00	21.16	22.28
15	11	26	04	30	00	21.15	22.22
15	11	26	04	45	00	21.13	22.20
15	11	26	05	00	00	21.15	21.27
15	11	26	05	15	00	21.13	21.27
15	11	26	05	30	00	21.13	21.27
15	11	26	05	45	00	21.13	21.21
15	11	26	06	00	00	21.10	20.29
15	11	26	06	15	00	21.10	20.26
15	11	26	06	30	00	21.09	20.28
15	11	26	06	45	00	21.09	20.23
15	11	26	07	00	00	21.08	20.25
15	11	26	07	15	00	21.09	19.15
15	11	26	07	30	00	21.08	19.10
15	11	26	07	45	00	21.06	19.17
15	11	26	08	00	00	21.05	19.17
15	11	26	08	15	00	21.05	19.16
15	11	26	08	30	00	21.03	18.19
15	11	26	08	45	00	21.03	18.14
15	11	26	09	00	00	21.01	18.16
15	11	26	09	15	00	21.01	18.14
15	11	26	09	30	00	20.99	18.14
15	11	26	09	45	00	21.01	18.16
15	11	26	10	00	00	20.99	18.11
15	11	26	10	15	00	20.98	18.18
15	11	26	10	30	00	20.98	18.19
15	11	26	10	45	00	20.98	18.14
15	11	26	11	00	00	20.98	18.16
15	11	26	11	15	00	20.98	18.14
15	11	26	11	30	00	20.99	18.19
15	11	26	11	45	00	20.99	18.19
15	11	26	12	00	00	20.99	18.14
15	11	26	12	15	00	21.02	18.16
15	11	26	12	30	00	21.02	18.18
15	11	26	12	45	00	21.02	18.18
15	11	26	13	00	00	21.01	18.13
15	11	26	13	15	00	21.03	18.15
15	11	26	13	30	00	21.03	18.10
15	11	26	13	45	00	21.05	18.13
15	11	26	14	00	00	21.05	18.13
15	11	26	14	15	00	21.05	18.11
15	11	26	14	30	00	21.05	18.18
15	11	26	14	45	00	21.05	18.11
15	11	26	15	00	00	21.03	18.14
15	11	26	15	15	00	21.03	18.18
15	11	26	15	30	00	21.03	18.18
15	11	26	15	45	00	21.03	18.11
15	11	26	16	00	00	21.05	18.18
15	11	26	16	15	00	21.05	18.11
15	11	26	16	30	00	21.05	18.18
15	11	26	16	45	00	21.06	18.18
15	11	26	17	00	00	21.05	18.18
15	11	26	17	15	00	21.06	17.15
15	11	26	17	30	00	21.08	17.10
15	11	26	17	45	00	21.08	17.17
15	11	26	18	00	00	21.08	17.17
15	11	26	18	15	00	21.06	17.12
15	11	26	18	30	00	21.06	17.15
15	11	26	18	45	00	21.08	18.13
15	11	26	19	00	00	21.08	18.13
15	11	26	19	15	00	21.06	18.13
15	11	26	19	30	00	21.08	18.16
15	11	26	19	45	00	21.08	18.18
15	11	26	20	00	00	21.09	18.18
15	11	26	20	15	00	21.09	18.11
15	11	26	20	30	00	21.09	18.11
15	11	26	20	45	00	21.08	18.14
15	11	26	21	00	00	21.08	18.11
15	11	26	21	15	00	21.08	18.11
15	11	26	21	30	00	21.08	18.18
15	11	26	21	45	00	21.08	18.16
15	11	26	22	00	00	21.08	18.14
15	11	26	22	15	00	21.05	18.11
15	11	26	22	30	00	21.05	18.18
15	11	26	22	45	00	21.05	18.10
15	11	26	23	00	00	21.05	18.13
15	11	26	23	15	00	21.06	17.18
15	11	26	23	30	00	21.06	17.12
15	11	26	23	45	00	21.06	17.17
15	11	27	00	00	00	21.06	17.18
15	11	27	00	15	00	21.05	17.10
15	11	27	00	30	00	21.06	17.18
15	11	27	00	45	00	21.06	17.12
15	11	27	01	00	00	21.03	17.12
15	11	27	01	15	00	21.03	17.17
15	11	27	01	30	00	21.03	17.15
15	11	27	01	45	00	21.03	17.17
15	11	27	02	00	00	21.03	17.10
15	11	27	02	15	00	21.03	17.10
15	11	27	02	30	00	21.02	17.17
15	11	27	02	45	00	21.01	17.14
15	11	27	03	00	00	21.01	17.19
15	11	27	03	15	00	20.99	17.19
15	11	27	03	30	00	20.98	16.16
15	11	27	03	45	00	20.98	16.13
15	11	27	04	00	00	20.99	16.16
15	11	27	04	15	00	20.98	16.16
15	11	27	04	30	00	20.98	16.13
15	11	27	04	45	00	20.97	16.18
15	11	27	05	00	00	20.95	16.13
15	11	27	05	15	00	20.94	16.13
15	11	27	05	30	00	20.94	16.12
15	11	27	05	45	00	20.94	16.17
15	11	27	06	00	00	20.92	16.12
15	11	27	06	15	00	20.92	15.12
15	11	27	06	30	00	20.91	15.17
15	11	27	06	45	00	20.90	15.17
15	11	27	07	00	00	20.90	15.14
15	11	27	07	15	00	20.88	15.17
15	11	27	07	30	00	20.86	15.19
15	11	27	07	45	00	20.87	15.19
15	11	27	08	00	00	20.87	15.14
15	11	27	08	15	00	20.88	15.19
15	11	27	08	30	00	20.87	15.12
15	11	27	08	45	00	20.88	15.14
15	11	27	09	00	00	20.87	15.14
15	11	27	09	15	00	20.88	15.19
15	11	27	09	30	00	20.86	15.19
15	11	27	09	45	00	20.84	15.19
15	11	27	10	00	00	20.86	15.14
15	11	27	10	15	00	20.86	15.17
15	11	27	10	30	00	20.87	15.14
15	11	27	10	45	00	20.87	15.14
15	11	27	11	00	00	20.87	15.14
15	11	27	11	15	00	20.88	15.12
15	11	27	11	30	00	20.87	15.17
15	11	27	11	45	00	20.88	15.14
15	11	27	12	00	00	20.88	15.12
15	11	27	12	15	00	20.91	15.14
15	11	27	12	30	00	20.91	15.11
15	11	27	12	45	00	20.91	15.11
15	11	27	13	00	00	20.91	15.19
15	11	27	13	15	00	20.91	15.16
15	11	27	13	30	00	20.91	15.16
15	11	27	13	45	00	20.92	15.13
15	11	27	14	00	00	20.94	15.11
15	11	27	14	15	00	20.94	14.13
15	11	27	14	30	00	20.95	14.18
15	11	27	14	45	00	20.92	14.18
15	11	27	15	00	00	20.92	14.15
15	11	27	15	15	00	20.94	14.15
15	11	27	15	30	00	20.94	14.10
15	11	27	15	45	00	20.94	14.13
15	11	27	16	00	00	20.94	14.18
15	11	27	16	15	00	20.95	15.11
15	11	27	16	30	00	20.97	15.13
15	11	27	16	45	00	20.97	15.13
15	11	27	17	00	00	20.95	15.18
15	11	27	17	15	00	20.97	15.11
15	11	27	17	30	00	20.98	15.13
15	11	27	17	45	00	20.99	15.15
15	11	27	18	00	00	20.99	15.13
15	11	27	18	15	00	20.99	15.13
15	11	27	18	30	00	20.99	15.13
15	11	27	18	45	00	21.01	14.18
15	11	27	19	00	00	21.01	14.18
15	11	27	19	15	00	21.01	15.13
15	11	27	19	30	00	21.02	15.15
15	11	27	19	45	00	21.01	15.13
15	11	27	20	00	00	21.02	15.19
15	11	27	20	15	00	21.02	15.11
15	11	27	20	30	00	21.03	15.14
15	11	27	20	45	00	21.05	15.19
15	11	27	21	00	00	21.05	15.14
15	11	27	21	15	00	21.06	15.16
15	11	27	21	30	00	21.06	15.19
15	11	27	21	45	00	21.08	15.12
15	11	27	22	00	00	21.08	15.17
15	11	27	22	15	00	21.08	15.17
15	11	27	22	30	00	21.09	15.14
15	11	27	22	45	00	21.09	15.14
15	11	27	23	00	00	21.09	15.14
15	11	27	23	15	00	21.08	15.17
15	11	27	23	30	00	21.09	15.19
15	11	27	23	45	00	21.09	15.11
15	11	28	00	00	00	21.06	15.18
15	11	28	00	15	00	21.06	15.18
15	11	28	00	30	00	21.06	14.18
15	11	28	00	45	00	21.06	14.15
15	11	28	01	00	00	21.06	14.10
15	11	28	01	15	00	21.05	14.12
15	11	28	01	30	00	21.02	14.10
15	11	28	01	45	00	21.02	14.10
15	11	28	02	00	00	21.02	14.17
15	11	28	02	15	00	21.02	14.17
15	11	28	02	30	00	21.01	14.15
15	11	28	02	45	00	21.01	14.18
15	11	28	03	00	00	21.02	14.12
15	11	28	03	15	00	21.01	14.18
15	11	28	03	30	00	21.01	14.10
15	11	28	03	45	00	21.01	14.13
15	11	28	04	00	00	20.99	14.18
15	11	28	04	15	00	20.99	14.13
15	11	28	04	30	00	20.98	14.18
15	11	28	04	45	00	20.98	14.13
15	11	28	05	00	00	20.98	14.10
15	11	28	05	15	00	21.01	14.15
15	11	28	05	30	00	20.99	14.13
15	11	28	05	45	00	20.99	14.18
15	11	28	06	00	00	21.01	14.18
15	11	28	06	15	00	21.01	14.10
15	11	28	06	30	00	21.01	14.15
15	11	28	06	45	00	21.01	14.12
15	11	28	07	00	00	21.01	14.10
15	11	28	07	15	00	20.99	14.14
15	11	28	07	30	00	21.01	14.17
15	11	28	07	45	00	20.99	14.12
15	11	28	08	00	00	20.99	14.14
15	11	28	08	15	00	21.01	14.14
15	11	28	08	30	00	21.01	14.19
15	11	28	08	45	00	21.01	14.16
15	11	28	09	00	00	21.01	14.16
15	11	28	09	15	00	20.99	14.12
15	11	28	09	30	00	20.99	14.14
15	11	28	09	45	00	20.98	14.17
15	11	28	10	00	00	20.99	14.14
15	11	28	10	15	00	20.98	14.19
15	11	28	10	30	00	20.98	14.12
15	11	28	10	45	00	20.99	14.17
15	11	28	11	00	00	20.99	14.10
15	11	28	11	15	00	20.99	14.13
15	11	28	11	30	00	20.99	14.13
15	11	28	11	45	00	21.01	14.10
15	11	28	12	00	00	21.01	14.13
15	11	28	12	15	00	21.02	14.18
15	11	28	12	30	00	21.03	14.12
15	11	28	12	45	00	21.03	14.15
15	11	28	13	00	00	21.02	14.18
15	11	28	13	15	00	21.03	14.15
15	11	28	13	30	00	21.05	14.17
15	11	28	13	45	00	21.05	14.12
15	11	28	14	00	00	21.05	14.14
15	11	28	14	15	00	21.06	14.15
15	11	28	14	30	00	21.06	14.19
15	11	28	14	45	00	21.05	14.19
15	11	28	15	00	00	21.06	14.14
15	11	28	15	15	00	21.06	14.16
15	11	28	15	30	00	21.06	14.14
15	11	28	15	45	00	21.06	13.16
15	11	28	16	00	00	21.05	13.11
15	11	28	16	15	00	21.06	13.19
15	11	28	16	30	00	21.06	13.19
15	11	28	16	45	00	21.06	14.14
15	11	28	17	00	00	21.08	14.14
15	11	28	17	15	00	21.06	14.11
15	11	28	17	30	00	21.05	14.11
15	11	28	17	45	00	21.06	14.17
15	11	28	18	00	00	21.08	13.16
15	11	28	18	15	00	21.06	13.11
15	11	28	18	30	00	21.08	13.16
15	11	28	18	45	00	21.06	13.11
15	11	28	19	00	00	21.06	13.13
15	11	28	19	15	00	21.05	13.11
15	11	28	19	30	00	21.06	13.19
15	11	28	19	45	00	21.06	13.16
15	11	28	20	00	00	21.08	13.14
15	11	28	20	15	00	21.06	13.11
15	11	28	20	30	00	21.06	13.14
15	11	28	20	45	00	21.08	13.16
15	11	28	21	00	00	21.08	13.19
15	11	28	21	15	00	21.06	13.16
15	11	28	21	30	00	21.06	13.14
15	11	28	21	45	00	21.05	13.13
15	11	28	22	00	00	21.03	13.13
15	11	28	22	15	00	21.03	13.18
15	11	28	22	30	00	21.03	13.11
15	11	28	22	45	00	21.03	13.13
15	11	28	23	00	00	21.02	13.18
15	11	28	23	15	00	21.02	13.18
15	11	28	23	30	00	21.01	13.13
15	11	28	23	45	00	21.01	13.13
15	11	29	00	00	00	21.03	13.13
15	11	29	00	15	00	21.03	13.15
15	11	29	00	30	00	21.02	13.10
15	11	29	00	45	00	21.01	13.15
15	11	29	01	00	00	21.02	13.15
15	11	29	01	15	00	21.02	13.18
15	11	29	01	30	00	21.03	13.13
15	11	29	01	45	00	21.02	13.16
15	11	29	02	00	00	21.03	13.16
15	11	29	02	15	00	21.02	13.16
15	11	29	02	30	00	21.02	13.18
15	11	29	02	45	00	21.01	13.13
15	11	29	03	00	00	21.01	13.15
15	11	29	03	15	00	21.02	13.18
15	11	29	03	30	00	21.01	13.16
15	11	29	03	45	00	21.01	13.16
15	11	29	04	00	00	21.02	13.19
15	11	29	04	15	00	21.01	13.16
15	11	29	04	30	00	21.02	13.16
15	11	29	04	45	00	21.02	13.16
15	11	29	05	00	00	21.01	13.16
15	11	29	05	15	00	21.01	13.11
15	11	29	05	30	00	20.99	13.13
15	11	29	05	45	00	21.01	13.11
15	11	29	06	00	00	21.02	13.16
15	11	29	06	15	00	21.02	13.11
15	11	29	06	30	00	21.01	13.13
15	11	29	06	45	00	21.01	13.13
15	11	29	07	00	00	21.02	13.11
15	11	29	07	15	00	21.02	13.13
15	11	29	07	30	00	21.01	13.16
15	11	29	07	45	00	21.03	13.16
15	11	29	08	00	00	21.03	13.18
15	11	29	08	15	00	21.02	13.13
15	11	29	08	30	00	21.03	13.16
15	11	29	08	45	00	21.03	13.14
15	11	29	09	00	00	21.03	14.11
15	11	29	09	15	00	21.05	14.14
15	11	29	09	30	00	21.06	14.19
15	11	29	09	45	00	21.05	14.11
15	11	29	10	00	00	21.06	14.19
15	11	29	10	15	00	21.06	14.19
15	11	29	10	30	00	21.06	14.12
15	11	29	10	45	00	21.06	14.17
15	11	29	11	00	00	21.06	14.10
15	11	29	11	15	00	21.08	14.10
15	11	29	11	30	00	21.08	14.10
15	11	29	11	45	00	21.08	14.18
15	11	29	12	00	00	21.09	14.15
15	11	29	12	15	00	21.09	14.13
15	11	29	12	30	00	21.10	14.15
15	11	29	12	45	00	21.10	14.18
15	11	29	13	00	00	21.12	14.18
15	11	29	13	15	00	21.10	15.13
15	11	29	13	30	00	21.13	15.11
15	11	29	13	45	00	21.13	14.18
15	11	29	14	00	00	21.12	14.18
15	11	29	14	15	00	21.13	14.15
15	11	29	14	30	00	21.13	14.18
15	11	29	14	45	00	21.15	14.18
15	11	29	15	00	00	21.15	14.10
15	11	29	15	15	00	21.13	14.10
15	11	29	15	30	00	21.15	15.15
15	11	29	15	45	00	21.15	15.15
15	11	29	16	00	00	21.15	15.13
15	11	29	16	15	00	21.13	15.13
15	11	29	16	30	00	21.13	15.18
15	11	29	16	45	00	21.15	15.11
15	11	29	17	00	00	21.16	15.19
15	11	29	17	15	00	21.17	15.14
15	11	29	17	30	00	21.15	15.14
15	11	29	17	45	00	21.16	15.17
15	11	29	18	00	00	21.17	15.12
15	11	29	18	15	00	21.17	15.16
15	11	29	18	30	00	21.16	15.14
15	11	29	18	45	00	21.19	15.19
15	11	29	19	00	00	21.19	15.12
15	11	29	19	15	00	21.19	16.15
15	11	29	19	30	00	21.19	16.13
15	11	29	19	45	00	21.21	16.15
15	11	29	20	00	00	21.21	16.10
15	11	29	20	15	00	21.21	16.13
15	11	29	20	30	00	21.23	16.18
15	11	29	20	45	00	21.23	16.12
15	11	29	21	00	00	21.21	15.17
15	11	29	21	15	00	21.20	15.14
15	11	29	21	30	00	21.19	15.19
15	11	29	21	45	00	21.17	15.16
15	11	29	22	00	00	21.17	15.19
15	11	29	22	15	00	21.15	15.16
15	11	29	22	30	00	21.15	15.19
15	11	29	22	45	00	21.13	15.14
15	11	29	23	00	00	21.13	15.14
15	11	29	23	15	00	21.13	15.18
15	11	29	23	30	00	21.12	15.18
15	11	29	23	45	00	21.10	15.13
15	11	30	00	00	00	21.10	15.13
15	11	30	00	15	00	21.10	15.11
15	11	30	00	30	00	21.10	15.18
15	11	30	00	45	00	21.10	15.18
15	11	30	01	00	00	21.10	15.18
15	11	30	01	15	00	21.10	15.13
15	11	30	01	30	00	21.10	15.18
15	11	30	01	45	00	21.10	15.19
15	11	30	02	00	00	21.12	15.14
15	11	30	02	15	00	21.12	15.17
15	11	30	02	30	00	21.12	15.14
15	11	30	02	45	00	21.12	15.15
15	11	30	03	00	00	21.12	16.15
15	11	30	03	15	00	21.13	16.10
15	11	30	03	30	00	21.12	16.15
15	11	30	03	45	00	21.13	15.17
15	11	30	04	00	00	21.13	15.10
15	11	30	04	15	00	21.13	15.17
15	11	30	04	30	00	21.13	15.19
15	11	30	04	45	00	21.13	15.14
15	11	30	05	00	00	21.12	15.12
15	11	30	05	15	00	21.12	15.12
15	11	30	05	30	00	21.13	15.12
15	11	30	05	45	00	21.12	15.16
15	11	30	06	00	00	21.13	15.19
15	11	30	06	15	00	21.12	15.14
15	11	30	06	30	00	21.10	15.17
15	11	30	06	45	00	21.10	15.14
15	11	30	07	00	00	21.08	15.15
15	11	30	07	15	00	21.09	15.19
15	11	30	07	30	00	21.10	16.15
15	11	30	07	45	00	21.10	16.18
15	11	30	08	00	00	21.12	16.11
15	11	30	08	15	00	21.13	16.11
15	11	30	08	30	00	21.13	16.11
15	11	30	08	45	00	21.15	17.11
15	11	30	09	00	00	21.10	17.12
15	11	30	09	15	00	21.13	18.11
15	11	30	09	30	00	21.21	19.19
15	11	30	09	45	00	21.26	18.17
15	11	30	10	00	00	21.20	18.19
15	11	30	10	15	00	21.24	18.14
15	11	30	10	30	00	21.21	19.16
15	11	30	10	45	00	21.26	19.19
15	11	30	11	00	00	21.23	19.17
15	11	30	11	15	00	21.27	19.15
15	11	30	11	30	00	21.37	20.23
15	11	30	11	45	00	21.41	20.23
15	11	30	12	00	00	21.42	21.22
15	11	30	12	15	00	21.45	22.25
15	11	30	12	30	00	21.46	21.27
15	11	30	12	45	00	21.48	20.26
15	11	30	13	00	00	21.50	20.29
15	11	30	13	15	00	21.56	21.29
15	11	30	13	30	00	21.48	20.21
15	11	30	13	45	00	21.48	21.27
15	11	30	14	00	00	21.57	21.24
15	11	30	14	15	00	21.71	21.24
15	11	30	14	30	00	21.69	21.29
15	11	30	14	45	00	21.68	21.22
15	11	30	15	00	00	21.64	21.25
15	11	30	15	15	00	21.72	21.29
15	11	30	15	30	00	21.85	22.23
15	11	30	15	45	00	21.85	21.26
15	11	30	16	00	00	21.86	21.29
15	11	30	16	15	00	21.83	21.22
15	11	30	16	30	00	21.82	21.24
15	11	30	16	45	00	21.80	21.25
15	11	30	17	00	00	21.82	21.24
15	11	30	17	15	00	21.80	21.24
15	11	30	17	30	00	21.79	21.27
15	11	30	17	45	00	21.78	21.29
15	11	30	18	00	00	21.76	21.27
15	11	30	18	15	00	21.76	21.29
15	11	30	18	30	00	21.75	21.22
15	11	30	18	45	00	21.72	21.22
15	11	30	19	00	00	21.69	21.21
15	11	30	19	15	00	21.67	21.24
15	11	30	19	30	00	21.62	21.27
15	11	30	19	45	00	21.60	21.27
15	11	30	20	00	00	21.58	21.29
15	11	30	20	15	00	21.56	21.22
15	11	30	20	30	00	21.56	21.26
15	11	30	20	45	00	21.54	21.22
15	11	30	21	00	00	21.50	20.26
15	11	30	21	15	00	21.50	20.21
15	11	30	21	30	00	21.49	20.29
15	11	30	21	45	00	21.48	20.21
15	11	30	22	00	00	21.46	20.23
15	11	30	22	15	00	21.45	20.26
15	11	30	22	30	00	21.42	20.23
15	11	30	22	45	00	21.41	20.28
15	11	30	23	00	00	21.39	20.28
15	11	30	23	15	00	21.39	19.18
15	11	30	23	30	00	21.41	19.15
15	11	30	23	45	00	21.42	20.25
15	12	01	00	00	00	21.44	20.23
15	12	01	00	15	00	21.45	20.28
15	12	01	00	30	00	21.45	20.25
15	12	01	00	45	00	21.44	20.25
15	12	01	01	00	00	21.45	20.23
15	12	01	01	15	00	21.45	19.15
15	12	01	01	30	00	21.45	19.13
15	12	01	01	45	00	21.45	19.18
15	12	01	02	00	00	21.45	19.10
15	12	01	02	15	00	21.44	19.13
15	12	01	02	30	00	21.45	19.18
15	12	01	02	45	00	21.41	20.20
15	12	01	03	00	00	21.41	20.20
15	12	01	03	15	00	21.41	20.23
15	12	01	03	30	00	21.39	20.25
15	12	01	03	45	00	21.39	20.28
15	12	01	04	00	00	21.41	20.28
15	12	01	04	15	00	21.39	20.28
15	12	01	04	30	00	21.38	20.28
15	12	01	04	45	00	21.37	20.20
15	12	01	05	00	00	21.35	20.20
15	12	01	05	15	00	21.35	20.26
15	12	01	05	30	00	21.34	20.20
15	12	01	05	45	00	21.35	20.26
15	12	01	06	00	00	21.34	20.28
15	12	01	06	15	00	21.32	20.21
15	12	01	06	30	00	21.32	20.23
15	12	01	06	45	00	21.35	20.23
15	12	01	07	00	00	21.34	20.26
15	12	01	07	15	00	21.34	20.26
15	12	01	07	30	00	21.35	20.28
15	12	01	07	45	00	21.35	20.28
15	12	01	08	00	00	21.34	20.21
15	12	01	08	15	00	21.35	20.24
15	12	01	08	30	00	21.35	20.24
15	12	01	08	45	00	21.35	20.29
15	12	01	09	00	00	21.37	21.29
15	12	01	09	15	00	21.38	21.22
15	12	01	09	30	00	21.27	21.22
15	12	01	09	45	00	21.23	22.25
15	12	01	10	00	00	21.20	22.26
15	12	01	10	15	00	21.35	23.24
15	12	01	10	30	00	21.34	23.23
15	12	01	10	45	00	21.32	23.21
15	12	01	11	00	00	21.32	23.21
15	12	01	11	15	00	21.38	23.21
15	12	01	11	30	00	21.49	23.29
15	12	01	11	45	00	21.56	23.28
15	12	01	12	00	00	21.60	23.26
15	12	01	12	15	00	21.62	23.29
15	12	01	12	30	00	21.67	23.26
15	12	01	12	45	00	21.72	24.22
15	12	01	13	00	00	21.82	24.29
15	12	01	13	15	00	21.83	24.29
15	12	01	13	30	00	21.76	24.29
15	12	01	13	45	00	21.71	24.20
15	12	01	14	00	00	21.76	24.25
15	12	01	14	15	00	21.71	24.29
15	12	01	14	30	00	21.68	24.22
15	12	01	14	45	00	21.85	24.27
15	12	01	15	00	00	21.87	24.27
15	12	01	15	15	00	21.90	24.29
15	12	01	15	30	00	21.91	24.24
15	12	01	15	45	00	21.91	24.27
15	12	01	16	00	00	21.89	24.27
15	12	01	16	15	00	21.86	24.27
15	12	01	16	30	00	21.86	24.29
15	12	01	16	45	00	21.85	24.24
15	12	01	17	00	00	21.85	24.20
15	12	01	17	15	00	21.83	24.22
15	12	01	17	30	00	21.85	24.22
15	12	01	17	45	00	21.83	24.25
15	12	01	18	00	00	21.83	25.20
15	12	01	18	15	00	21.83	24.22
15	12	01	18	30	00	21.83	24.27
15	12	01	18	45	00	21.83	24.29
15	12	01	19	00	00	21.82	25.20
15	12	01	19	15	00	21.80	25.27
15	12	01	19	30	00	21.82	25.27
15	12	01	19	45	00	21.80	25.22
15	12	01	20	00	00	21.80	25.22
15	12	01	20	15	00	21.80	25.22
15	12	01	20	30	00	21.80	25.25
15	12	01	20	45	00	21.79	25.27
15	12	01	21	00	00	21.79	25.27
15	12	01	21	15	00	21.78	25.20
15	12	01	21	30	00	21.78	24.29
15	12	01	21	45	00	21.78	24.25
15	12	01	22	00	00	21.76	24.20
15	12	01	22	15	00	21.75	24.25
15	12	01	22	30	00	21.75	24.27
15	12	01	22	45	00	21.74	24.22
15	12	01	23	00	00	21.75	24.25
15	12	01	23	15	00	21.75	25.25
15	12	01	23	30	00	21.72	25.20
15	12	01	23	45	00	21.72	25.22
15	12	02	00	00	00	21.75	25.25
15	12	02	00	15	00	21.72	25.22
15	12	02	00	30	00	21.74	25.20
15	12	02	00	45	00	21.72	25.20
15	12	02	01	00	00	21.71	26.28
15	12	02	01	15	00	21.71	26.23
15	12	02	01	30	00	21.69	26.20
15	12	02	01	45	00	21.71	26.28
15	12	02	02	00	00	21.71	26.23
15	12	02	02	15	00	21.68	26.20
15	12	02	02	30	00	21.68	26.26
15	12	02	02	45	00	21.67	26.25
15	12	02	03	00	00	21.67	26.23
15	12	02	03	15	00	21.67	26.23
15	12	02	03	30	00	21.67	26.20
15	12	02	03	45	00	21.65	26.28
15	12	02	04	00	00	21.65	26.28
15	12	02	04	15	00	21.65	26.20
15	12	02	04	30	00	21.64	26.26
15	12	02	04	45	00	21.62	26.26
15	12	02	05	00	00	21.62	26.25
15	12	02	05	15	00	21.62	26.20
15	12	02	05	30	00	21.62	26.23
15	12	02	05	45	00	21.58	26.26
15	12	02	06	00	00	21.58	26.26
15	12	02	06	15	00	21.58	26.23
15	12	02	06	30	00	21.60	26.28
15	12	02	06	45	00	21.57	27.23
15	12	02	07	00	00	21.57	27.26
15	12	02	07	15	00	21.57	27.23
15	12	02	07	30	00	21.56	27.24
15	12	02	07	45	00	21.58	27.24
15	12	02	08	00	00	21.58	27.21
15	12	02	08	15	00	21.58	27.26
15	12	02	08	30	00	21.61	27.29
15	12	02	08	45	00	21.62	27.24
15	12	02	09	00	00	21.61	27.24
15	12	02	09	15	00	21.67	28.24
15	12	02	09	30	00	21.71	28.21
15	12	02	09	45	00	21.74	27.29
15	12	02	10	00	00	21.71	28.29
15	12	02	10	15	00	21.71	28.29
15	12	02	10	30	00	21.71	28.24
15	12	02	10	45	00	21.72	28.24
15	12	02	11	00	00	21.72	28.29
15	12	02	11	15	00	21.75	28.24
15	12	02	11	30	00	21.76	28.29
15	12	02	11	45	00	21.78	28.23
15	12	02	12	00	00	21.82	28.29
15	12	02	12	15	00	21.85	28.21
15	12	02	12	30	00	21.85	28.24
15	12	02	12	45	00	21.87	28.29
15	12	02	13	00	00	21.86	28.21
15	12	02	13	15	00	21.89	29.23
15	12	02	13	30	00	21.89	29.21
15	12	02	13	45	00	21.90	29.23
15	12	02	14	00	00	22.00	28.28
15	12	02	14	15	00	22.00	28.26
15	12	02	14	30	00	22.01	29.21
15	12	02	14	45	00	21.97	28.24
15	12	02	15	00	00	22.04	28.29
15	12	02	15	15	00	22.07	28.26
15	12	02	15	30	00	22.05	28.24
15	12	02	15	45	00	22.05	28.29
15	12	02	16	00	00	22.02	28.21
15	12	02	16	15	00	22.05	28.24
15	12	02	16	30	00	22.04	28.24
15	12	02	16	45	00	22.01	28.21
15	12	02	17	00	00	21.98	28.29
15	12	02	17	15	00	21.98	28.26
15	12	02	17	30	00	21.97	28.24
15	12	02	17	45	00	21.96	28.26
15	12	02	18	00	00	21.94	28.21
15	12	02	18	15	00	21.93	29.26
15	12	02	18	30	00	21.93	29.21
15	12	02	18	45	00	21.91	29.23
15	12	02	19	00	00	21.93	29.26
15	12	02	19	15	00	21.91	29.26
15	12	02	19	30	00	21.87	29.21
15	12	02	19	45	00	21.86	29.21
15	12	02	20	00	00	21.87	29.21
15	12	02	20	15	00	21.86	29.26
15	12	02	20	30	00	21.85	29.21
15	12	02	20	45	00	21.80	29.24
15	12	02	21	00	00	21.80	29.29
15	12	02	21	15	00	21.79	28.26
15	12	02	21	30	00	21.78	28.24
15	12	02	21	45	00	21.76	28.21
15	12	02	22	00	00	21.74	28.29
15	12	02	22	15	00	21.72	28.29
15	12	02	22	30	00	21.72	28.29
15	12	02	22	45	00	21.72	28.26
15	12	02	23	00	00	21.71	28.29
15	12	02	23	15	00	21.71	28.21
15	12	02	23	30	00	21.69	28.29
15	12	02	23	45	00	21.67	28.21
15	12	03	00	00	00	21.68	28.29
15	12	03	00	15	00	21.67	28.21
15	12	03	00	30	00	21.67	28.29
15	12	03	00	45	00	21.67	28.26
15	12	03	01	00	00	21.65	28.24
15	12	03	01	15	00	21.64	28.29
15	12	03	01	30	00	21.62	28.28
15	12	03	01	45	00	21.62	28.26
15	12	03	02	00	00	21.62	28.26
15	12	03	02	15	00	21.61	28.24
15	12	03	02	30	00	21.61	28.21
15	12	03	02	45	00	21.61	28.21
15	12	03	03	00	00	21.60	28.21
15	12	03	03	15	00	21.62	28.24
15	12	03	03	30	00	21.60	28.26
15	12	03	03	45	00	21.61	28.29
15	12	03	04	00	00	21.61	28.26
15	12	03	04	15	00	21.60	28.23
15	12	03	04	30	00	21.60	28.26
15	12	03	04	45	00	21.60	28.26
15	12	03	05	00	00	21.61	28.29
15	12	03	05	15	00	21.60	28.26
15	12	03	05	30	00	21.60	28.26
15	12	03	05	45	00	21.58	28.29
15	12	03	06	00	00	21.60	28.21
15	12	03	06	15	00	21.58	28.26
15	12	03	06	30	00	21.58	28.21
15	12	03	06	45	00	21.58	28.28
15	12	03	07	00	00	21.57	28.26
15	12	03	07	15	00	21.57	28.21
15	12	03	07	30	00	21.54	28.29
15	12	03	07	45	00	21.56	28.26
15	12	03	08	00	00	21.54	28.21
15	12	03	08	15	00	21.54	28.26
15	12	03	08	30	00	21.54	28.29
15	12	03	08	45	00	21.53	28.23
15	12	03	09	00	00	21.53	28.21
15	12	03	09	15	00	21.53	28.29
15	12	03	09	30	00	21.54	28.24
15	12	03	09	45	00	21.54	29.21
15	12	03	10	00	00	21.56	29.24
15	12	03	10	15	00	21.56	29.26
15	12	03	10	30	00	21.54	29.26
15	12	03	10	45	00	21.65	29.27
15	12	03	11	00	00	21.62	29.27
15	12	03	11	15	00	21.61	31.34
15	12	03	11	30	00	21.60	33.35
15	12	03	11	45	00	21.56	34.30
15	12	03	12	00	00	21.61	36.36
15	12	03	12	15	00	21.71	38.33
15	12	03	12	30	00	21.76	39.30
15	12	03	12	45	00	21.86	35.39
15	12	03	13	00	00	21.94	36.39
15	12	03	13	15	00	21.98	36.39
15	12	03	13	30	00	21.94	38.39
15	12	03	13	45	00	21.86	40.48
15	12	03	14	00	00	21.80	42.40
15	12	03	14	15	00	21.78	42.44
15	12	03	14	30	00	21.96	41.47
15	12	03	14	45	00	22.07	41.44
15	12	03	15	00	00	22.12	42.42
15	12	03	15	15	00	22.22	42.42
15	12	03	15	30	00	22.22	42.43
15	12	03	15	45	00	22.23	41.47
15	12	03	16	00	00	22.22	41.46
15	12	03	16	15	00	22.23	41.44
15	12	03	16	30	00	22.22	41.47
15	12	03	16	45	00	22.20	40.40
15	12	03	17	00	00	22.19	41.45
15	12	03	17	15	00	22.15	41.46
15	12	03	17	30	00	22.12	41.49
15	12	03	17	45	00	22.09	41.46
15	12	03	18	00	00	22.14	41.49
15	12	03	18	15	00	22.14	40.49
15	12	03	18	30	00	22.12	41.44
15	12	03	18	45	00	22.12	40.47
15	12	03	19	00	00	22.12	40.49
15	12	03	19	15	00	22.12	40.47
15	12	03	19	30	00	22.07	41.42
15	12	03	19	45	00	22.08	40.42
15	12	03	20	00	00	22.09	40.47
15	12	03	20	15	00	22.07	40.45
15	12	03	20	30	00	22.04	40.42
15	12	03	20	45	00	22.07	40.43
15	12	03	21	00	00	22.02	40.46
15	12	03	21	15	00	21.98	39.38
15	12	03	21	30	00	21.98	39.38
15	12	03	21	45	00	21.97	39.34
15	12	03	22	00	00	21.94	39.33
15	12	03	22	15	00	21.93	39.39
15	12	03	22	30	00	21.91	39.34
15	12	03	22	45	00	21.89	39.37
15	12	03	23	00	00	21.87	39.39
15	12	03	23	15	00	21.85	39.39
15	12	03	23	30	00	21.83	39.30
15	12	03	23	45	00	21.83	39.31
15	12	04	00	00	00	21.82	38.34
15	12	04	00	15	00	21.82	38.37
15	12	04	00	30	00	21.79	38.35
15	12	04	00	45	00	21.78	37.30
15	12	04	01	00	00	21.76	37.38
15	12	04	01	15	00	21.72	37.31
15	12	04	01	30	00	21.71	37.38
15	12	04	01	45	00	21.72	36.39
15	12	04	02	00	00	21.68	36.36
15	12	04	02	15	00	21.67	36.36
15	12	04	02	30	00	21.65	36.37
15	12	04	02	45	00	21.64	36.37
15	12	04	03	00	00	21.62	36.32
15	12	04	03	15	00	21.61	36.32
15	12	04	03	30	00	21.60	36.39
15	12	04	03	45	00	21.57	36.39
15	12	04	04	00	00	21.58	36.34
15	12	04	04	15	00	21.58	36.39
15	12	04	04	30	00	21.56	36.36
15	12	04	04	45	00	21.54	36.39
15	12	04	05	00	00	21.54	36.36
15	12	04	05	15	00	21.54	36.39
15	12	04	05	30	00	21.54	36.39
15	12	04	05	45	00	21.50	36.39
15	12	04	06	00	00	21.50	36.39
15	12	04	06	15	00	21.50	36.32
15	12	04	06	30	00	21.50	36.37
15	12	04	06	45	00	21.49	35.39
15	12	04	07	00	00	21.48	35.30
15	12	04	07	15	00	21.48	35.37
15	12	04	07	30	00	21.48	35.32
15	12	04	07	45	00	21.48	35.34
15	12	04	08	00	00	21.48	35.37
15	12	04	08	15	00	21.45	35.35
15	12	04	08	30	00	21.48	35.37
15	12	04	08	45	00	21.48	36.37
15	12	04	09	00	00	21.46	36.39
15	12	04	09	15	00	21.45	36.34
15	12	04	09	30	00	21.48	37.39
15	12	04	09	45	00	21.48	37.35
15	12	04	10	00	00	21.46	39.39
15	12	04	10	15	00	21.48	41.47
15	12	04	10	30	00	21.38	42.45
15	12	04	10	45	00	21.35	42.45
15	12	04	11	00	00	21.60	42.47
15	12	04	11	15	00	21.69	42.45
15	12	04	11	30	00	21.49	44.45
15	12	04	11	45	00	21.58	45.46
15	12	04	12	00	00	21.67	44.47
15	12	04	12	15	00	21.78	42.47
15	12	04	12	30	00	21.93	41.46
15	12	04	12	45	00	22.01	40.40
15	12	04	13	00	00	22.08	39.38
15	12	04	13	15	00	22.15	39.39
15	12	04	13	30	00	22.14	39.36
15	12	04	13	45	00	22.11	39.34
15	12	04	14	00	00	22.18	39.32
15	12	04	14	15	00	22.18	38.37
15	12	04	14	30	00	22.15	38.35
